model/data/bioclim/bclim18.asc
NCOLS 300 
NROWS 300 
XLLCORNER -125.250000000003 
YLLCORNER 30.7499999999996 
CELLSIZE 0.041666666666667 
NODATA_value -32768 
[rows 0 to 41 of 300, columns 95 to 189 of 300]
69 60 55 53 54 51 51 56 55 52 52 52 52 52 52 54 54 54 54 54 54 54 55 55 55 57 57 56 56 54 54 54 55 55 55 55 54 52 53 54 55 55 54 52 51 52 52 52 52 50 49 49 48 48 48 49 48 48 49 49 49 49 49 49 52 51 49 50 50 54 53 51 55 57 59 61 59 57 55 54 51 52 52 52 54 54 54 54 51 51 48 51 55 58 57
63 60 57 54 51 51 52 52 55 55 52 52 52 53 54 56 56 57 58 54 54 54 56 56 55 56 56 57 57 54 54 53 53 55 56 56 56 55 53 55 55 55 56 55 55 55 55 53 52 52 51 49 49 49 50 50 49 49 49 49 50 51 49 50 51 51 51 50 50 50 50 50 52 56 62 62 59 53 51 51 51 52 52 52 54 54 51 51 51 51 52 55 59 59 59
60 56 56 53 52 52 52 52 52 53 53 53 54 56 58 60 60 60 60 55 54 56 57 56 56 56 57 59 56 55 54 53 54 56 60 57 56 54 55 55 56 56 56 55 55 55 55 55 56 53 53 50 50 50 51 52 50 50 50 50 50 50 49 51 51 51 52 52 51 53 53 52 53 55 59 59 54 51 51 51 52 52 52 52 52 52 51 51 55 55 56 58 57 56 57
56 56 54 53 53 52 52 53 53 53 53 56 60 60 61 63 64 61 58 57 57 58 58 57 57 56 59 57 56 56 54 54 57 57 57 57 55 54 54 56 56 56 56 55 55 56 56 56 56 56 56 56 53 50 53 54 51 50 50 50 51 51 51 51 51 52 58 60 55 56 62 62 59 59 59 52 51 51 51 52 54 52 52 52 51 47 50 51 53 55 55 55 55 55 56
58 57 57 55 55 54 56 56 57 56 53 57 60 60 59 57 57 60 59 59 60 61 60 57 57 57 56 56 56 56 55 54 55 58 58 57 54 54 57 58 58 57 56 55 57 57 57 57 57 57 57 57 57 54 54 55 54 52 50 50 51 51 54 55 51 53 55 60 63 60 59 58 56 52 52 52 52 51 51 52 52 55 52 52 50 48 47 51 51 55 55 55 55 54 54
66 61 59 58 57 61 66 60 61 64 63 62 56 55 53 53 53 59 61 59 61 61 59 59 58 56 55 56 57 56 56 55 58 59 59 58 55 54 58 60 59 58 55 57 57 57 57 57 57 57 57 57 57 57 56 57 58 56 52 51 51 51 51 53 55 56 60 62 67 64 60 59 55 52 50 52 52 53 53 52 51 51 51 50 47 47 48 51 51 52 53 54 55 54 54
67 68 65 61 58 59 66 66 66 67 72 71 53 53 53 53 56 60 60 61 61 61 61 59 58 56 57 56 55 55 55 59 61 60 59 58 55 56 61 61 59 57 59 60 58 58 58 57 57 57 57 57 57 58 56 56 58 56 51 53 53 53 53 53 56 60 61 63 64 67 64 56 52 52 56 59 56 53 53 52 51 51 50 50 48 48 50 51 51 52 53 54 54 54 54
67 68 65 60 58 59 63 67 67 71 62 63 53 53 53 53 57 62 57 60 62 60 60 59 58 58 58 57 57 57 56 63 67 60 59 59 56 59 61 61 58 57 58 58 58 58 58 58 57 58 56 56 56 56 58 57 59 55 51 53 53 56 57 57 56 60 64 67 67 69 57 50 51 52 61 63 59 56 53 52 51 51 50 50 49 48 48 51 50 49 50 51 52 54 51
60 68 63 59 59 59 63 66 69 71 62 56 53 53 53 54 57 61 63 59 59 59 59 59 59 59 59 58 58 58 58 60 62 60 60 59 60 60 60 59 58 56 56 58 58 58 58 55 55 58 58 57 56 56 57 59 59 53 50 53 56 60 63 62 60 61 65 68 69 60 49 52 52 52 59 61 61 56 53 51 51 51 50 50 49 47 48 49 48 48 49 50 50 51 52
65 64 61 59 59 59 63 66 68 72 64 59 53 53 54 54 54 57 61 61 58 59 60 59 59 59 59 59 58 58 56 61 61 60 60 60 61 60 58 56 56 55 53 58 58 58 55 55 55 55 55 56 56 56 56 57 57 51 51 54 57 60 64 67 64 64 69 71 67 50 50 52 52 57 61 61 61 57 53 51 50 49 49 49 49 47 47 46 48 50 50 50 52 54 54
64 61 59 59 59 59 61 64 68 59 64 63 54 54 54 54 55 55 59 60 59 59 60 58 58 58 58 58 59 59 58 60 59 59 59 59 59 58 57 53 53 53 53 57 57 56 55 55 54 55 55 55 54 55 57 57 56 54 53 56 60 63 67 71 70 69 72 72 53 50 48 50 55 61 61 62 61 58 56 55 52 49 49 49 49 47 47 47 48 50 50 50 51 52 54
62 61 59 59 60 60 61 64 68 59 63 67 54 54 54 54 55 55 57 56 59 61 60 59 57 54 54 56 56 60 60 60 58 58 57 57 57 57 54 53 53 53 55 56 56 56 55 55 55 54 54 54 53 54 54 54 57 59 55 57 63 67 71 74 79 78 77 58 50 51 49 50 52 53 54 52 55 54 53 53 52 49 48 48 47 47 48 48 48 48 50 50 52 53 54
59 60 58 60 61 62 63 64 68 70 60 61 62 58 55 55 55 55 54 54 55 61 61 59 55 53 53 53 57 61 60 60 57 56 56 55 55 54 53 53 53 53 56 56 56 55 55 53 52 52 53 53 53 53 53 54 57 60 57 57 62 69 74 78 84 84 71 52 50 54 53 47 53 53 52 49 49 49 50 50 50 48 48 48 47 47 48 48 48 48 50 52 54 54 53
59 58 60 61 62 62 63 66 67 69 59 62 62 60 68 68 63 57 54 54 54 61 62 58 53 53 53 58 61 61 58 56 55 54 54 54 54 54 54 53 58 59 56 56 56 56 55 53 53 52 52 52 53 53 53 56 58 60 60 57 57 67 73 76 85 89 62 50 49 51 51 47 53 53 51 50 49 49 49 48 48 48 48 48 47 47 48 48 48 48 50 51 52 53 54
60 60 61 62 63 63 66 58 58 71 60 62 65 65 62 70 62 66 56 53 53 56 62 58 52 52 55 64 61 61 58 56 54 54 53 53 53 53 52 54 64 59 57 56 56 56 56 56 55 53 52 52 52 52 53 56 60 60 59 59 57 59 64 76 86 86 59 48 47 47 50 54 53 50 50 48 49 49 49 48 48 48 48 48 47 48 48 48 48 49 49 50 52 54 56
63 64 62 62 62 63 67 59 62 58 58 62 62 62 60 67 62 67 60 54 54 53 54 57 53 52 55 62 61 60 58 57 57 56 53 53 53 53 55 62 60 57 56 57 56 56 56 56 53 52 52 52 52 52 52 53 57 59 59 60 61 60 64 69 79 71 51 46 46 46 50 53 51 49 47 47 47 49 49 48 48 48 48 49 49 49 48 48 51 51 50 52 52 54 56
57 60 61 59 60 62 64 67 71 58 58 63 68 61 70 63 60 68 65 57 54 53 53 54 55 52 59 63 63 65 64 60 58 53 53 53 53 59 61 61 60 57 56 56 55 56 53 52 52 52 52 52 52 52 51 51 55 61 61 61 62 64 66 69 65 59 47 46 46 46 49 51 49 48 47 47 47 48 49 49 48 48 49 51 52 51 48 48 49 52 52 52 53 54 55
54 55 56 59 60 59 62 64 66 62 66 62 63 57 67 64 63 63 70 63 58 58 54 53 53 60 68 66 63 64 65 61 58 53 52 52 63 73 64 61 61 59 56 56 55 55 53 52 52 52 52 52 51 51 51 51 51 61 64 64 64 68 73 66 51 52 46 46 46 46 51 51 47 46 46 47 47 49 49 49 49 48 50 52 56 55 50 48 50 52 54 55 55 56 56
53 56 58 57 58 59 60 63 68 62 65 59 55 68 66 63 63 63 67 67 60 56 56 55 53 64 68 66 62 59 59 58 54 52 50 51 67 73 69 67 62 60 57 55 55 53 53 53 53 53 53 52 51 51 50 50 50 50 59 64 67 69 73 55 48 48 46 46 46 46 47 46 46 46 46 46 47 50 50 49 49 50 52 52 54 55 50 49 52 55 55 56 55 56 56
53 57 57 57 58 58 58 61 63 65 67 68 54 58 68 63 62 65 67 57 63 58 60 60 54 65 68 63 60 59 58 58 54 50 50 54 74 69 69 64 61 60 58 55 54 55 56 57 54 53 53 53 54 52 50 50 50 50 54 57 57 62 58 50 46 46 46 46 46 47 46 46 46 46 46 46 47 50 51 49 51 50 52 53 53 53 51 53 55 57 57 56 56 55 55
54 57 61 63 61 58 58 59 62 62 64 64 67 57 55 65 65 67 58 58 66 63 63 56 59 59 68 65 63 59 58 58 55 50 50 63 74 62 61 61 60 60 59 55 56 57 64 64 57 56 56 55 54 54 50 50 50 50 54 54 53 57 57 49 46 46 46 46 48 48 47 47 47 47 47 48 48 50 51 53 55 55 52 54 54 55 55 56 57 57 57 57 56 55 56
59 61 60 60 62 60 58 59 62 62 64 64 65 54 60 56 65 66 55 54 65 60 60 56 60 69 58 71 64 60 59 58 58 51 50 55 62 61 61 60 60 60 58 55 57 57 62 67 63 56 55 54 53 53 52 50 50 50 54 54 55 61 55 46 46 45 46 49 51 50 47 47 47 47 47 50 54 54 55 55 55 61 57 54 54 56 58 57 57 57 57 58 56 56 56
61 61 58 59 61 61 61 61 62 65 66 65 65 52 58 59 55 65 65 61 59 56 55 55 61 68 59 62 68 62 59 59 62 58 50 49 54 60 60 60 60 60 56 55 58 58 61 63 60 56 55 56 53 52 50 49 49 57 61 57 57 55 50 46 45 44 46 47 51 51 48 50 47 47 48 52 58 62 62 57 56 60 61 57 54 58 61 63 60 58 58 59 57 56 56
56 57 57 58 59 63 63 62 62 65 66 53 63 61 66 58 55 62 58 58 54 54 55 60 67 58 68 67 64 59 59 61 64 62 49 49 50 57 61 60 60 59 56 55 55 56 60 57 56 53 53 53 53 52 52 50 50 57 60 59 57 50 47 46 43 44 46 46 49 55 50 49 47 50 51 55 61 67 68 56 53 54 58 57 53 56 60 64 60 60 59 59 59 56 56
55 58 56 57 58 61 63 62 62 63 63 53 63 59 61 55 67 64 58 57 54 53 57 63 62 62 63 59 59 59 58 60 64 60 48 49 50 56 60 60 60 56 55 55 55 57 60 59 56 56 53 53 53 54 53 52 54 54 55 54 58 50 49 46 43 46 46 48 48 51 48 47 48 50 51 54 61 65 67 57 53 53 51 52 52 55 60 64 60 60 60 61 59 59 59
51 55 55 56 56 58 60 62 62 62 63 64 61 59 58 58 60 58 54 54 54 52 52 60 65 65 63 61 59 58 58 58 60 49 48 49 52 54 60 60 59 58 52 53 55 57 58 59 56 56 54 53 55 56 55 55 54 53 53 50 60 57 53 47 43 43 44 48 49 48 50 52 54 54 55 58 63 65 70 64 61 54 51 51 51 56 60 60 63 62 61 62 62 62 60
48 49 52 55 56 57 59 60 62 59 62 63 58 61 58 55 58 56 54 53 53 52 52 57 68 65 63 61 59 59 59 59 54 47 47 47 49 58 60 60 59 56 52 52 55 58 58 58 59 60 60 56 56 55 59 59 55 53 51 50 56 65 56 54 46 43 43 46 48 54 58 58 66 60 58 61 65 68 72 70 73 59 51 49 49 53 60 57 65 64 63 64 65 63 62
48 48 50 55 55 56 59 60 60 62 62 61 60 63 60 61 62 56 53 53 52 50 50 55 63 68 63 56 60 59 58 58 46 46 47 47 48 56 58 59 58 55 52 52 59 59 58 58 58 60 63 63 58 55 58 59 59 52 50 50 53 66 67 71 50 43 43 46 50 58 64 64 71 68 62 64 63 65 66 69 71 60 51 49 49 50 53 55 64 66 64 62 63 62 60
51 48 48 52 54 54 56 58 59 60 61 60 62 60 62 62 50 57 52 51 51 50 49 52 65 62 65 61 63 60 58 52 50 50 49 45 48 61 62 59 56 53 51 55 60 60 58 58 58 59 59 59 59 62 59 52 51 48 51 49 50 60 64 60 46 43 43 46 50 57 64 68 74 73 64 61 58 55 55 56 57 61 56 49 49 50 50 53 58 65 64 62 62 62 61
57 48 48 50 52 54 55 55 57 59 59 59 59 60 62 55 58 55 51 51 51 49 49 49 60 57 59 56 68 59 55 52 52 56 53 45 49 64 60 57 56 53 51 57 60 59 58 58 58 57 56 55 55 59 56 52 50 47 48 46 48 56 57 53 43 43 43 48 53 54 57 68 75 78 63 56 53 52 53 54 53 54 54 49 49 49 50 50 53 60 60 62 62 62 62
51 52 51 49 50 52 52 54 55 57 57 56 59 60 60 60 58 59 56 50 50 49 49 49 61 65 62 61 67 57 52 52 52 56 60 49 48 61 59 56 59 53 51 58 61 60 61 60 59 58 55 55 57 56 55 52 48 48 45 44 47 53 52 43 43 43 46 51 62 57 61 61 66 74 62 55 53 53 53 56 55 52 51 49 47 47 48 50 52 55 55 57 59 62 63
49 50 51 51 50 50 52 51 53 54 55 55 56 59 59 58 58 58 54 50 49 48 48 50 62 60 65 59 57 54 52 54 54 56 64 55 51 57 58 58 57 54 53 58 58 60 62 63 58 54 53 57 58 58 54 51 47 44 44 44 44 48 44 45 43 48 47 52 62 60 57 53 54 54 58 56 56 59 57 55 53 51 50 49 47 47 48 48 52 55 56 62 59 57 60
48 48 48 48 48 49 50 50 51 53 53 55 55 56 56 54 55 55 51 49 48 48 48 51 54 56 55 49 50 51 52 52 56 58 63 56 56 59 55 59 57 55 55 55 58 62 63 61 57 54 54 54 52 52 51 48 44 44 44 43 43 43 45 45 45 48 50 59 67 68 54 47 45 47 56 60 60 60 57 53 51 52 52 52 46 46 47 49 55 62 60 65 65 62 62
48 51 48 48 48 49 50 50 51 53 53 53 52 52 52 52 53 54 51 49 48 48 50 53 54 67 57 44 44 48 51 54 59 60 59 55 57 59 53 62 59 58 55 55 58 65 65 61 58 57 57 57 54 50 46 49 53 50 44 42 42 42 48 48 47 45 48 59 64 66 61 48 42 42 49 56 62 60 63 54 52 53 53 53 46 46 48 48 55 62 68 71 68 66 65
48 51 48 48 48 48 49 49 50 51 55 52 51 52 52 52 52 52 50 47 47 46 52 59 57 55 52 44 44 46 52 54 59 60 58 54 56 55 53 62 61 58 55 54 55 57 59 58 58 57 57 56 51 48 48 49 55 55 45 42 42 42 55 65 55 44 45 52 61 61 59 49 42 42 43 60 64 63 59 53 51 52 49 48 45 46 46 50 58 68 70 68 65 62 62
48 48 48 48 48 48 48 49 50 51 51 51 51 52 51 51 52 52 50 47 46 46 52 61 61 61 49 43 42 45 53 57 58 59 55 53 53 53 57 62 58 56 57 55 57 58 57 58 58 57 59 55 51 56 51 51 55 48 43 43 44 44 55 58 52 44 43 45 52 55 56 49 42 41 41 49 63 58 57 50 49 49 44 44 45 46 48 51 55 66 68 64 62 60 59
46 46 46 48 48 48 48 49 50 49 49 49 51 52 51 51 51 52 50 46 46 46 50 61 58 61 43 42 42 46 54 58 58 58 53 53 53 56 61 58 56 55 58 55 57 57 57 60 61 59 55 53 57 59 55 58 50 42 43 47 51 54 64 66 55 42 41 43 48 52 54 52 44 40 41 43 56 53 49 46 46 44 43 44 44 46 50 55 63 73 65 59 61 65 61
44 45 46 48 48 49 49 49 49 49 49 50 50 51 50 49 50 50 50 50 46 46 50 65 58 53 42 42 42 48 54 56 60 56 52 52 55 59 58 55 53 55 58 57 55 54 57 55 57 58 57 59 57 58 55 56 46 42 46 55 62 72 72 56 48 41 41 41 45 49 49 52 45 40 40 41 46 48 46 45 42 42 43 44 45 49 56 65 76 76 68 59 58 62 62
45 45 45 46 48 49 49 49 49 49 49 49 49 50 50 48 48 48 49 50 49 46 55 64 65 49 42 42 42 50 50 54 60 59 52 52 53 55 55 53 52 54 57 55 54 56 61 60 57 57 57 57 56 62 58 53 49 45 47 60 68 76 62 55 46 39 39 40 41 42 45 48 44 40 40 41 44 53 55 45 42 42 43 44 45 52 58 64 71 68 69 67 66 57 53
45 45 46 48 48 49 49 52 49 49 49 49 49 50 48 48 48 48 48 49 48 46 54 62 58 58 44 42 42 46 46 52 58 58 52 52 52 53 53 53 53 53 55 58 58 54 58 60 58 57 54 53 56 59 57 55 56 49 48 53 65 58 52 59 46 39 39 39 39 40 40 47 44 41 41 41 41 48 51 42 42 42 42 44 45 56 66 73 58 53 54 62 63 55 50
45 45 47 48 48 49 49 49 49 49 49 47 48 50 49 48 49 48 46 47 46 49 53 60 65 61 48 41 41 42 43 50 61 63 55 52 52 53 53 56 55 55 56 58 57 53 52 54 54 58 57 56 53 53 56 60 62 54 49 51 55 46 47 55 52 40 39 39 39 39 40 44 44 40 40 40 41 48 49 44 41 41 41 43 45 58 71 67 54 48 46 46 55 49 47
45 48 48 48 48 48 48 49 49 45 48 45 45 48 49 48 48 44 44 43 44 47 56 64 67 55 47 41 41 42 42 46 62 63 54 51 51 53 53 59 61 58 56 56 52 52 50 50 54 56 57 56 56 53 57 65 66 56 51 46 42 41 45 51 46 39 39 39 40 39 39 41 41 40 39 39 40 46 46 42 41 41 41 42 44 51 66 71 51 44 43 43 43 49 50
