model/data/bioclim/bclim16.asc
NCOLS 300 
NROWS 300 
XLLCORNER -125.250000000003 
YLLCORNER 30.7499999999996 
CELLSIZE 0.041666666666667 
NODATA_value -32768 
[rows 39 to 77 of 300, columns 89 to 177 of 300]
253 203 160 155 153 151 150 149 148 149 151 151 152 153 152 149 147 147 145 146 142 139 139 138 139 142 141 140 152 165 184 158 142 138 137 137 136 137 138 136 126 122 118 116 114 109 107 106 107 109 107 97 106 106 102 101 93 88 93 99 93 90 92 82 78 88 112 98 87 100 82 73 73 73 74 76 77 85 84 79 78 77 77 90 94 81 77 77 77
245 204 170 163 160 157 155 154 152 153 153 153 153 154 152 151 148 145 144 144 143 140 140 134 132 136 132 140 150 161 167 159 143 134 133 131 129 133 144 142 127 121 118 115 114 114 111 108 108 112 106 97 94 95 95 102 99 94 88 89 92 102 109 89 82 85 93 79 82 94 89 76 73 73 74 74 75 83 83 77 76 77 76 88 91 82 77 77 78
201 211 181 172 168 164 162 159 158 158 156 156 155 154 154 149 148 145 141 141 141 137 133 122 123 123 127 137 153 168 171 150 138 131 130 127 126 128 144 143 126 121 118 115 112 121 123 117 110 106 97 94 90 91 94 97 99 96 94 88 98 113 115 93 85 77 74 74 79 89 82 73 73 73 76 74 75 78 78 75 75 75 76 86 86 79 76 77 78
198 193 184 180 176 170 168 165 163 162 160 159 156 157 154 150 147 143 140 136 130 126 121 117 117 120 127 133 152 161 163 156 140 128 127 124 123 124 135 139 126 120 115 112 111 120 119 113 108 100 94 91 91 91 98 94 94 88 83 85 112 139 128 98 77 74 71 72 74 77 75 73 72 75 85 75 74 74 74 75 75 75 75 80 79 76 76 76 77
206 200 194 188 182 179 174 171 168 169 172 161 157 156 154 150 148 143 138 134 129 126 124 120 119 121 129 137 145 153 160 175 150 130 124 122 120 121 137 129 124 123 118 112 112 115 116 106 103 100 96 93 94 94 97 91 86 80 77 84 101 113 95 88 72 71 71 71 71 71 71 71 72 75 87 78 75 75 74 74 74 74 75 76 76 75 75 75 75
220 214 205 198 192 186 181 175 172 172 170 166 160 157 154 152 151 146 142 134 130 130 129 121 121 126 131 142 150 160 176 206 172 133 122 120 117 120 135 127 121 121 121 115 110 109 115 106 103 102 94 93 97 100 94 80 77 74 85 89 101 113 94 74 69 71 71 71 71 71 71 71 71 78 92 83 84 80 75 73 73 73 73 73 75 75 74 75 75
236 224 215 207 200 193 187 182 176 172 170 165 162 158 163 168 170 160 148 138 135 130 131 123 123 126 131 143 149 158 176 206 184 139 120 117 116 127 146 135 126 124 117 118 112 109 106 109 106 100 97 92 89 96 86 77 74 77 104 94 93 90 84 74 69 70 71 70 70 70 71 71 76 108 111 96 95 81 75 72 72 72 73 73 78 81 76 74 74
245 234 226 217 208 199 193 187 180 174 172 177 174 175 162 155 174 173 163 146 146 140 136 127 122 124 132 142 149 155 170 187 202 144 119 116 116 125 133 146 135 137 129 115 110 112 112 109 109 106 100 97 93 84 82 77 74 77 95 99 95 81 74 73 70 69 71 69 69 70 70 70 81 94 111 127 95 78 72 72 72 72 72 74 85 88 78 73 74
264 249 237 227 218 208 200 192 186 180 174 182 181 166 161 153 170 188 178 160 146 143 140 125 122 126 132 141 147 146 155 179 202 154 128 113 112 116 149 147 133 126 120 109 106 106 109 106 102 100 97 95 92 83 84 80 75 72 80 110 105 81 73 72 69 68 68 68 68 68 68 75 94 90 103 117 85 74 71 71 71 71 72 75 84 89 77 72 73
278 263 249 236 227 218 211 199 190 184 177 172 168 165 156 152 152 176 179 173 165 151 147 130 124 123 127 130 142 135 146 156 184 184 137 114 110 111 135 135 120 117 112 112 112 112 104 98 94 92 92 99 95 83 89 90 77 71 72 77 81 74 70 67 67 67 67 67 67 67 71 95 98 78 84 81 74 69 69 69 69 70 72 75 84 87 78 72 72
286 270 255 243 234 231 218 207 196 188 182 175 169 162 157 156 155 168 182 165 178 159 148 149 129 130 134 127 137 140 158 162 168 180 138 121 108 107 125 124 110 109 109 115 115 109 101 98 94 94 95 99 93 86 91 106 82 71 69 69 76 74 70 67 67 67 67 67 67 67 74 105 84 74 70 69 69 69 69 69 69 69 70 75 87 88 78 71 72
291 274 260 248 238 237 237 216 201 194 186 179 172 166 161 158 161 159 164 158 172 153 156 170 143 147 151 132 134 150 153 173 189 191 148 120 113 109 113 112 106 110 118 118 112 105 98 97 94 99 108 98 93 92 99 108 86 72 69 68 68 73 70 67 67 66 66 66 66 67 73 95 78 71 69 68 68 68 68 68 69 69 69 74 81 82 73 70 69
292 276 263 252 241 231 229 221 207 198 191 184 181 176 168 163 162 162 156 150 153 155 153 159 159 141 141 133 135 147 153 156 180 176 146 130 133 122 105 101 100 104 112 109 109 105 98 98 97 101 120 99 93 95 111 106 80 70 68 68 67 68 70 66 65 65 65 64 65 67 75 82 78 70 68 67 68 67 67 67 67 67 69 69 74 74 70 68 68
290 274 263 253 244 235 228 228 217 205 196 191 187 189 187 169 169 177 164 153 143 144 149 150 149 134 132 135 135 135 138 139 150 148 145 127 129 119 101 100 99 99 101 101 104 102 104 108 109 105 111 97 87 88 91 99 82 71 68 67 67 70 70 65 64 64 64 64 67 67 72 76 84 73 69 69 72 72 66 66 66 66 67 69 70 70 68 67 68
309 285 262 254 247 239 232 233 221 214 207 208 200 195 197 180 173 172 180 167 152 146 150 138 128 126 134 145 148 135 140 136 133 130 123 115 108 107 100 98 97 97 97 95 94 96 103 124 119 97 88 85 80 80 78 94 79 68 67 66 66 71 70 64 64 64 64 64 67 70 78 78 81 77 69 66 66 66 65 65 66 66 72 75 74 73 71 71 74
282 281 265 260 254 244 237 235 227 224 229 221 217 203 199 193 188 177 181 183 164 162 148 131 125 126 139 151 153 140 123 117 127 123 132 138 118 110 101 98 98 95 93 92 92 94 100 110 110 104 83 77 77 74 74 82 76 68 66 65 65 67 65 64 64 64 63 64 64 67 72 75 73 75 72 64 64 64 64 64 64 64 78 81 72 68 70 69 68
276 287 285 269 264 260 252 241 236 234 238 224 215 205 199 195 196 198 174 174 167 156 138 129 124 138 157 162 135 122 116 115 116 119 127 140 125 121 113 107 104 95 92 92 94 96 102 100 100 100 86 76 74 71 71 74 71 67 66 65 65 64 63 63 63 62 62 62 64 64 67 67 67 69 69 64 63 63 63 63 63 64 64 66 65 65 65 68 66
281 301 298 300 291 284 271 261 247 238 231 220 209 202 200 199 197 187 174 161 153 147 137 130 123 119 118 116 116 110 110 109 108 109 121 126 123 125 123 113 113 97 96 98 104 99 99 91 97 104 84 76 73 71 70 68 68 66 65 65 65 63 63 62 62 62 61 61 64 65 65 65 66 66 65 62 62 62 62 63 66 67 66 63 63 64 65 65 65
303 321 312 319 310 304 290 279 271 251 239 228 218 211 213 215 211 192 176 162 155 146 138 131 124 116 109 108 110 108 108 108 108 108 113 116 123 123 122 115 110 100 95 100 105 99 92 83 86 108 111 86 73 70 70 68 67 66 65 64 63 63 62 62 62 62 61 61 67 71 67 69 72 69 61 61 61 61 62 72 85 81 69 65 62 65 68 71 71
351 299 320 344 328 317 303 292 287 274 259 249 237 230 231 231 226 201 190 171 158 158 148 138 137 130 126 115 110 109 108 107 114 116 112 115 110 113 110 105 104 98 95 102 102 102 95 83 79 86 130 97 73 70 70 67 67 65 64 63 63 63 63 63 62 61 63 67 71 73 68 71 76 73 65 61 61 66 65 79 94 81 66 63 64 66 79 92 79
397 331 329 351 341 327 316 309 315 290 277 264 255 250 246 234 223 217 202 179 173 190 178 163 159 143 154 128 113 114 126 131 137 131 112 113 108 106 104 98 95 95 98 102 103 102 94 84 78 76 110 117 75 70 69 67 66 64 64 64 66 63 63 63 62 62 63 64 68 70 68 70 72 76 68 63 61 61 64 72 74 69 63 62 65 69 80 85 77
404 381 356 364 352 339 326 315 303 295 291 280 277 262 242 230 222 213 202 178 170 197 193 163 140 131 145 133 117 117 137 149 130 110 106 110 111 110 107 99 93 90 98 105 104 97 91 80 77 76 78 92 76 72 67 67 66 65 66 69 68 63 65 69 63 66 69 64 67 67 68 74 73 69 65 61 60 61 62 68 65 63 62 62 65 68 72 82 85
404 410 392 376 364 349 337 324 313 306 297 277 267 255 245 232 224 206 192 181 170 177 219 169 136 132 139 124 121 118 118 141 141 111 103 103 110 109 104 101 93 89 90 92 93 90 81 78 77 74 73 73 73 68 67 70 67 67 74 75 67 64 68 70 63 63 63 61 62 63 64 74 76 74 65 61 60 60 61 63 62 62 62 64 65 65 67 70 82
423 427 409 389 373 360 349 336 325 312 301 303 293 266 275 252 239 211 198 187 178 178 193 166 142 134 128 132 142 127 113 114 120 112 105 104 100 98 99 103 93 89 88 86 84 83 80 78 77 74 73 71 70 68 72 72 67 67 74 70 67 69 69 63 63 64 64 63 62 61 64 70 80 75 68 61 60 60 62 63 63 65 65 65 65 65 67 72 85
447 441 418 401 387 372 360 351 342 338 315 310 296 276 277 281 243 219 207 199 188 186 171 170 157 143 133 128 126 119 115 111 111 110 111 111 102 98 96 95 93 90 88 87 84 82 80 79 77 76 73 71 70 70 82 70 67 68 68 67 72 74 72 63 63 67 74 71 63 63 62 62 65 68 66 62 60 61 61 64 71 74 73 66 65 67 76 85 88
436 424 414 404 411 387 378 378 361 347 328 312 301 296 283 287 251 229 217 232 196 180 169 163 173 148 135 129 124 121 118 114 112 112 115 105 101 98 97 96 93 91 90 87 85 83 80 79 78 74 72 71 69 69 75 71 67 67 67 66 72 77 69 63 66 75 90 75 66 66 65 65 61 62 63 60 61 61 63 71 106 95 71 66 66 70 85 94 87
459 440 428 426 410 396 398 395 376 356 346 328 312 302 291 281 264 248 234 249 218 194 179 167 165 149 141 133 130 125 122 117 114 110 109 106 105 104 101 95 94 92 91 88 85 84 83 88 81 74 72 71 69 71 81 71 67 64 64 64 66 75 62 63 72 87 78 63 60 57 60 64 60 60 60 61 61 61 64 72 111 94 69 66 65 70 86 88 82
499 475 448 432 425 415 416 409 392 371 354 340 326 311 299 290 284 298 277 238 234 221 200 179 164 154 146 140 141 129 125 120 116 113 109 107 110 107 101 97 96 95 92 89 86 84 85 94 80 74 72 71 70 71 84 69 65 64 61 61 61 67 58 61 69 77 66 57 54 56 57 59 62 62 62 63 61 61 64 71 101 78 66 64 63 65 70 76 73
477 471 454 442 438 430 420 410 395 381 369 351 339 324 311 296 283 280 255 237 221 207 192 184 170 161 155 149 155 135 128 123 119 117 115 111 107 107 111 98 98 95 92 89 87 84 84 96 79 74 73 71 71 69 83 73 64 62 61 60 58 58 56 56 60 66 57 54 54 54 59 63 65 64 60 60 61 61 61 72 104 77 66 64 62 62 64 68 73
496 474 466 457 449 440 426 415 403 390 379 367 352 340 329 312 296 279 263 248 231 218 203 188 181 173 166 155 147 141 136 128 124 138 139 124 111 105 109 102 97 96 94 91 87 89 102 100 78 74 73 71 71 68 93 71 63 61 60 58 61 61 56 53 58 56 53 53 53 56 63 75 70 63 60 60 58 59 61 72 105 79 66 62 61 61 62 64 70
531 512 495 479 468 455 444 429 416 405 396 381 371 357 341 325 312 294 278 262 246 228 212 199 189 179 171 167 159 152 144 138 130 140 152 132 114 106 107 101 97 98 95 92 88 86 92 89 77 74 73 70 68 67 77 65 62 60 59 59 63 58 53 52 55 52 52 53 54 58 66 75 67 62 59 57 55 58 58 69 92 75 66 61 60 61 61 63 66
544 521 509 492 475 464 454 440 435 430 420 407 391 375 359 342 344 317 304 300 301 274 234 211 199 190 183 175 167 159 151 145 136 129 124 117 111 107 104 101 98 99 96 92 88 85 80 80 78 75 72 72 67 66 66 63 62 60 59 59 57 54 51 51 50 50 53 55 57 59 63 66 61 56 54 53 55 57 60 66 74 74 70 61 60 60 60 63 68
541 529 508 498 489 476 467 453 452 452 448 420 403 395 380 358 346 341 309 295 299 292 277 257 213 201 195 184 175 166 157 150 143 136 130 123 117 111 106 103 98 97 96 93 88 85 83 79 76 80 75 75 67 66 64 62 62 62 62 73 58 51 51 50 49 50 57 60 58 57 56 55 53 51 50 52 55 60 67 65 70 80 70 63 59 59 60 63 75
545 514 517 509 499 488 480 471 471 473 473 445 419 404 390 375 356 340 324 304 289 273 268 262 247 214 202 194 183 173 164 156 148 141 134 128 122 118 112 104 101 98 92 88 86 85 86 82 77 87 82 72 67 66 64 63 68 65 70 77 57 51 51 48 48 50 58 72 58 52 50 50 48 48 48 51 57 62 64 63 64 80 74 62 58 59 60 60 67
483 533 526 520 509 497 491 486 484 482 487 476 460 444 421 390 382 365 348 341 317 286 263 256 252 249 218 197 192 181 171 161 153 146 138 132 127 122 117 110 105 101 95 92 91 89 86 83 78 87 98 69 67 65 65 70 74 71 68 60 53 51 48 48 48 48 53 63 57 52 50 47 46 46 48 51 62 64 61 59 63 72 67 60 57 57 59 60 66
544 542 537 531 522 508 484 494 490 491 489 465 461 461 466 451 411 410 367 363 327 298 281 264 252 245 235 216 191 183 177 167 159 148 141 135 130 124 120 114 109 100 94 96 93 90 86 83 80 82 84 69 67 64 66 72 66 68 65 57 51 51 48 48 48 49 55 60 52 49 49 47 45 45 47 48 58 59 54 55 58 60 58 56 57 57 59 61 70
509 537 544 542 535 522 507 487 506 496 497 483 468 468 460 475 454 427 377 354 346 312 306 276 259 247 239 220 211 217 198 174 160 151 142 135 133 127 122 117 105 99 101 93 96 92 87 83 80 81 90 71 67 64 66 69 63 64 68 59 51 48 48 46 46 49 58 60 49 44 44 44 44 45 45 48 59 57 52 52 55 55 55 55 57 57 60 64 73
527 548 556 554 546 536 500 501 504 508 504 504 498 495 475 454 448 430 407 392 372 333 312 289 277 266 262 245 226 217 205 203 165 155 146 132 139 125 115 112 119 126 128 98 94 92 89 86 81 75 78 69 67 64 65 73 61 59 65 59 51 48 48 45 45 48 54 50 46 42 41 42 43 44 45 53 58 51 50 51 53 53 55 55 58 62 69 70 78
529 561 569 565 546 513 509 553 536 522 526 527 522 520 500 461 443 436 419 402 366 360 335 307 289 267 252 251 263 267 231 198 190 154 152 142 147 164 115 112 128 149 158 145 92 90 89 86 81 74 76 69 67 64 64 69 61 58 62 56 51 48 47 45 45 48 52 50 43 41 41 41 42 44 50 50 50 48 48 50 52 56 56 59 68 77 74 72 72
