model/data/bioclim/bclim7.asc
NCOLS 300 
NROWS 300 
XLLCORNER -125.250000000003 
YLLCORNER 30.7499999999996 
CELLSIZE 0.041666666666667 
NODATA_value -32768 
[rows 0 to 37 of 300, columns 172 to 257 of 300]
392 394 398 400 401 401 400 400 401 402 402 404 403 403 401 398 397 397 394 389 388 391 392 392 391 390 389 388 386 386 384 379 379 381 380 384 387 387 384 386 388 387 385 385 385 385 385 385 386 387 387 387 388 389 391 391 393 394 397 399 404 407 410 409 409 413 416 418 420 422 422 425 426 426 428 425 429 429 432 431 427 427 427 425 423 421
396 399 399 400 400 401 401 401 401 402 404 403 403 402 400 397 397 396 395 393 392 393 390 389 391 390 389 388 387 386 386 381 380 382 380 383 385 387 386 387 391 390 389 388 386 386 387 387 388 387 388 388 389 389 391 392 393 394 397 397 400 403 407 410 412 414 415 417 419 421 423 424 424 426 425 424 426 426 425 427 426 425 425 423 421 421
396 398 398 399 400 401 402 402 402 403 403 401 400 399 398 398 399 397 396 396 395 394 393 392 392 392 390 388 386 384 386 385 385 385 384 382 384 385 387 389 391 394 393 390 390 389 389 389 389 388 388 388 389 390 391 392 394 395 396 398 400 401 403 405 409 411 416 417 419 420 423 424 425 426 426 426 427 427 427 426 426 425 425 423 422 422
396 397 399 397 399 401 402 404 406 406 404 402 402 400 400 399 400 398 398 398 396 395 395 394 393 392 390 389 387 384 386 386 385 385 385 382 384 385 386 389 392 395 396 397 396 393 392 391 390 390 391 390 390 391 391 392 394 396 397 399 400 402 402 404 406 407 408 410 413 415 417 419 420 421 420 421 420 419 420 421 422 421 421 422 422 423
395 397 397 398 398 401 404 405 407 408 405 404 402 401 401 400 400 399 399 397 396 396 395 394 394 392 389 390 387 385 384 385 385 385 384 383 385 385 387 389 393 395 397 397 398 397 395 394 393 391 391 391 391 391 391 393 395 396 397 399 400 402 404 404 406 407 407 408 408 409 409 410 411 412 412 412 413 414 414 415 414 416 416 417 419 421
394 395 398 399 401 402 404 407 409 408 406 405 404 403 401 399 399 400 399 398 396 395 396 395 394 393 390 389 389 388 386 384 385 385 386 386 384 386 389 391 394 395 397 398 399 400 400 400 397 393 393 392 392 391 392 394 395 398 399 400 401 403 404 405 406 407 407 409 411 411 409 409 408 407 407 407 408 409 409 410 410 411 412 414 417 418
393 395 397 399 402 404 405 407 408 407 406 406 404 403 401 401 401 401 400 399 399 398 396 395 395 393 392 390 390 388 387 383 382 383 384 387 387 387 388 390 392 396 395 397 396 398 400 401 400 399 396 396 395 396 396 397 397 398 400 401 403 405 407 407 408 409 412 410 412 411 410 407 406 405 405 405 405 406 406 406 406 407 409 411 413 415
390 395 397 399 402 404 405 408 409 409 407 407 408 407 405 403 401 401 401 400 399 397 397 396 395 394 392 391 391 390 388 387 385 386 384 387 388 387 388 389 391 394 394 394 396 397 398 400 400 400 399 398 398 397 398 400 402 402 402 404 406 406 409 410 409 412 413 411 409 410 409 407 405 405 404 403 404 404 404 403 404 404 406 408 410 413
389 395 398 399 401 403 404 407 410 410 409 410 409 408 407 404 403 401 400 400 399 399 397 396 395 395 393 392 392 391 390 390 388 388 388 389 389 388 390 391 391 392 392 393 395 395 398 399 399 399 399 399 400 401 400 399 401 402 402 405 406 406 407 407 408 409 409 411 408 407 408 406 405 404 404 404 403 402 402 402 402 402 404 406 407 409
388 394 397 401 403 404 406 407 411 412 413 410 408 408 406 403 401 401 401 400 399 398 396 394 395 396 393 393 393 392 391 390 390 389 390 389 389 389 389 391 391 391 391 393 394 396 396 398 399 399 399 400 400 401 401 402 400 400 401 404 406 406 406 408 408 407 408 408 408 407 406 405 403 402 402 402 403 401 401 400 401 400 402 402 403 405
388 392 393 398 403 405 406 408 410 411 412 412 408 407 406 404 403 400 401 400 399 398 396 394 392 395 392 392 392 392 392 391 391 391 390 390 391 390 391 391 391 391 392 393 394 396 397 398 398 399 400 401 401 401 401 402 404 402 402 403 405 406 407 407 408 408 408 408 407 406 405 404 403 402 401 403 404 400 400 400 400 400 400 400 400 402
391 394 396 398 402 405 407 408 410 409 409 409 408 407 406 404 404 402 402 401 399 398 397 395 395 394 390 387 387 391 390 390 389 391 391 392 391 391 391 390 391 392 392 394 395 396 397 398 398 400 400 401 401 401 400 402 404 403 402 403 403 404 405 407 407 407 407 406 407 406 404 403 402 401 401 402 402 401 399 399 399 398 397 398 398 398
397 397 398 400 404 405 406 408 409 409 410 409 410 407 405 403 404 404 402 401 399 400 398 398 397 395 391 386 384 389 388 389 388 390 391 391 391 391 391 391 390 392 393 394 395 395 397 398 398 399 400 401 401 402 402 402 403 403 403 404 403 405 405 405 406 407 407 406 406 405 404 403 402 401 400 400 399 401 399 398 396 397 396 396 396 395
397 399 400 403 404 406 407 408 409 409 410 410 408 408 406 404 403 403 402 402 401 400 399 399 397 396 393 391 390 389 388 388 388 389 391 391 392 392 391 391 392 392 394 394 394 395 396 398 399 399 400 401 401 402 402 403 403 403 403 404 404 405 404 405 405 406 405 405 405 405 404 402 402 400 400 399 398 399 399 397 396 396 395 394 393 393
396 397 400 403 404 405 406 408 408 409 409 409 408 408 407 405 403 399 400 401 403 401 399 399 398 397 396 395 393 392 390 389 389 392 392 392 393 392 391 392 393 393 393 394 395 397 398 399 399 399 400 401 402 402 402 403 403 403 404 404 404 404 405 405 405 405 404 404 404 404 403 402 401 399 399 398 397 396 397 396 394 394 394 393 392 391
395 397 400 403 404 404 406 406 408 409 409 406 407 407 406 405 403 401 401 402 402 401 400 399 399 399 396 396 395 393 392 392 393 394 394 394 393 393 393 393 393 394 394 395 396 397 398 398 400 400 401 401 402 402 403 403 404 405 405 405 404 405 405 406 405 405 405 404 404 403 403 401 400 399 398 397 396 395 394 393 391 391 390 390 389 389
396 398 400 401 403 404 403 403 405 408 409 408 407 406 406 404 403 402 402 402 401 403 401 401 400 399 398 395 395 394 394 394 395 395 395 394 394 394 394 394 394 395 395 395 397 397 398 399 400 402 402 402 403 403 404 405 405 405 405 405 406 406 406 406 406 404 405 404 403 403 403 401 400 399 398 396 396 394 393 391 389 389 387 386 385 385
395 396 399 401 403 403 404 400 401 408 409 408 407 403 404 403 402 402 402 401 402 404 404 401 401 398 398 394 395 395 394 396 395 395 396 396 396 394 395 395 395 396 396 396 397 398 398 399 400 401 403 403 403 404 404 405 406 406 407 406 406 406 406 406 406 405 405 405 403 403 402 401 400 399 398 396 395 394 392 390 388 386 385 383 382 380
394 397 399 401 403 401 403 401 401 408 408 406 403 402 402 403 402 401 402 402 403 402 402 401 400 397 395 393 392 393 396 397 397 397 397 397 396 395 395 395 396 397 397 398 398 399 399 400 401 402 403 403 404 405 406 406 406 406 406 406 407 407 407 406 406 406 405 405 405 403 402 401 400 399 398 396 395 393 392 390 388 385 384 382 379 377
395 395 398 399 402 401 402 403 402 406 404 402 401 401 402 403 403 403 402 402 404 403 402 400 401 399 397 394 390 390 393 395 397 399 399 398 397 397 397 396 397 398 398 398 399 399 400 399 400 402 403 404 404 406 407 407 408 407 407 408 408 407 408 407 407 406 406 406 405 404 403 402 400 399 398 396 395 393 391 389 387 385 384 381 379 377
393 394 396 395 396 401 402 402 402 403 402 401 401 401 400 403 403 402 401 402 403 402 402 402 401 398 396 395 393 394 394 396 399 400 400 399 399 398 399 398 398 399 399 399 400 401 400 401 401 402 403 405 406 407 407 407 407 408 408 408 408 408 408 407 407 406 406 405 405 404 404 402 401 399 398 397 395 393 391 389 387 386 383 381 380 377
391 392 393 395 389 397 400 402 400 397 400 400 400 400 399 402 402 403 402 402 403 401 401 400 402 399 398 397 400 400 399 398 400 401 401 401 398 399 399 400 400 399 400 400 401 401 400 401 401 402 403 406 407 407 408 408 409 409 409 410 409 408 409 408 408 407 407 406 405 405 404 403 401 400 399 397 396 394 392 389 388 386 384 382 380 378
384 385 391 394 391 391 398 402 398 394 392 397 399 399 399 400 401 402 403 402 402 401 402 400 401 400 400 400 400 402 401 399 399 402 402 401 400 401 401 400 400 400 400 401 402 403 404 403 404 403 404 406 407 408 408 409 409 410 411 409 410 409 410 409 409 408 407 407 406 405 404 403 402 401 400 398 396 395 393 391 390 387 384 383 382 381
381 380 393 397 398 394 397 403 401 395 391 396 397 398 398 399 400 401 402 401 401 401 401 401 400 400 399 401 404 403 401 400 400 402 402 401 400 402 402 401 401 401 401 402 404 404 405 404 404 404 405 406 408 409 409 410 410 411 411 411 411 411 410 410 409 409 408 407 407 406 406 404 403 402 401 399 398 397 394 393 392 390 387 385 384 385
383 380 393 398 401 402 404 405 402 396 391 395 396 397 396 398 398 399 399 401 400 400 400 401 400 400 400 400 403 401 401 401 402 402 404 403 403 404 403 403 402 402 402 404 404 405 406 405 406 404 406 406 408 409 410 412 411 412 411 411 412 412 411 411 410 410 409 408 408 407 406 405 404 404 402 401 400 398 396 395 393 390 389 388 387 387
382 378 385 389 399 404 407 407 401 395 395 393 394 396 394 394 396 397 398 400 399 400 399 399 399 400 402 402 404 403 402 401 402 402 404 404 402 403 403 403 403 402 403 404 406 407 407 407 405 405 406 407 407 409 410 412 412 412 411 411 412 412 411 411 411 410 410 409 409 408 407 405 405 404 404 402 400 400 398 396 394 392 391 390 390 390
379 377 378 377 393 404 407 409 405 396 399 391 392 393 394 391 393 396 398 398 399 399 399 398 400 401 402 401 403 403 403 402 402 402 403 403 402 403 403 405 404 403 404 405 405 407 408 407 404 404 407 407 408 409 411 412 412 413 412 412 412 413 413 412 412 412 411 411 410 409 408 407 406 406 405 403 402 401 401 398 396 395 395 396 396 394
383 383 381 378 391 405 408 410 408 405 402 390 388 391 393 393 393 397 396 397 398 399 400 400 401 401 402 402 403 401 402 403 402 403 403 402 402 404 405 405 405 403 403 406 407 408 409 406 402 402 404 407 409 411 412 412 412 414 414 412 413 413 413 413 413 412 411 411 411 410 409 408 407 406 405 403 401 400 401 399 398 397 397 398 396 396
394 395 395 393 391 398 410 411 410 408 405 398 390 391 392 394 395 396 395 397 398 400 400 401 401 402 403 404 402 401 401 404 403 404 405 405 405 405 406 406 405 403 403 406 408 408 409 405 401 400 402 404 407 411 413 413 412 413 414 413 413 413 413 414 413 413 412 412 412 411 410 408 407 404 403 400 399 399 402 401 399 398 399 399 398 395
398 398 397 400 400 402 409 411 412 411 409 404 395 395 394 392 395 393 395 396 397 399 399 401 402 402 403 403 401 402 402 403 404 404 405 406 406 406 406 406 405 404 404 406 408 409 410 406 397 395 398 402 403 407 411 411 412 413 416 413 414 413 413 414 414 414 413 413 412 412 410 408 403 400 400 400 402 402 403 402 401 401 400 399 398 398
396 397 395 396 402 406 409 411 412 412 410 407 403 401 398 398 394 392 394 394 397 400 401 401 402 403 404 403 401 401 402 403 403 404 404 403 403 403 402 402 404 403 404 406 409 409 411 409 398 394 395 403 406 401 404 408 411 414 415 412 411 412 411 412 412 412 412 411 411 410 407 402 396 402 403 404 404 401 405 403 403 402 401 400 399 399
389 393 395 401 403 406 410 411 412 411 410 405 401 399 391 395 399 395 393 396 397 398 400 401 402 403 403 403 403 400 401 403 403 406 405 405 405 403 403 403 404 403 405 407 409 409 412 411 407 402 399 401 404 400 398 407 410 417 413 408 404 405 407 410 406 406 409 405 406 407 405 398 398 406 407 408 405 404 405 405 404 403 403 402 402 401
389 391 399 402 401 402 404 410 411 410 408 400 392 394 390 389 392 394 388 393 396 398 399 400 401 402 402 402 403 403 402 403 403 405 406 406 405 404 404 403 404 405 407 408 409 409 410 408 409 406 402 400 399 398 400 406 408 416 417 411 403 397 400 407 402 397 404 395 395 399 401 399 402 407 410 409 406 406 405 405 405 405 404 403 404 402
387 387 397 401 399 399 401 411 410 409 407 399 392 386 382 386 388 389 380 389 395 398 399 399 401 402 402 402 402 403 403 404 405 405 405 405 405 405 405 404 405 407 407 409 409 407 403 399 404 406 412 408 406 396 395 407 413 413 413 416 414 406 394 401 381 387 405 392 387 397 403 406 410 410 412 408 408 406 405 408 407 407 406 405 405 403
385 390 398 401 401 404 406 410 409 409 405 396 383 382 384 387 391 392 385 389 394 395 397 399 400 402 402 403 403 402 403 403 404 404 406 405 406 406 405 405 407 407 409 409 409 407 401 391 394 400 408 411 410 407 402 405 407 406 401 412 412 391 388 396 386 382 395 386 389 404 412 413 414 414 414 411 406 401 407 409 409 407 403 406 406 403
391 393 402 403 404 409 408 409 408 407 403 396 386 385 389 391 393 394 390 390 394 396 397 399 399 401 402 403 403 403 403 404 404 405 404 405 405 405 405 406 406 408 409 410 409 407 399 387 392 401 407 414 410 407 404 407 405 401 398 400 411 385 396 386 385 379 384 392 400 411 415 417 416 416 414 413 410 402 407 410 410 409 404 407 407 405
396 403 406 406 408 409 408 408 406 403 397 389 379 387 392 391 388 392 393 394 395 396 398 399 399 400 401 403 403 403 403 404 404 405 405 405 405 405 405 406 406 407 409 409 408 406 397 389 386 398 410 409 406 402 407 407 406 408 401 411 414 406 405 395 396 389 389 400 410 416 418 418 418 415 408 409 412 413 413 412 409 405 404 409 408 407
403 405 407 408 408 408 407 406 402 395 386 375 375 383 392 393 389 391 392 395 397 397 396 397 399 400 401 401 402 403 404 404 405 404 405 405 405 404 405 406 406 407 408 408 407 401 380 390 394 400 397 397 397 404 410 409 409 409 401 405 412 417 405 401 404 392 395 408 417 418 419 420 419 414 405 410 413 415 415 409 402 401 404 406 409 410
