model/data/bioclim/bclim4.asc
NCOLS 300 
NROWS 300 
XLLCORNER -125.25 
YLLCORNER 30.75 
CELLSIZE 0.0416666666666667 
NODATA_value -3.4e+38 
[rows 0 to 21 of 300, columns 196 to 244 of 300]
808.232055664062 803.885314941406 797.990600585938 788.700134277344 780.207214355469 777.833374023438 798.535522460938 815.328430175781 802.194091796875 794.230163574219 846.826599121094 875.495971679688 892.68017578125 889.591247558594 881.26708984375 879.787536621094 889.200561523438 885.293701171875 888.226623535156 885.625610351562 882.868103027344 887.156311035156 889.409790039062 895.657287597656 901.7607421875 901.059875488281 890.193237304688 878.92333984375 877.431457519531 890.954162597656 895.946594238281 894.613830566406 894.223571777344 892.195617675781 885.259948730469 879.390380859375 861.35498046875 858.497192382812 846.126403808594 792.63330078125 789.86279296875 812.929077148438 829.403747558594 850.264282226562 864.981506347656 867.126098632812 861.560668945312 876.54248046875 880.860412597656
805.483276367188 806.551818847656 799.580017089844 787.63818359375 781.303100585938 778.487426757812 775.274047851562 803.359191894531 795.029174804688 797.506042480469 836.80029296875 862.026123046875 880.462158203125 881.857788085938 870.659362792969 874.094299316406 895.471618652344 890.538269042969 890.545654296875 887.639770507812 881.339721679688 887.194152832031 889.469604492188 894.478332519531 899.281311035156 901.386169433594 897.680786132812 885.666687011719 879.560607910156 896.405151367188 903.792236328125 901.36279296875 898.275207519531 890.282470703125 887.805725097656 889.555297851562 885.470886230469 875.779418945312 866.378051757812 835.194152832031 815.6806640625 818.722045898438 830.012939453125 833.702453613281 848.698181152344 855.889038085938 857.883911132812 864.934814453125 863.93359375
810.743469238281 810.770568847656 804.417358398438 790.130737304688 778.407897949219 762.967346191406 765.855041503906 780.059753417969 770.781066894531 775.264282226562 799.364990234375 843.828002929688 864.413940429688 865.768005371094 869.390808105469 883.429382324219 898.136413574219 903.499267578125 896.569030761719 885.681335449219 884.8056640625 890.780456542969 891.982666015625 895.359619140625 897.881713867188 898.419067382812 899.994812011719 898.829162597656 896.725830078125 903.690368652344 904.697143554688 906.907775878906 902.363525390625 884.04833984375 878.303161621094 890.424987792969 892.715270996094 898.513977050781 890.633972167969 876.47607421875 858.24072265625 857.915283203125 855.209167480469 860.194763183594 864.576354980469 862.595520019531 868.050598144531 874.573425292969 875.37255859375
818.568481445312 803.957824707031 801.8828125 796.292358398438 780.429504394531 755.2060546875 760.984252929688 771.982116699219 747.129150390625 768.302978515625 787.234008789062 829.165832519531 852.681457519531 861.7119140625 869.968322753906 884.655517578125 894.927490234375 902.394104003906 903.691589355469 891.182006835938 880.932495117188 882.659729003906 893.011291503906 897.453369140625 897.507385253906 898.529541015625 900.345886230469 902.258239746094 902.539367675781 902.258666992188 902.028686523438 906.216369628906 905.148803710938 885.784301757812 870.221252441406 887.367248535156 902.288208007812 906.380798339844 898.36767578125 889.947143554688 887.039184570312 885.401306152344 890.715881347656 884.217590332031 881.729736328125 880.407958984375 878.068237304688 880.314147949219 885.092834472656
823.973999023438 806.201721191406 782.683654785156 802.701049804688 788.077331542969 767.500061035156 759.789855957031 762.114013671875 754.163146972656 773.987670898438 797.106201171875 825.250061035156 844.463317871094 853.97998046875 867.733581542969 879.946960449219 888.159301757812 893.5791015625 899.582092285156 893.278930664062 895.455505371094 879.255126953125 882.435180664062 887.772705078125 889.261291503906 895.771850585938 899.486389160156 899.978149414062 894.5146484375 893.697875976562 889.050048828125 890.806030273438 897.616088867188 880.170349121094 862.995788574219 873.027038574219 897.006103515625 908.86962890625 902.321228027344 893.721801757812 896.340148925781 897.325988769531 899.693908691406 899.338012695312 901.26611328125 893.364318847656 897.852111816406 904.207885742188 900.485473632812
817.481323242188 807.543395996094 786.846313476562 799.936218261719 798.6865234375 789.325927734375 776.738403320312 755.664306640625 742.3662109375 738.210632324219 768.2646484375 790.509948730469 827.180358886719 846.84716796875 861.769836425781 876.721069335938 883.35302734375 888.663146972656 889.218017578125 898.158874511719 904.771484375 891.096313476562 867.151062011719 851.630493164062 865.580505371094 886.656677246094 891.313354492188 894.254699707031 890.210998535156 893.906311035156 888.261047363281 880.297180175781 880.727966308594 860.672180175781 851.765625 862.12060546875 889.242736816406 908.467712402344 904.599426269531 898.578247070312 899.312744140625 901.250427246094 901.6787109375 907.679504394531 909.009765625 893.201904296875 899.3916015625 904.241394042969 907.182067871094
801.000793457031 805.631896972656 804.160522460938 804.560974121094 806.312316894531 795.408081054688 764.425048828125 738.1650390625 727.745178222656 723.906127929688 718.749450683594 769.272766113281 815.883544921875 840.208801269531 848.113220214844 859.383544921875 872.442199707031 884.656982421875 881.130798339844 893.296569824219 898.720458984375 896.36474609375 871.983825683594 845.683654785156 847.675720214844 863.915588378906 869.321655273438 875.116394042969 880.07861328125 892.24951171875 892.473571777344 885.85693359375 875.373962402344 857.838806152344 864.633728027344 871.6484375 887.750305175781 903.812255859375 906.416076660156 898.898681640625 892.111755371094 896.984375 903.129699707031 894.379760742188 881.266479492188 869.6728515625 879.791076660156 886.484313964844 898.333740234375
799.500854492188 804.206298828125 795.5380859375 799.989807128906 806.162353515625 804.551025390625 768.573425292969 760.602844238281 753.180541992188 756.800964355469 730.45068359375 750.494750976562 785.1630859375 818.140197753906 840.667724609375 851.616333007812 862.179626464844 874.922973632812 872.612854003906 879.347778320312 889.077941894531 895.33056640625 890.5283203125 867.478515625 847.792541503906 849.754516601562 858.23291015625 859.522521972656 870.899841308594 874.6845703125 873.461608886719 873.384704589844 867.83740234375 861.266052246094 867.589782714844 880.190490722656 877.185485839844 878.770263671875 887.431640625 883.172424316406 873.556640625 878.27978515625 882.662414550781 882.303344726562 869.017822265625 866.042419433594 873.105590820312 883.327392578125 895.846496582031
805.710693359375 808.538024902344 802.012573242188 802.186767578125 814.830322265625 811.412719726562 795.808227539062 788.484497070312 783.743225097656 782.352294921875 783.394226074219 781.697814941406 780.778564453125 793.845336914062 823.343811035156 838.566650390625 846.872375488281 851.709228515625 857.486511230469 868.984436035156 877.952819824219 885.664123535156 893.375366210938 886.084289550781 874.697509765625 867.978088378906 862.233520507812 851.984680175781 863.274047851562 875.493103027344 872.679565429688 847.24658203125 861.811157226562 881.232299804688 883.099914550781 893.764221191406 893.799682617188 886.118713378906 885.592529296875 875.167602539062 869.20068359375 863.552001953125 865.679016113281 889.350463867188 896.136840820312 886.243103027344 897.095947265625 901.967163085938 905.507995605469
794.457458496094 805.366149902344 797.467346191406 803.333984375 806.301635742188 809.010009765625 808.763244628906 807.740905761719 806.388305664062 804.541442871094 816.425659179688 820.769775390625 809.37646484375 774.471923828125 779.178894042969 809.868835449219 803.580139160156 819.919982910156 833.65869140625 851.154968261719 863.708312988281 873.202941894531 882.315979003906 891.820617675781 890.596008300781 887.622802734375 873.402465820312 851.0517578125 857.987609863281 880.641052246094 888.227600097656 875.2373046875 871.609008789062 882.453308105469 896.270812988281 913.931457519531 923.946472167969 918.693481445312 912.9482421875 914.092468261719 903.952575683594 887.880737304688 878.799560546875 884.010620117188 906.967346191406 908.409790039062 912.485717773438 907.978088378906 905.574584960938
788.29833984375 798.221252441406 782.626342773438 784.414489746094 787.591857910156 789.577270507812 794.02783203125 793.440795898438 794.80859375 811.137145996094 820.121459960938 816.443237304688 814.276794433594 804.649841308594 794.656982421875 796.498718261719 774.567260742188 793.685729980469 805.683166503906 829.313537597656 850.533325195312 866.348815917969 875.701477050781 883.023742675781 884.350830078125 886.604125976562 878.286071777344 866.787292480469 871.064453125 883.558715820312 893.402282714844 896.335754394531 881.557189941406 872.449462890625 885.623168945312 906.689392089844 909.819396972656 918.816833496094 918.287109375 915.59619140625 912.1259765625 908.249084472656 895.735046386719 883.515747070312 899.317321777344 907.053100585938 907.980102539062 907.489074707031 904.034729003906
803.644348144531 794.998046875 771.746948242188 759.429870605469 751.517639160156 765.800170898438 763.260498046875 765.546813964844 768.880187988281 790.636840820312 801.164306640625 803.094787597656 795.300842285156 798.153930664062 792.681701660156 770.435546875 770.385803222656 765.467590332031 787.118957519531 817.050109863281 835.105834960938 854.259216308594 867.011596679688 873.029296875 876.772888183594 886.422546386719 888.578002929688 891.79443359375 887.54638671875 886.794616699219 885.080505371094 897.977844238281 899.525634765625 885.306457519531 881.006042480469 888.820495605469 889.585083007812 898.921813964844 908.160339355469 915.658447265625 913.680908203125 908.460266113281 905.571228027344 897.67236328125 905.313842773438 905.753845214844 903.403137207031 904.686462402344 906.238952636719
812.274719238281 805.293212890625 777.377075195312 754.587768554688 739.1572265625 751.179443359375 748.475463867188 751.665283203125 746.75537109375 764.029418945312 780.206604003906 777.586853027344 792.793212890625 801.753662109375 799.10546875 779.084716796875 766.065856933594 770.194152832031 788.207763671875 794.643188476562 806.488891601562 814.024230957031 829.610900878906 849.253662109375 856.5908203125 870.361083984375 873.496276855469 882.945739746094 881.361083984375 882.309448242188 874.877868652344 888.663208007812 886.8974609375 882.475036621094 873.645751953125 877.909973144531 880.944030761719 888.278625488281 895.157470703125 898.980712890625 903.615295410156 908.065368652344 907.857299804688 904.099609375 906.891784667969 905.572021484375 903.610229492188 901.617797851562 904.902221679688
817.386962890625 817.120788574219 804.725891113281 788.803771972656 773.074157714844 763.924560546875 757.865356445312 764.807983398438 758.334716796875 763.92041015625 784.041442871094 785.223388671875 802.228576660156 817.182189941406 805.721862792969 803.342163085938 799.864685058594 790.622680664062 791.575012207031 793.132873535156 789.647033691406 797.913696289062 815.976867675781 817.099609375 834.108215332031 840.509765625 850.884704589844 865.964538574219 867.599670410156 872.259765625 869.935119628906 875.480712890625 872.405395507812 873.626281738281 865.917907714844 866.167114257812 868.661560058594 874.859924316406 881.907470703125 884.412902832031 882.192260742188 888.972778320312 896.863708496094 901.655578613281 906.025024414062 905.715759277344 903.068603515625 900.042907714844 895.91064453125
821.947875976562 824.945495605469 824.434631347656 814.994445800781 796.96240234375 785.304870605469 777.407104492188 775.309631347656 777.388061523438 796.031921386719 809.566650390625 813.225830078125 824.932067871094 828.218994140625 820.695495605469 819.508850097656 817.081970214844 817.548400878906 814.005920410156 810.149169921875 808.068542480469 807.327697753906 806.917419433594 809.648681640625 818.853820800781 821.986389160156 826.425476074219 840.593933105469 843.64599609375 850.889770507812 864.28955078125 868.250610351562 866.828369140625 867.008239746094 858.960632324219 858.348205566406 855.139770507812 856.36669921875 866.122375488281 874.950012207031 879.561340332031 881.031921386719 884.533142089844 886.625427246094 889.760681152344 896.549926757812 895.257995605469 895.132690429688 883.530090332031
827.784301757812 825.424743652344 822.498474121094 823.255432128906 815.313293457031 809.829650878906 806.178894042969 808.626708984375 815.077758789062 830.645263671875 842.422546386719 840.467712402344 840.017822265625 842.105102539062 835.446105957031 834.215270996094 833.054260253906 829.385192871094 824.38720703125 818.062805175781 816.826538085938 806.401672363281 803.266967773438 810.920776367188 810.912353515625 816.541870117188 814.270141601562 819.493286132812 828.118408203125 837.331909179688 847.586853027344 856.588989257812 861.596130371094 859.309326171875 855.493225097656 850.796142578125 851.989685058594 852.509704589844 859.328430175781 865.370056152344 871.751281738281 873.768493652344 877.40478515625 881.247680664062 876.57373046875 878.804077148438 884.734497070312 880.390991210938 876.898986816406
824.400573730469 821.843627929688 817.386962890625 813.62939453125 817.517944335938 830.048095703125 833.020141601562 838.18701171875 840.727294921875 838.411804199219 843.439453125 848.280700683594 852.686889648438 856.348754882812 852.205810546875 847.500793457031 843.186401367188 839.371154785156 835.188781738281 821.800659179688 812.441284179688 810.048217773438 809.166320800781 808.586059570312 805.275085449219 809.416564941406 807.596557617188 808.271484375 820.597534179688 827.468933105469 834.966430664062 840.783935546875 846.21484375 849.747497558594 851.059631347656 848.993041992188 847.222290039062 852.26904296875 858.242431640625 860.817749023438 862.958801269531 862.593139648438 863.168212890625 867.109924316406 870.784118652344 872.538635253906 869.820068359375 877.722595214844 878.115173339844
816.798767089844 806.092224121094 805.807312011719 789.370239257812 802.616516113281 821.039978027344 830.789367675781 842.20068359375 841.029235839844 844.191162109375 854.036926269531 854.109558105469 853.130126953125 852.695983886719 850.494201660156 844.835144042969 843.40478515625 844.770385742188 841.596557617188 827.356018066406 824.351928710938 820.529663085938 812.021240234375 809.667541503906 799.299987792969 799.472045898438 805.288208007812 803.606506347656 808.526428222656 815.516174316406 824.346557617188 830.051452636719 836.209533691406 839.399230957031 841.424377441406 844.273254394531 837.622436523438 838.798645019531 847.486328125 847.499938964844 850.657897949219 852.25244140625 852.758911132812 853.098266601562 853.388122558594 857.665771484375 865.811462402344 865.828430175781 867.189758300781
807.736267089844 792.776123046875 781.903198242188 766.594055175781 759.799987792969 775.084777832031 816.631225585938 842.33984375 849.923889160156 857.24462890625 857.950805664062 859.803955078125 855.397766113281 854.467102050781 846.931335449219 842.013488769531 848.396362304688 851.137268066406 848.213012695312 844.91015625 837.658264160156 827.047546386719 813.675537109375 805.423645019531 797.515869140625 790.543334960938 801.354919433594 799.997253417969 804.185363769531 808.502136230469 814.160278320312 823.841552734375 827.979675292969 823.754211425781 828.293090820312 836.9404296875 829.593322753906 828.289245605469 836.748962402344 837.395568847656 839.77490234375 839.296752929688 839.900390625 839.677734375 842.636596679688 849.930908203125 855.606079101562 859.302673339844 862.755126953125
802.327575683594 797.327819824219 789.540222167969 765.6142578125 738.097534179688 740.196838378906 769.829467773438 800.343017578125 834.830627441406 855.994262695312 863.710205078125 863.865783691406 864.419738769531 861.168884277344 853.920593261719 852.909912109375 853.228576660156 855.035278320312 849.844665527344 840.005737304688 838.245849609375 823.876281738281 813.662780761719 804.507995605469 798.950744628906 791.521728515625 796.876831054688 794.884216308594 799.761840820312 804.733642578125 808.298950195312 814.980773925781 821.075988769531 816.894836425781 821.479309082031 824.503601074219 820.376342773438 817.826293945312 820.713562011719 829.665466308594 832.175476074219 833.003356933594 831.879943847656 826.406311035156 825.724670410156 838.868774414062 846.557922363281 851.494384765625 859.155090332031
802.516540527344 799.813171386719 795.050476074219 776.469970703125 756.899597167969 767.100158691406 775.768737792969 793.582458496094 830.252868652344 861.532287597656 867.642883300781 861.073791503906 863.138122558594 865.566955566406 864.990661621094 860.850891113281 856.38037109375 852.4326171875 843.624572753906 838.801330566406 836.668579101562 825.272766113281 814.27099609375 806.74267578125 796.678466796875 789.624633789062 789.276916503906 796.039978027344 798.332397460938 800.825439453125 802.560852050781 810.884643554688 813.675170898438 806.526123046875 814.343444824219 818.558166503906 816.967651367188 814.324157714844 814.290649414062 819.822937011719 815.520568847656 823.140319824219 821.390014648438 821.916076660156 822.653930664062 829.495483398438 835.937622070312 842.709411621094 848.459533691406
811.767517089844 806.178039550781 803.129211425781 802.532836914062 817.076721191406 825.282653808594 822.756530761719 828.068420410156 851.525390625 864.447509765625 863.173461914062 856.134765625 853.898132324219 863.182922363281 860.60009765625 855.793823242188 849.135986328125 842.271728515625 834.390014648438 835.466552734375 835.656188964844 836.366821289062 825.392822265625 818.341369628906 805.324829101562 797.023681640625 793.719909667969 800.421508789062 799.74365234375 796.780700683594 794.718383789062 802.433166503906 802.263977050781 802.412780761719 816.488342285156 806.224365234375 808.849792480469 814.067138671875 816.153137207031 816.909423828125 813.616821289062 819.388000488281 819.382202148438 815.888610839844 817.971923828125 816.660278320312 815.228576660156 827.771606445312 835.130920410156
