model/data/bioclim/bclim6.asc
NCOLS 300 
NROWS 300 
XLLCORNER -125.250000000003 
YLLCORNER 30.7499999999996 
CELLSIZE 0.041666666666667 
NODATA_value -32768 
[rows 195 to 233 of 300, columns 178 to 266 of 300]
0 0 0 1 2 2 2 3 4 4 6 7 7 7 5 3 4 2 -2 -5 -6 -6 5 11 14 16 15 13 6 4 5 8 14 17 18 22 23 27 25 24 29 31 31 32 31 30 27 17 18 12 12 20 24 26 25 22 9 -4 0 1 10 14 17 19 21 22 24 26 32 37 39 39 37 34 38 43 48 48 46 42 37 31 24 7 17 22 22 20 17
-1 -1 0 0 1 1 2 3 3 5 6 8 8 9 9 8 7 3 -3 -10 -9 -5 5 12 15 18 18 17 14 11 12 13 14 19 19 18 20 27 28 29 30 31 32 32 32 31 29 26 20 20 19 24 28 29 26 21 9 6 12 12 19 19 15 22 24 24 28 27 32 36 38 41 39 36 41 47 50 49 46 43 36 30 25 13 15 23 23 22 19
-2 -1 -1 0 0 1 2 2 3 4 6 7 9 9 10 9 8 5 2 0 1 2 1 2 8 16 18 18 18 17 16 17 20 21 19 21 22 26 28 30 30 31 31 29 30 32 32 30 27 26 27 30 31 29 26 18 14 10 21 24 25 24 25 26 29 30 31 31 33 32 37 41 42 36 38 49 50 50 48 44 39 32 26 14 19 24 24 23 20
-4 -2 -1 -1 0 0 1 2 3 4 6 7 7 8 8 9 9 8 4 3 5 7 3 -1 4 14 17 19 19 19 20 20 20 14 12 17 21 23 27 29 28 27 25 26 24 29 32 33 32 32 32 33 32 29 18 8 26 23 28 29 30 31 31 31 32 34 35 35 37 38 40 42 44 41 45 50 51 51 49 46 42 37 28 14 15 23 25 24 21
-5 -4 -2 -2 -1 0 0 0 1 3 5 6 7 7 8 9 9 9 8 8 7 12 14 12 7 15 18 19 20 20 19 19 17 11 9 11 15 20 24 28 22 21 16 24 24 24 28 33 33 33 31 31 31 28 15 12 29 31 32 33 34 34 35 35 36 37 37 38 39 41 42 44 46 46 49 51 52 52 51 48 44 40 34 23 17 18 22 26 23
-5 -4 -3 -3 -3 -1 -1 -1 -1 1 4 5 6 6 6 8 9 10 10 11 13 13 15 17 18 19 19 20 20 20 19 17 15 10 6 6 9 18 22 26 19 18 19 22 21 27 32 33 32 31 29 30 29 27 14 23 31 34 35 36 37 38 39 39 39 39 37 37 41 42 41 42 45 48 49 51 52 52 51 49 46 43 38 30 27 22 16 26 25
-5 -5 -4 -3 -3 -2 -1 0 0 1 1 2 5 4 5 8 8 8 5 5 9 11 13 15 18 19 19 20 21 21 21 18 18 15 9 3 10 20 26 30 27 25 20 20 21 26 31 32 30 28 25 23 27 23 10 28 33 36 38 39 40 41 42 42 42 40 37 37 42 42 38 39 45 46 46 50 52 52 52 51 48 45 41 37 33 26 20 24 27
-6 -5 -4 -3 -4 -4 -3 0 0 1 2 2 4 6 6 7 6 5 5 4 1 2 2 4 7 10 9 12 20 22 21 21 21 20 18 15 14 18 25 29 30 28 25 21 23 27 29 30 29 15 4 -1 17 24 27 32 36 38 40 41 43 44 44 44 42 40 37 40 43 43 42 42 42 42 38 48 52 52 52 52 49 47 44 41 38 33 30 30 28
-7 -6 -5 -4 -3 -3 -3 -2 0 1 2 3 5 5 5 3 3 1 1 3 1 -2 -4 -6 -7 -11 -10 4 13 17 17 19 20 20 19 18 15 14 21 27 30 28 23 22 21 22 26 26 24 23 13 11 21 26 31 35 37 37 34 37 44 45 46 44 41 36 34 40 44 46 45 44 42 42 44 48 51 52 53 52 50 48 46 44 41 38 36 33 30
-6 -5 -5 -4 -3 -5 -8 -5 -1 1 2 4 2 0 2 -1 -4 -4 -1 0 0 -2 -6 -9 -13 -10 -7 -4 -2 -1 3 9 15 18 19 20 20 20 23 26 27 27 25 25 26 25 26 26 26 25 26 28 28 31 34 37 35 33 35 41 46 47 46 44 37 31 34 41 45 47 46 44 42 42 42 45 49 51 51 52 51 49 47 45 43 40 37 34 31
-6 -5 -4 -4 -2 -3 -5 -6 -1 1 2 4 0 -6 -4 -4 -7 -10 -13 -8 -5 -12 -12 -14 -30 -16 -11 -16 -16 -14 -6 -2 3 10 15 22 22 19 18 21 22 23 27 29 30 29 29 31 28 29 32 34 32 32 37 40 40 40 42 46 48 47 45 42 38 35 38 43 46 47 45 42 43 44 43 42 45 47 45 43 50 48 42 42 41 39 36 32 28
-4 -3 -2 -2 -2 -1 -1 -3 0 2 1 3 -3 -10 -5 -4 -6 -9 -12 -4 -5 -14 -22 -14 -15 -25 -9 -12 -20 -18 -6 -4 -1 2 9 22 22 19 15 16 24 28 31 33 33 33 33 34 36 34 34 38 39 37 39 43 45 46 48 49 48 46 43 39 36 37 39 44 48 48 44 43 44 46 46 44 43 40 38 45 49 50 44 41 39 36 33 30 28
-3 -2 -2 -2 -1 -1 0 0 1 1 1 2 -4 -5 -3 -3 -5 -6 -17 -12 0 -4 -5 -7 -10 -5 -4 -9 -5 -1 -2 4 7 2 10 15 16 16 15 16 24 32 35 37 38 39 40 41 42 43 40 39 44 46 45 45 47 49 51 51 48 43 37 34 34 38 42 45 49 49 45 44 47 48 48 46 44 38 40 45 49 51 49 46 38 28 23 23 24
-2 -2 -2 -2 -2 -2 -2 -1 0 0 0 0 0 -2 -3 -1 -5 -3 -7 -14 -2 4 2 0 -2 0 -4 -4 0 3 7 10 12 10 7 4 3 5 13 18 22 28 33 37 40 42 44 45 45 47 48 48 48 49 51 51 50 51 51 51 48 40 26 23 31 38 43 47 49 50 48 47 49 50 49 48 45 42 34 38 46 51 51 48 42 33 18 11 15
-2 -3 -3 -3 -4 -4 -4 -3 -2 -2 -1 -1 -2 0 -1 0 0 -7 -10 -11 2 6 6 5 3 0 -1 0 6 7 5 10 10 9 10 7 8 4 6 12 16 23 29 33 37 42 45 45 46 48 48 50 50 51 52 53 52 52 48 50 48 45 36 30 27 36 45 49 51 51 50 50 51 51 51 49 48 45 43 45 49 51 51 50 45 38 29 18 19
-6 -7 -7 -7 -7 -7 -7 -6 -5 -4 -4 -3 -2 0 0 0 0 -2 -9 1 5 7 7 6 1 3 6 4 6 11 10 8 11 14 16 14 13 13 11 10 12 16 23 27 30 33 43 45 47 48 49 50 51 52 53 53 54 53 45 52 51 48 39 29 38 36 48 51 53 52 50 50 50 51 51 51 49 48 48 49 50 51 51 51 48 44 37 32 30
-13 -18 -19 -16 -13 -13 -11 -10 -9 -7 -6 -4 -2 0 2 0 -3 -2 1 4 4 5 6 6 6 6 7 9 10 12 11 12 9 9 18 17 6 13 15 16 14 16 20 26 31 33 39 43 45 46 49 51 52 52 53 54 55 55 55 55 53 51 43 38 41 47 52 54 54 52 49 47 48 49 51 51 51 50 50 50 50 50 51 51 50 48 43 39 34
-28 -34 -39 -41 -33 -23 -19 -16 -13 -10 -8 -6 -3 0 2 -15 -14 -19 -25 -12 -6 -4 -1 -1 -1 0 3 7 10 12 12 13 11 13 16 18 15 13 15 19 21 17 21 19 27 30 32 38 35 37 47 51 52 51 52 55 56 56 57 57 56 54 49 41 47 52 54 55 53 51 48 43 38 45 49 50 50 50 50 49 48 48 48 48 49 49 48 45 39
-49 -51 -33 -47 -48 -38 -23 -11 -13 -12 -10 -6 -3 0 -2 -16 -25 -37 -47 -55 -42 -34 -33 -25 -31 -13 -4 0 5 8 8 6 9 13 15 16 17 17 19 21 24 18 18 17 19 23 20 27 29 33 44 49 52 51 52 55 56 57 58 58 56 56 54 43 51 55 56 56 54 49 43 38 39 43 48 49 50 48 47 46 44 43 40 38 40 46 47 48 45
-36 -30 -18 -41 -59 -44 -28 -10 0 -9 -10 -4 1 -4 -23 -21 -21 -39 -50 -61 -65 -67 -68 -65 -54 -38 -42 -25 -23 -14 -10 -5 3 10 12 13 16 17 19 21 24 22 19 22 23 27 29 25 26 28 40 47 50 51 51 53 56 57 58 58 56 58 58 55 57 58 58 57 55 48 38 32 39 41 46 48 49 47 44 42 40 33 26 31 35 38 42 45 47
-2 -4 -14 -35 -52 -52 -34 -12 3 -2 -20 -16 -15 -19 -33 -34 -31 -38 -50 -59 -66 -66 -66 -66 -63 -59 -56 -47 -34 -33 -23 -15 -3 7 11 12 15 16 17 19 21 24 23 25 29 32 34 32 23 29 36 42 47 49 48 50 54 57 58 59 58 58 60 60 60 60 59 58 56 50 45 37 36 43 43 48 49 48 46 43 43 40 37 34 36 41 44 45 46
18 15 2 -13 -31 -49 -43 -21 2 14 17 2 -10 -17 -29 -29 -38 -49 -61 -56 -63 -66 -66 -67 -66 -66 -65 -58 -41 -35 -22 -11 -4 5 8 10 13 16 17 19 21 25 28 27 30 33 37 39 35 34 35 27 40 45 45 40 49 55 58 60 59 57 56 60 61 60 60 59 57 53 49 42 37 45 47 48 49 49 48 47 46 45 44 43 44 45 46 45 41
19 21 4 0 -4 -7 -2 4 9 27 32 34 30 23 14 8 -11 -29 -37 -31 -40 -44 -49 -59 -67 -69 -69 -64 -53 -36 -19 -7 -4 1 6 10 14 18 19 20 22 25 28 30 32 35 37 40 42 44 43 39 35 42 42 37 39 51 57 60 60 58 48 55 59 60 60 59 58 55 52 47 43 47 49 49 49 49 49 48 47 47 46 46 45 45 44 42 37
37 37 33 33 35 37 39 42 43 40 40 41 40 39 35 26 16 6 7 -12 -41 -61 -69 -68 -66 -64 -65 -61 -51 -31 -17 -8 -2 1 7 12 16 18 19 19 21 23 27 29 30 33 37 40 43 45 47 47 48 43 44 41 41 46 55 58 60 59 55 45 57 60 60 59 58 56 54 51 47 49 50 50 50 49 49 48 47 47 46 46 45 44 42 40 37
48 48 47 47 48 51 53 53 51 48 46 44 43 41 39 37 34 27 12 -7 -24 -51 -64 -75 -77 -68 -59 -38 -31 -18 -2 7 4 5 6 3 9 10 9 8 15 11 16 24 24 30 35 39 42 43 44 46 46 46 43 42 42 47 53 57 59 59 54 52 58 60 60 59 57 57 55 53 52 51 51 50 48 48 48 47 47 47 46 45 44 42 40 37 35
50 50 50 51 52 53 55 56 54 51 49 47 45 42 39 37 35 30 22 14 -13 -46 -58 -62 -61 -44 -23 -12 -5 8 17 17 8 0 -7 -7 -6 4 2 1 0 -7 3 17 14 17 29 30 37 39 37 34 39 39 43 45 45 44 41 50 58 59 57 55 57 58 58 57 55 54 55 54 53 52 51 48 45 46 46 45 46 45 45 44 42 40 38 34 32
52 51 52 52 52 53 53 53 52 49 49 47 44 38 35 35 32 31 29 20 1 -11 -17 -28 -37 -33 -20 8 15 23 25 24 9 12 -1 -10 -14 -11 -6 -1 -1 -1 1 9 11 16 23 25 31 35 37 37 42 40 41 50 51 42 32 38 53 59 57 51 50 53 55 56 54 52 54 54 53 52 50 48 46 45 45 43 45 45 43 42 40 38 36 33 31
53 52 53 53 52 52 51 50 50 49 47 46 39 30 30 29 32 32 31 27 21 13 9 13 8 0 -3 6 25 32 37 38 30 24 15 8 -2 -8 -9 -4 -4 -1 1 8 14 20 25 26 25 32 40 44 47 50 52 54 55 54 49 39 52 59 60 57 51 40 44 54 54 54 53 53 52 51 50 48 47 46 46 45 45 43 42 40 38 36 35 32 30
54 52 52 53 52 51 49 49 48 47 46 44 39 36 35 34 34 33 32 32 31 30 27 31 31 31 34 35 34 39 43 44 43 38 32 21 19 2 2 -9 -7 5 7 9 17 27 32 36 32 36 43 45 47 49 53 55 56 57 58 46 54 60 61 60 57 53 49 53 52 50 52 52 52 50 49 47 46 45 45 44 43 42 41 39 37 35 33 31 28
58 56 53 53 52 50 48 48 47 46 44 40 36 37 36 35 34 37 36 33 32 32 26 17 26 28 24 35 39 44 47 48 47 42 39 39 34 28 24 14 3 1 8 11 13 21 30 34 36 38 40 42 42 41 42 37 47 58 61 54 56 61 61 60 59 57 53 53 53 48 47 51 50 47 47 44 42 44 44 43 42 41 40 38 36 34 33 30 28
60 58 55 51 41 49 48 47 45 43 41 38 36 36 37 35 35 38 38 37 33 28 14 2 -3 -10 -37 -7 -9 22 46 51 51 46 46 43 42 39 33 24 14 6 1 7 8 17 16 17 26 32 35 36 38 37 33 40 55 61 62 59 50 60 61 60 59 57 51 49 54 53 51 48 49 49 47 43 42 43 43 42 41 40 38 37 35 34 32 31 29
61 59 55 47 34 29 40 46 44 41 36 34 33 34 36 36 36 35 33 38 37 26 23 13 0 -30 -43 -64 -52 -8 35 52 52 51 49 48 46 42 37 37 31 20 10 8 12 11 9 15 22 27 29 31 31 30 29 38 55 61 61 62 61 60 60 59 57 51 47 50 54 52 51 51 49 49 47 46 41 42 42 41 40 39 38 36 35 34 33 31 30
62 61 57 54 43 28 25 36 44 38 32 31 32 35 36 37 35 31 33 37 37 37 35 32 5 -13 -36 -49 -48 -14 36 45 46 50 49 48 46 45 42 41 39 34 24 19 17 15 14 18 21 18 21 26 25 31 33 38 53 60 61 61 60 60 59 59 55 42 45 52 54 52 47 50 50 49 47 46 44 42 41 39 39 39 37 37 36 35 34 32 31
62 61 61 53 49 36 13 14 32 39 38 35 34 35 35 36 36 35 37 37 37 35 34 32 25 0 -16 -25 -32 -8 23 39 30 39 48 47 46 44 43 41 39 38 33 27 23 16 10 17 21 15 12 25 26 35 36 41 54 58 59 59 59 59 58 58 56 53 54 54 54 53 48 47 50 49 47 45 43 41 40 39 39 38 37 37 36 35 35 34 33
63 62 64 59 53 45 31 26 15 25 37 35 35 35 35 36 36 37 37 36 36 31 26 23 14 3 -9 -9 -14 -24 -8 24 14 30 44 42 44 43 41 39 38 37 36 34 31 31 29 31 33 32 33 38 43 45 47 49 48 50 54 53 57 57 57 57 57 56 55 55 54 53 51 46 48 48 47 45 42 39 38 37 37 38 37 38 37 36 36 35 35
66 65 64 62 57 53 47 34 24 26 30 35 35 35 34 35 36 37 35 31 30 30 21 9 14 5 -6 -13 -6 -16 -22 6 3 9 30 35 43 42 40 38 37 36 36 36 34 35 38 37 36 36 36 35 38 39 42 45 39 33 38 41 48 54 55 55 55 55 55 54 53 52 51 49 48 48 47 45 41 38 37 37 37 38 38 39 38 37 37 37 37
64 64 64 62 59 55 51 46 37 33 28 23 33 36 36 35 37 38 36 34 30 25 20 10 3 0 0 -11 -13 -8 -17 0 2 1 8 8 32 42 40 38 37 37 37 36 37 37 37 32 26 29 32 35 37 39 41 43 39 32 30 32 42 47 52 54 54 54 54 53 53 52 51 50 49 49 47 44 40 37 37 37 38 38 39 39 40 39 39 39 39
65 63 62 62 60 58 56 50 37 33 34 32 32 36 39 39 39 39 37 36 32 27 24 14 7 1 4 1 0 -6 -9 -7 -14 -12 -5 -11 4 34 38 39 38 38 38 38 39 39 39 39 33 26 32 37 40 42 41 41 40 34 27 25 34 41 49 51 52 52 53 52 52 51 50 50 49 48 47 44 41 39 38 38 39 39 40 40 41 40 41 41 41
-32768 63 62 62 61 59 57 52 41 42 37 32 33 35 37 41 42 40 39 38 29 31 26 20 10 7 4 2 2 -2 -1 -7 -23 -33 -29 -5 9 27 38 39 39 40 40 40 41 42 41 42 43 42 43 43 41 38 37 37 37 37 35 33 34 39 45 48 50 51 51 51 50 50 49 48 47 47 46 44 42 41 40 40 40 41 42 42 42 42 42 43 43
