model/data/bioclim/bclim11.asc
NCOLS 300 
NROWS 300 
XLLCORNER -125.25 
YLLCORNER 30.75 
CELLSIZE 0.0416666666666667 
NODATA_value -3.4e+38 
[rows 264 to 285 of 300, columns 196 to 244 of 300]
-3.4e+38 -3.4e+38 -3.4e+38 13.6944446563721 13.4813327789307 13.2446660995483 13.0393333435059 12.6260004043579 12.684666633606 12.6673336029053 11.9193334579468 11.5460004806519 11.8400001525879 12.0926666259766 11.6126670837402 11.1633329391479 10.5526666641235 9.5019998550415 8.55666637420654 7.42466688156128 7.12066698074341 6.97066640853882 6.78066682815552 6.50600004196167 6.0406665802002 5.58733320236206 5.55266666412354 5.77600002288818 6.82200002670288 9.89266681671143 12.3353338241577 13.457332611084 13.8499994277954 13.9026660919189 14.042667388916 14.206000328064 14.2239999771118 14.0806665420532 13.9173336029053 13.5880002975464 13.9739999771118 14.4146671295166 14.0453338623047 13.8380002975464 13.8133335113525 13.6840000152588 13.5139999389648 13.3513336181641 13.2493333816528
-3.4e+38 -3.4e+38 -3.4e+38 -3.4e+38 13.1427536010742 12.985333442688 13.0286664962769 12.8613338470459 13.0100002288818 12.8226671218872 12.4020004272461 12.4320001602173 12.0493335723877 11.7013339996338 11.6333332061768 11.0679998397827 10.5973329544067 10.2220001220703 8.98600006103516 7.73533344268799 7.42133331298828 7.01666688919067 7.02266693115234 6.49266672134399 6.05666637420654 5.54199981689453 5.31933355331421 5.27799987792969 5.6100001335144 7.19466686248779 10.6133327484131 12.8280000686646 13.6440000534058 13.7746667861938 13.6620006561279 13.6873340606689 13.9473333358765 14.0139999389648 14.1733331680298 14.0313329696655 13.8559999465942 14.326000213623 14.2346668243408 14.0633335113525 13.9340000152588 13.6719999313354 13.3653335571289 13.1973333358765 13.1660003662109
-3.4e+38 -3.4e+38 -3.4e+38 -3.4e+38 13.0333337783813 12.8940000534058 13.2226667404175 13.3993330001831 13.1726665496826 12.9266662597656 12.8706665039062 12.5833330154419 12.2266664505005 12.3766670227051 12.0599994659424 11.6619997024536 11.3253335952759 10.7446670532227 9.69733333587646 9.05599975585938 8.19400024414062 7.55733346939087 7.22666645050049 6.76933336257935 6.26466655731201 5.67866659164429 5.28133344650269 5.22866678237915 5.46733331680298 6.34600019454956 9.15533351898193 12.2019996643066 13.3733329772949 13.760666847229 13.7573328018188 13.7273330688477 13.7919998168945 13.9326667785645 14.2559995651245 14.5286664962769 14.5679998397827 14.4433336257935 14.1939992904663 14.1040000915527 13.8826665878296 13.6866664886475 13.514666557312 13.4833335876465 13.4899997711182
-3.4e+38 -3.4e+38 -3.4e+38 -3.4e+38 13.0733337402344 13.0539999008179 13.2859992980957 13.3566665649414 13.2026672363281 12.7033338546753 12.7146663665771 12.6753330230713 12.5740003585815 12.3246669769287 11.9806671142578 11.7073335647583 11.6286668777466 10.1093330383301 9.71733379364014 9.27133369445801 8.76000022888184 8.27266693115234 7.70666646957397 7.30266666412354 6.93666648864746 6.25 5.48533344268799 5.3513331413269 5.52133321762085 5.98866701126099 7.54133319854736 11.25 12.9233331680298 13.6333332061768 13.8099994659424 13.9433336257935 13.9213333129883 13.8893337249756 14.0986671447754 14.3319997787476 14.3979997634888 14.1493330001831 13.1253328323364 13.8873329162598 13.7866668701172 13.5939998626709 13.6433334350586 13.8026666641235 13.9153327941895
-3.4e+38 -3.4e+38 -3.4e+38 -3.4e+38 13.2208337783813 13.0120000839233 13.033332824707 12.9873332977295 12.8780002593994 12.6386661529541 12.7446670532227 12.5593328475952 11.960000038147 10.9060001373291 10.5506658554077 10.7533330917358 11.1459999084473 10.720666885376 9.93266677856445 9.60799980163574 9.16800022125244 8.80666637420654 8.52799987792969 7.9433331489563 7.58266639709473 6.68800020217896 5.75466680526733 5.25733327865601 5.49333333969116 5.72466659545898 6.70133352279663 10.3439998626709 12.1346664428711 13.1859998703003 13.6826667785645 13.9739999771118 14.1066665649414 14.1593332290649 14.1873331069946 14.2326669692993 14.3186664581299 14.2066669464111 13.2639999389648 13.8000001907349 13.8546667098999 13.6946668624878 13.7146663665771 13.8686666488647 14.0266666412354
-3.4e+38 -3.4e+38 -3.4e+38 -3.4e+38 13.1944446563721 13.0951385498047 12.9406671524048 12.8039999008179 12.7586669921875 12.7973337173462 12.6546669006348 12.2453327178955 12.0520000457764 11.5453338623047 10.4233331680298 10.0880002975464 10.3179998397827 10.8126668930054 10.9693336486816 10.4213333129883 9.92133331298828 9.38266658782959 9.26466655731201 8.95333290100098 8.33799934387207 7.16533327102661 6.18533325195312 5.48000001907349 5.38199996948242 5.76933336257935 6.7906665802002 9.59733295440674 11.8566665649414 12.8579998016357 13.5673332214355 13.8760004043579 14.2006664276123 14.3926668167114 14.3546667098999 14.3373336791992 14.4953336715698 14.5493335723877 14.2546663284302 14.1973333358765 14.1820001602173 14.0526666641235 13.9953336715698 13.945333480835 14.0586671829224
-3.4e+38 -3.4e+38 -3.4e+38 -3.4e+38 -3.4e+38 13.2066669464111 12.9961538314819 12.7287034988403 12.7119998931885 12.9540004730225 12.9253330230713 12.6246671676636 12.4806671142578 11.7526664733887 11.1613340377808 10.6013336181641 10.2666664123535 10.6300001144409 10.9246664047241 10.8173332214355 10.4913330078125 10.1079998016357 9.91599941253662 9.37133312225342 8.38599967956543 7.2553334236145 6.42600011825562 5.67733335494995 5.36600017547607 5.85333299636841 6.76800012588501 9.27200031280518 11.7819995880127 12.8579998016357 13.3759994506836 13.6286668777466 14.010666847229 14.3513336181641 14.5326671600342 14.5939998626709 14.6533336639404 14.8319997787476 14.9779996871948 15.0266666412354 14.8646659851074 14.6966667175293 14.5659999847412 14.5353336334229 14.5959997177124
-3.4e+38 -3.4e+38 -3.4e+38 -3.4e+38 -3.4e+38 -3.4e+38 -3.4e+38 12.7700004577637 12.8193330764771 13.1346664428711 13.1426668167114 12.9879999160767 12.3786668777466 12.5579996109009 12.4726667404175 11.7986669540405 11.1173334121704 10.7159996032715 10.7560005187988 10.5640001296997 10.4246664047241 10.474666595459 10.1520004272461 9.35000038146973 8.31400012969971 7.21066665649414 6.53666687011719 5.89599990844727 5.58733320236206 5.97599983215332 6.81333303451538 9.02533340454102 11.5393333435059 12.6499996185303 12.9879999160767 13.2533330917358 13.7259998321533 14.0939998626709 14.4286670684814 14.6073331832886 14.6413335800171 14.9273338317871 15.0753326416016 15.188666343689 15.1979999542236 15.1053333282471 15.0333337783813 15.1086664199829 15.1359996795654
-3.4e+38 -3.4e+38 -3.4e+38 -3.4e+38 -3.4e+38 -3.4e+38 -3.4e+38 12.6833333969116 13.1616668701172 13.0591669082642 13.1646661758423 13.4826669692993 13.0579996109009 12.6726665496826 12.3306665420532 11.7413330078125 11.4066667556763 11.0620002746582 10.8420000076294 10.6166667938232 10.4340000152588 10.4153327941895 10.3366670608521 9.78999996185303 8.69799995422363 7.55399990081787 6.76533365249634 6.19466686248779 5.84999990463257 6.06466674804688 6.54800033569336 8.14133358001709 10.514666557312 11.8319997787476 12.304666519165 12.8179998397827 13.0913333892822 13.4006662368774 14.0380001068115 14.4200000762939 14.6166667938232 14.9153337478638 15.1173334121704 15.1646661758423 15.1373329162598 15.0240001678467 15.1026668548584 15.2193336486816 15.2639999389648
-3.4e+38 -3.4e+38 -3.4e+38 -3.4e+38 -3.4e+38 -3.4e+38 -3.4e+38 -3.4e+38 -3.4e+38 12.8000001907349 13.2316665649414 13.3611116409302 12.9193334579468 12.6133337020874 12.3886671066284 11.2846670150757 11.7426662445068 11.449333190918 10.7620000839233 10.6719999313354 10.5433340072632 10.4866666793823 10.3673334121704 10.0380001068115 9.22799968719482 8.05533313751221 6.94400024414062 6.07999992370605 5.97200012207031 6.22800016403198 6.52866649627686 7.32400035858154 8.8120002746582 10.0433330535889 11.0126667022705 12.1806659698486 12.5319995880127 12.482666015625 13.2419996261597 14.2153329849243 14.6426668167114 14.7806663513184 14.981333732605 15.0193328857422 15.043999671936 14.8819999694824 14.981333732605 15.2559995651245 15.3579998016357
-3.4e+38 -3.4e+38 -3.4e+38 -3.4e+38 -3.4e+38 -3.4e+38 13.1499996185303 -3.4e+38 -3.4e+38 -3.4e+38 -3.4e+38 13.0458335876465 12.8413333892822 12.3540000915527 12.3593330383301 11.9833335876465 11.4553337097168 10.6939992904663 10.8646669387817 10.7533330917358 10.3640003204346 10.1946668624878 10.0279998779297 9.61200046539307 9.3546667098999 8.58733367919922 7.4573335647583 6.6933331489563 6.36733341217041 6.4980001449585 6.70333337783813 6.86333322525024 7.3513331413269 8.92399978637695 10.6393327713013 11.8173332214355 12.260666847229 12.4226665496826 12.6966667175293 13.6820001602173 14.6226663589478 14.6380004882812 14.6746664047241 14.6586666107178 14.739333152771 14.6019992828369 14.8206663131714 15.2273330688477 15.4633331298828
-3.4e+38 -3.4e+38 -3.4e+38 -3.4e+38 -3.4e+38 -3.4e+38 -3.4e+38 -3.4e+38 -3.4e+38 -3.4e+38 12.7666664123535 12.9683332443237 13.1426668167114 13.0019998550415 12.485333442688 12.2993335723877 11.8686666488647 10.7880001068115 9.64200019836426 10.3906669616699 10.4340000152588 10.2886667251587 10.0026664733887 9.74533367156982 9.19400024414062 8.8080005645752 8.53466701507568 8.02933311462402 7.2480001449585 7.16266679763794 7.24266672134399 7.27133321762085 7.59466648101807 8.13533306121826 9.93733310699463 11.3693332672119 12.0459995269775 12.2626667022705 12.2406663894653 13.0646667480469 14.4980001449585 14.7486667633057 14.7259998321533 14.5686664581299 14.543999671936 14.4799995422363 14.5573329925537 15.0326662063599 15.4446659088135
-3.4e+38 -3.4e+38 -3.4e+38 -3.4e+38 -3.4e+38 -3.4e+38 -3.4e+38 -3.4e+38 12.7370367050171 12.7606058120728 12.8450002670288 12.9553327560425 13.1193332672119 12.8979997634888 12.6646661758423 12.53600025177 12.2926664352417 11.2639999389648 10.3900003433228 10.4073333740234 10.268666267395 10.1333332061768 9.93000030517578 9.7859992980957 9.35400009155273 8.77266693115234 8.69066619873047 8.77799987792969 8.26399993896484 7.97733354568481 7.94399976730347 7.6933331489563 7.76133346557617 9.41933345794678 9.53666687011719 11.0279998779297 11.8253335952759 11.9513330459595 12.010666847229 12.7959995269775 14.1273336410522 14.6233329772949 14.7659997940063 14.4886665344238 14.3833332061768 14.514666557312 14.6433334350586 15.1406669616699 15.4553337097168
-3.4e+38 -3.4e+38 -3.4e+38 -3.4e+38 -3.4e+38 -3.4e+38 -3.4e+38 -3.4e+38 -3.4e+38 12.7527770996094 12.4295454025269 12.710000038147 12.953332901001 12.9033327102661 12.4546670913696 12.2226667404175 12.0013332366943 11.8366670608521 11.3940000534058 10.7279996871948 10.5093336105347 10.1226663589478 10.0319995880127 9.68400001525879 9.0086669921875 8.48066711425781 8.7006664276123 9.00399971008301 9.03800010681152 8.75266647338867 8.61266708374023 8.43066692352295 7.76666688919067 8.80200004577637 10.5393333435059 11.2573337554932 11.1706657409668 11.5053329467773 11.7813339233398 12.2473335266113 13.2066669464111 13.9553337097168 14.5100002288818 14.3586673736572 14.3339996337891 14.5906667709351 14.5840005874634 14.8426666259766 15.4919996261597
-3.4e+38 -3.4e+38 -3.4e+38 -3.4e+38 -3.4e+38 -3.4e+38 -3.4e+38 -3.4e+38 -3.4e+38 -3.4e+38 12.7588233947754 12.0813331604004 11.9079999923706 12.3306665420532 12.3600006103516 12.4566669464111 12.326000213623 12.3226661682129 12.043999671936 11.3793334960938 10.3420000076294 9.80599975585938 9.49199962615967 9.34000015258789 8.65066719055176 8.47866630554199 8.80599975585938 9.1046667098999 9.30933380126953 9.32533264160156 9.17733383178711 8.95600032806396 8.57733345031738 8.54800033569336 9.43066692352295 9.98466682434082 10.5973329544067 11.1586666107178 11.6753330230713 12.0380001068115 12.7746667861938 13.4833335876465 14.0393333435059 14.1140003204346 14.3020000457764 14.4653329849243 14.1473331451416 14.6599998474121 15.5520000457764
-3.4e+38 -3.4e+38 -3.4e+38 -3.4e+38 -3.4e+38 -3.4e+38 -3.4e+38 -3.4e+38 -3.4e+38 -3.4e+38 12.5780305862427 12.0233335494995 12.1406669616699 11.684666633606 11.9673337936401 12.3246669769287 11.956000328064 11.5880002975464 11.4246664047241 10.3940000534058 9.62400054931641 10.0013332366943 9.63133335113525 9.32933330535889 8.91533374786377 8.68666648864746 8.86066627502441 9.00466728210449 9.24266624450684 9.41600036621094 9.47333335876465 9.51399993896484 9.12533378601074 8.57533359527588 8.58866691589355 8.4486665725708 9.38333320617676 10.4773330688477 11.5086669921875 12.3533334732056 12.9119997024536 13.3940000534058 13.6840000152588 13.8993339538574 14.1006669998169 14.0386667251587 13.691333770752 14.561333656311 15.6706666946411
-3.4e+38 -3.4e+38 -3.4e+38 -3.4e+38 -3.4e+38 -3.4e+38 -3.4e+38 -3.4e+38 -3.4e+38 12.4388885498047 12.6194448471069 12.8660001754761 12.8446664810181 12.4953336715698 12.3800001144409 12.460000038147 12.5159997940063 12.2299995422363 11.4393329620361 11.2600002288818 11.216667175293 11.0486669540405 9.63800048828125 9.15999984741211 8.39799976348877 8.57600021362305 8.80466651916504 8.88799953460693 9.05866622924805 9.18533325195312 9.26000022888184 9.46733283996582 9.67599964141846 9.31866645812988 8.92800045013428 7.92933320999146 7.82200002670288 9.23466682434082 10.9686670303345 12.1766672134399 12.5346670150757 12.9073333740234 13.279333114624 13.4406661987305 13.7193336486816 13.9766664505005 14.7926664352417 15.6533336639404 15.9359998703003
-3.4e+38 -3.4e+38 -3.4e+38 -3.4e+38 -3.4e+38 -3.4e+38 -3.4e+38 -3.4e+38 -3.4e+38 -3.4e+38 12.779167175293 12.8173608779907 12.7073335647583 12.3833332061768 12.3559999465942 12.3106660842896 12.3459997177124 12.2160005569458 12.0953330993652 11.5900001525879 10.5486669540405 10.0859994888306 9.42466640472412 8.84866619110107 8.77533340454102 8.75733375549316 8.6453332901001 8.760666847229 9.32600021362305 9.10200023651123 9.13199996948242 9.36000061035156 9.71133327484131 9.62266635894775 9.41399955749512 8.35066699981689 7.24333333969116 8.23333358764648 10.2180004119873 11.4259996414185 11.742000579834 12.1933336257935 12.7439994812012 12.960000038147 13.3786668777466 14.2906665802002 15.28600025177 15.7173328399658 15.7159996032715
-3.4e+38 -3.4e+38 -3.4e+38 -3.4e+38 -3.4e+38 -3.4e+38 -3.4e+38 -3.4e+38 -3.4e+38 -3.4e+38 -3.4e+38 12.9152774810791 13.0550727844238 13.0679998397827 12.7186660766602 12.2773332595825 12.2613334655762 12.2306671142578 12.3266668319702 12.2340002059937 11.8219995498657 11.4780006408691 11.2746667861938 10.2200002670288 10.264666557312 10.1979999542236 9.16133308410645 9.18333339691162 9.37466621398926 8.81933307647705 8.81133365631104 9.09666633605957 9.43466663360596 9.41133308410645 9.78400039672852 8.83066654205322 7.80866670608521 8.5580005645752 9.80999946594238 10.9633331298828 11.4580001831055 11.9739999771118 12.5159997940063 12.6753330230713 12.7160005569458 13.6560001373291 14.753999710083 15.2199993133545 15.4593334197998
-3.4e+38 -3.4e+38 -3.4e+38 -3.4e+38 -3.4e+38 -3.4e+38 -3.4e+38 -3.4e+38 -3.4e+38 -3.4e+38 -3.4e+38 -3.4e+38 13.3000001907349 13.2194442749023 12.9386672973633 12.5040006637573 12.3993339538574 12.4273328781128 12.434666633606 12.510666847229 12.2679996490479 11.8680000305176 12.2326669692993 12.2313327789307 11.6893329620361 11.2480001449585 10.5773334503174 10.2159996032715 9.46799945831299 9.16733360290527 9.04199981689453 9.1453332901001 9.49666690826416 9.88000011444092 9.49066638946533 9.07999992370605 8.8953332901001 9.06133365631104 9.95466709136963 10.503999710083 11.28600025177 11.8786668777466 12.3066663742065 12.5159997940063 12.978666305542 13.6886672973633 14.4446668624878 14.974666595459 15.3719997406006
-3.4e+38 -3.4e+38 -3.4e+38 -3.4e+38 -3.4e+38 -3.4e+38 -3.4e+38 -3.4e+38 -3.4e+38 -3.4e+38 -3.4e+38 -3.4e+38 -3.4e+38 13.1166667938232 12.783332824707 12.3833332061768 12.5993337631226 12.5199995040894 12.5153331756592 12.5599994659424 12.46399974823 12.4633331298828 12.6660003662109 12.4946670532227 12.0406665802002 11.7486667633057 11.2913331985474 10.6759996414185 10.0980005264282 9.74733352661133 9.74266719818115 9.91266632080078 10.0866670608521 10.1040000915527 9.71399974822998 9.59133338928223 9.12199974060059 9.26666736602783 9.7073335647583 10.1046667098999 10.978666305542 11.5646667480469 11.5413331985474 11.7626667022705 12.782000541687 13.5900001525879 14.184666633606 14.6513328552246 15.0913333892822
-3.4e+38 -3.4e+38 -3.4e+38 -3.4e+38 -3.4e+38 -3.4e+38 -3.4e+38 -3.4e+38 -3.4e+38 -3.4e+38 -3.4e+38 -3.4e+38 -3.4e+38 -3.4e+38 12.6785717010498 12.7388887405396 12.4906663894653 12.3933334350586 12.6660003662109 12.7840003967285 12.7933330535889 12.9153337478638 12.7173337936401 12.5999994277954 12.5060005187988 12.3173332214355 11.9320001602173 11.3746662139893 10.4686670303345 9.89933300018311 9.82133388519287 9.9593334197998 10.0893335342407 10.2146663665771 9.98533344268799 9.86199951171875 9.48400020599365 9.06799983978271 9.51000022888184 10.6673336029053 11.2639999389648 11.53600025177 11.2180004119873 11.1166667938232 12.3693332672119 13.1173334121704 13.4939994812012 13.8766670227051 14.5319995880127
