model/data/bioclim/bclim17.asc
NCOLS 300 
NROWS 300 
XLLCORNER -125.25 
YLLCORNER 30.75 
CELLSIZE 0.0416666666666667 
NODATA_value -3.4e+38 
[rows 40 to 79 of 300, columns 0 to 88 of 300]
-3.4e+38 -3.4e+38 -3.4e+38 -3.4e+38 -3.4e+38 -3.4e+38 -3.4e+38 -3.4e+38 -3.4e+38 -3.4e+38 -3.4e+38 -3.4e+38 -3.4e+38 -3.4e+38 -3.4e+38 -3.4e+38 -3.4e+38 -3.4e+38 -3.4e+38 -3.4e+38 -3.4e+38 -3.4e+38 -3.4e+38 -3.4e+38 -3.4e+38 -3.4e+38 -3.4e+38 75 70 66 63 60 60 59 60 68 66 66 57 53 46 42 51 49 58 76 74 71 73 73 71 84 73 55 39 35 33 33 35 40 45 44 51 44 41 42 42 41 41 41 40 41 43 48 63 61 53 66 61 48 48 52 59 59 61 61 65 68 65
-3.4e+38 -3.4e+38 -3.4e+38 -3.4e+38 -3.4e+38 -3.4e+38 -3.4e+38 -3.4e+38 -3.4e+38 -3.4e+38 -3.4e+38 -3.4e+38 -3.4e+38 -3.4e+38 -3.4e+38 -3.4e+38 -3.4e+38 -3.4e+38 -3.4e+38 -3.4e+38 -3.4e+38 -3.4e+38 -3.4e+38 -3.4e+38 -3.4e+38 -3.4e+38 -3.4e+38 -3.4e+38 69 65 62 61 64 57 56 61 62 58 58 49 50 42 49 59 67 73 68 52 60 57 73 75 69 57 49 36 33 33 38 48 55 48 52 45 40 41 41 42 41 41 42 43 46 53 79 72 58 64 72 62 56 56 58 56 55 52 55 56 56
-3.4e+38 -3.4e+38 -3.4e+38 -3.4e+38 -3.4e+38 -3.4e+38 -3.4e+38 -3.4e+38 -3.4e+38 -3.4e+38 -3.4e+38 -3.4e+38 -3.4e+38 -3.4e+38 -3.4e+38 -3.4e+38 -3.4e+38 -3.4e+38 -3.4e+38 -3.4e+38 -3.4e+38 -3.4e+38 -3.4e+38 -3.4e+38 -3.4e+38 -3.4e+38 -3.4e+38 -3.4e+38 68 64 61 60 57 57 51 54 54 56 58 52 48 42 45 57 59 53 58 44 52 60 74 73 71 66 61 51 35 33 37 43 55 55 53 45 43 45 41 42 41 41 45 54 64 69 67 65 65 65 69 60 55 51 51 49 48 48 48 48 48
-3.4e+38 -3.4e+38 -3.4e+38 -3.4e+38 -3.4e+38 -3.4e+38 -3.4e+38 -3.4e+38 -3.4e+38 -3.4e+38 -3.4e+38 -3.4e+38 -3.4e+38 -3.4e+38 -3.4e+38 -3.4e+38 -3.4e+38 -3.4e+38 -3.4e+38 -3.4e+38 -3.4e+38 -3.4e+38 -3.4e+38 -3.4e+38 -3.4e+38 -3.4e+38 -3.4e+38 -3.4e+38 67 62 58 57 55 53 52 55 55 56 58 58 53 44 43 49 45 44 44 51 71 71 59 52 62 74 64 54 39 34 40 40 51 54 53 56 64 54 43 41 41 44 50 72 102 116 88 69 67 60 59 58 50 49 49 46 46 44 44 43 44
-3.4e+38 -3.4e+38 -3.4e+38 -3.4e+38 -3.4e+38 -3.4e+38 -3.4e+38 -3.4e+38 -3.4e+38 -3.4e+38 -3.4e+38 -3.4e+38 -3.4e+38 -3.4e+38 -3.4e+38 -3.4e+38 -3.4e+38 -3.4e+38 -3.4e+38 -3.4e+38 -3.4e+38 -3.4e+38 -3.4e+38 -3.4e+38 -3.4e+38 -3.4e+38 -3.4e+38 -3.4e+38 65 60 57 54 54 56 58 63 55 54 56 51 52 44 41 42 41 49 57 69 73 63 61 51 62 66 69 64 43 37 39 47 46 47 51 67 86 64 56 45 44 46 53 74 120 136 94 67 55 50 48 47 47 52 50 47 46 43 43 41 41
-3.4e+38 -3.4e+38 -3.4e+38 -3.4e+38 -3.4e+38 -3.4e+38 -3.4e+38 -3.4e+38 -3.4e+38 -3.4e+38 -3.4e+38 -3.4e+38 -3.4e+38 -3.4e+38 -3.4e+38 -3.4e+38 -3.4e+38 -3.4e+38 -3.4e+38 -3.4e+38 -3.4e+38 -3.4e+38 -3.4e+38 -3.4e+38 -3.4e+38 -3.4e+38 -3.4e+38 -3.4e+38 62 58 57 54 51 52 56 58 52 57 52 45 45 42 43 43 40 49 65 69 71 49 49 58 48 54 80 61 43 42 40 49 44 50 60 76 79 75 78 62 47 47 49 62 79 87 73 60 52 48 46 46 53 56 53 47 47 44 43 40 40
-3.4e+38 -3.4e+38 -3.4e+38 -3.4e+38 -3.4e+38 -3.4e+38 -3.4e+38 -3.4e+38 -3.4e+38 -3.4e+38 -3.4e+38 -3.4e+38 -3.4e+38 -3.4e+38 -3.4e+38 -3.4e+38 -3.4e+38 -3.4e+38 -3.4e+38 -3.4e+38 -3.4e+38 -3.4e+38 -3.4e+38 -3.4e+38 -3.4e+38 -3.4e+38 -3.4e+38 60 58 57 56 52 51 49 54 56 51 49 47 47 39 38 52 51 42 44 49 53 51 43 43 53 43 56 73 75 54 44 41 43 46 55 67 75 66 79 89 73 51 46 45 50 58 58 55 50 48 46 47 46 47 48 49 48 48 45 43 41 41
-3.4e+38 -3.4e+38 -3.4e+38 -3.4e+38 -3.4e+38 -3.4e+38 -3.4e+38 -3.4e+38 -3.4e+38 -3.4e+38 -3.4e+38 -3.4e+38 -3.4e+38 -3.4e+38 -3.4e+38 -3.4e+38 -3.4e+38 -3.4e+38 -3.4e+38 -3.4e+38 -3.4e+38 -3.4e+38 -3.4e+38 -3.4e+38 -3.4e+38 -3.4e+38 -3.4e+38 58 57 54 54 52 51 46 46 46 54 45 42 42 38 43 54 56 45 42 41 42 48 54 51 48 52 70 76 80 63 54 54 66 64 64 59 54 64 79 74 63 50 46 45 46 52 50 48 47 47 47 47 48 48 47 47 48 48 46 44 41 40
-3.4e+38 -3.4e+38 -3.4e+38 -3.4e+38 -3.4e+38 -3.4e+38 -3.4e+38 -3.4e+38 -3.4e+38 -3.4e+38 -3.4e+38 -3.4e+38 -3.4e+38 -3.4e+38 -3.4e+38 -3.4e+38 -3.4e+38 -3.4e+38 -3.4e+38 -3.4e+38 -3.4e+38 -3.4e+38 -3.4e+38 -3.4e+38 -3.4e+38 -3.4e+38 -3.4e+38 55 56 50 52 51 48 49 49 42 49 47 41 47 41 43 55 62 50 50 42 41 42 44 55 59 55 57 65 71 68 74 73 80 69 59 46 59 70 73 68 65 64 57 53 45 48 48 45 47 46 47 49 50 50 50 49 51 49 46 45 42 41
-3.4e+38 -3.4e+38 -3.4e+38 -3.4e+38 -3.4e+38 -3.4e+38 -3.4e+38 -3.4e+38 -3.4e+38 -3.4e+38 -3.4e+38 -3.4e+38 -3.4e+38 -3.4e+38 -3.4e+38 -3.4e+38 -3.4e+38 -3.4e+38 -3.4e+38 -3.4e+38 -3.4e+38 -3.4e+38 -3.4e+38 -3.4e+38 -3.4e+38 -3.4e+38 52 53 54 48 47 49 48 50 49 43 41 40 46 48 46 47 47 62 65 55 46 45 43 44 49 49 46 59 73 79 75 71 78 71 64 57 45 58 61 69 72 67 55 56 47 44 48 48 45 46 46 51 54 57 58 58 54 53 49 47 46 42 40
-3.4e+38 -3.4e+38 -3.4e+38 -3.4e+38 -3.4e+38 -3.4e+38 -3.4e+38 -3.4e+38 -3.4e+38 -3.4e+38 -3.4e+38 -3.4e+38 -3.4e+38 -3.4e+38 -3.4e+38 -3.4e+38 -3.4e+38 -3.4e+38 -3.4e+38 -3.4e+38 -3.4e+38 -3.4e+38 -3.4e+38 -3.4e+38 -3.4e+38 -3.4e+38 51 50 51 52 48 45 49 51 47 42 46 39 48 45 48 61 57 58 65 63 55 55 46 44 44 43 48 63 74 72 67 60 63 67 56 44 46 55 54 56 64 62 50 45 43 48 52 47 47 48 48 54 59 55 49 50 50 55 55 51 47 43 39
-3.4e+38 -3.4e+38 -3.4e+38 -3.4e+38 -3.4e+38 -3.4e+38 -3.4e+38 -3.4e+38 -3.4e+38 -3.4e+38 -3.4e+38 -3.4e+38 -3.4e+38 -3.4e+38 -3.4e+38 -3.4e+38 -3.4e+38 -3.4e+38 -3.4e+38 -3.4e+38 -3.4e+38 -3.4e+38 -3.4e+38 -3.4e+38 -3.4e+38 -3.4e+38 50 48 47 47 50 46 43 49 49 42 39 38 42 44 54 61 69 56 51 51 51 65 58 50 52 46 44 51 70 64 62 61 50 47 47 44 61 57 51 61 67 65 52 43 46 50 47 46 48 48 50 51 53 47 47 53 55 57 54 51 46 43 40
-3.4e+38 -3.4e+38 -3.4e+38 -3.4e+38 -3.4e+38 -3.4e+38 -3.4e+38 -3.4e+38 -3.4e+38 -3.4e+38 -3.4e+38 -3.4e+38 -3.4e+38 -3.4e+38 -3.4e+38 -3.4e+38 -3.4e+38 -3.4e+38 -3.4e+38 -3.4e+38 -3.4e+38 -3.4e+38 -3.4e+38 -3.4e+38 -3.4e+38 -3.4e+38 47 46 46 45 46 47 43 42 49 48 42 35 42 43 48 56 67 61 49 46 46 58 63 59 58 62 55 49 62 63 71 79 66 56 42 40 51 50 62 60 64 54 44 43 44 48 48 45 46 50 52 47 46 44 44 46 53 57 51 43 40 42 45
-3.4e+38 -3.4e+38 -3.4e+38 -3.4e+38 -3.4e+38 -3.4e+38 -3.4e+38 -3.4e+38 -3.4e+38 -3.4e+38 -3.4e+38 -3.4e+38 -3.4e+38 -3.4e+38 -3.4e+38 -3.4e+38 -3.4e+38 -3.4e+38 -3.4e+38 -3.4e+38 -3.4e+38 -3.4e+38 -3.4e+38 -3.4e+38 -3.4e+38 -3.4e+38 -3.4e+38 44 42 41 42 47 42 42 45 51 45 41 34 37 39 43 55 56 55 42 50 45 49 56 49 58 79 74 75 72 78 73 75 56 42 38 40 41 48 51 53 45 41 43 45 52 46 47 48 53 46 47 46 44 43 47 55 51 44 40 38 39 39
-3.4e+38 -3.4e+38 -3.4e+38 -3.4e+38 -3.4e+38 -3.4e+38 -3.4e+38 -3.4e+38 -3.4e+38 -3.4e+38 -3.4e+38 -3.4e+38 -3.4e+38 -3.4e+38 -3.4e+38 -3.4e+38 -3.4e+38 -3.4e+38 -3.4e+38 -3.4e+38 -3.4e+38 -3.4e+38 -3.4e+38 -3.4e+38 -3.4e+38 -3.4e+38 -3.4e+38 42 42 41 44 44 50 40 43 49 51 47 34 38 38 47 51 52 44 40 44 50 61 55 46 64 87 79 71 65 75 74 57 50 40 38 40 46 51 49 42 39 41 43 45 49 45 43 46 46 46 48 46 45 45 45 51 45 44 44 39 37 37
-3.4e+38 -3.4e+38 -3.4e+38 -3.4e+38 -3.4e+38 -3.4e+38 -3.4e+38 -3.4e+38 -3.4e+38 -3.4e+38 -3.4e+38 -3.4e+38 -3.4e+38 -3.4e+38 -3.4e+38 -3.4e+38 -3.4e+38 -3.4e+38 -3.4e+38 -3.4e+38 -3.4e+38 -3.4e+38 -3.4e+38 -3.4e+38 -3.4e+38 -3.4e+38 38 39 39 39 45 39 41 43 41 47 44 40 35 37 43 44 51 47 39 41 45 51 70 55 44 54 75 65 66 54 80 73 53 41 41 38 40 46 50 46 41 40 40 41 43 44 43 45 46 45 45 45 45 45 47 53 53 51 44 41 39 37 37
-3.4e+38 -3.4e+38 -3.4e+38 -3.4e+38 -3.4e+38 -3.4e+38 -3.4e+38 -3.4e+38 -3.4e+38 -3.4e+38 -3.4e+38 -3.4e+38 -3.4e+38 -3.4e+38 -3.4e+38 -3.4e+38 -3.4e+38 -3.4e+38 -3.4e+38 -3.4e+38 -3.4e+38 -3.4e+38 -3.4e+38 -3.4e+38 -3.4e+38 -3.4e+38 37 37 37 35 39 39 41 45 39 46 48 43 41 32 32 36 45 36 40 46 50 57 57 50 42 43 60 49 59 45 63 55 41 38 40 39 43 50 46 46 42 43 38 40 43 43 42 45 45 45 45 46 45 45 47 56 60 53 45 42 39 38 38
-3.4e+38 -3.4e+38 -3.4e+38 -3.4e+38 -3.4e+38 -3.4e+38 -3.4e+38 -3.4e+38 -3.4e+38 -3.4e+38 -3.4e+38 -3.4e+38 -3.4e+38 -3.4e+38 -3.4e+38 -3.4e+38 -3.4e+38 -3.4e+38 -3.4e+38 -3.4e+38 -3.4e+38 -3.4e+38 -3.4e+38 -3.4e+38 -3.4e+38 35 36 36 37 39 34 37 40 45 44 40 56 48 39 37 33 37 35 38 40 46 50 40 48 48 37 40 44 44 64 50 41 37 35 35 36 40 44 42 43 45 40 39 39 39 40 40 42 45 43 44 44 42 44 45 47 54 55 57 48 44 48 45 42
-3.4e+38 -3.4e+38 -3.4e+38 -3.4e+38 -3.4e+38 -3.4e+38 -3.4e+38 -3.4e+38 -3.4e+38 -3.4e+38 -3.4e+38 -3.4e+38 -3.4e+38 -3.4e+38 -3.4e+38 -3.4e+38 -3.4e+38 -3.4e+38 -3.4e+38 -3.4e+38 -3.4e+38 -3.4e+38 -3.4e+38 -3.4e+38 -3.4e+38 32 32 32 36 39 40 34 34 41 49 41 44 57 48 41 33 41 35 42 37 37 38 41 47 46 34 33 35 51 66 54 38 37 36 35 38 41 42 38 42 42 40 38 36 38 39 39 45 41 41 42 42 44 46 44 47 55 59 57 55 53 67 61 52
-3.4e+38 -3.4e+38 -3.4e+38 -3.4e+38 -3.4e+38 -3.4e+38 -3.4e+38 -3.4e+38 -3.4e+38 -3.4e+38 -3.4e+38 -3.4e+38 -3.4e+38 -3.4e+38 -3.4e+38 -3.4e+38 -3.4e+38 -3.4e+38 -3.4e+38 -3.4e+38 -3.4e+38 -3.4e+38 -3.4e+38 -3.4e+38 34 32 32 32 33 38 41 36 31 35 46 52 42 57 50 43 34 42 42 37 40 34 34 34 37 40 32 31 32 39 42 36 36 35 35 34 43 43 40 36 39 42 44 39 36 36 38 39 38 39 39 41 43 42 43 44 48 58 66 65 59 57 61 58 58
-3.4e+38 -3.4e+38 -3.4e+38 -3.4e+38 -3.4e+38 -3.4e+38 -3.4e+38 -3.4e+38 -3.4e+38 -3.4e+38 -3.4e+38 -3.4e+38 -3.4e+38 -3.4e+38 -3.4e+38 -3.4e+38 -3.4e+38 -3.4e+38 -3.4e+38 -3.4e+38 -3.4e+38 -3.4e+38 -3.4e+38 34 33 33 33 33 33 35 44 43 37 35 46 54 50 46 42 41 35 35 46 51 48 43 43 33 32 34 42 41 30 31 35 30 33 32 31 35 42 39 36 36 41 41 38 36 36 38 38 39 36 38 39 40 40 41 43 45 49 57 63 67 61 60 66 69 71
-3.4e+38 -3.4e+38 -3.4e+38 -3.4e+38 -3.4e+38 -3.4e+38 -3.4e+38 -3.4e+38 -3.4e+38 -3.4e+38 -3.4e+38 -3.4e+38 -3.4e+38 -3.4e+38 -3.4e+38 -3.4e+38 -3.4e+38 -3.4e+38 -3.4e+38 -3.4e+38 -3.4e+38 -3.4e+38 33 33 32 34 32 32 33 34 39 40 42 33 44 53 53 53 45 45 40 32 36 42 42 42 43 42 45 42 46 46 34 31 32 30 30 30 32 37 39 36 32 36 36 40 36 34 34 34 34 34 34 33 35 36 37 39 42 44 44 49 55 60 60 64 71 78 71
-3.4e+38 -3.4e+38 -3.4e+38 -3.4e+38 -3.4e+38 -3.4e+38 -3.4e+38 -3.4e+38 -3.4e+38 -3.4e+38 -3.4e+38 -3.4e+38 -3.4e+38 -3.4e+38 -3.4e+38 -3.4e+38 -3.4e+38 -3.4e+38 -3.4e+38 -3.4e+38 -3.4e+38 -3.4e+38 33 33 32 33 34 37 39 38 35 40 42 38 34 38 39 44 49 50 53 37 30 35 35 35 35 38 50 47 42 47 38 32 29 29 31 38 40 35 38 34 33 32 32 35 33 32 32 31 31 31 31 32 33 33 34 35 38 40 42 44 49 55 64 68 71 67 65
-3.4e+38 -3.4e+38 -3.4e+38 -3.4e+38 -3.4e+38 -3.4e+38 -3.4e+38 -3.4e+38 -3.4e+38 -3.4e+38 -3.4e+38 -3.4e+38 -3.4e+38 -3.4e+38 -3.4e+38 -3.4e+38 -3.4e+38 -3.4e+38 -3.4e+38 -3.4e+38 -3.4e+38 34 33 32 31 30 29 33 37 39 33 36 35 36 36 41 46 39 44 44 56 45 32 30 36 37 37 33 38 42 36 36 36 37 31 29 29 33 37 39 41 46 49 34 32 32 30 30 31 31 31 31 30 31 31 32 33 35 37 39 42 42 47 52 60 66 68 68 64
-3.4e+38 -3.4e+38 -3.4e+38 -3.4e+38 -3.4e+38 -3.4e+38 -3.4e+38 -3.4e+38 -3.4e+38 -3.4e+38 -3.4e+38 -3.4e+38 -3.4e+38 -3.4e+38 -3.4e+38 -3.4e+38 -3.4e+38 -3.4e+38 -3.4e+38 -3.4e+38 -3.4e+38 36 35 34 31 29 28 29 30 34 34 34 40 41 43 39 44 45 38 42 42 52 36 32 38 44 42 37 31 30 30 31 35 42 42 31 34 36 45 53 48 46 43 40 33 31 30 30 28 28 29 29 29 29 30 30 32 33 37 41 41 44 51 52 52 55 61 67 69
-3.4e+38 -3.4e+38 -3.4e+38 -3.4e+38 -3.4e+38 -3.4e+38 -3.4e+38 -3.4e+38 -3.4e+38 -3.4e+38 -3.4e+38 -3.4e+38 -3.4e+38 -3.4e+38 -3.4e+38 -3.4e+38 -3.4e+38 -3.4e+38 -3.4e+38 -3.4e+38 37 39 39 41 36 32 28 28 28 29 32 35 38 39 35 31 34 39 40 38 41 50 46 33 43 44 45 42 31 31 34 36 37 38 38 32 36 43 47 44 36 31 34 32 30 29 29 27 28 28 28 29 28 29 29 30 33 35 37 39 43 48 51 51 52 53 59 67 71
-3.4e+38 -3.4e+38 -3.4e+38 -3.4e+38 -3.4e+38 -3.4e+38 -3.4e+38 -3.4e+38 -3.4e+38 -3.4e+38 -3.4e+38 -3.4e+38 -3.4e+38 -3.4e+38 -3.4e+38 -3.4e+38 -3.4e+38 -3.4e+38 -3.4e+38 -3.4e+38 35 37 37 37 40 36 32 28 31 31 29 31 31 33 33 30 35 37 38 39 37 38 51 36 33 40 44 43 40 33 31 34 33 41 49 40 37 38 36 36 32 29 27 27 28 28 27 27 27 27 27 27 27 28 28 30 30 35 37 41 44 44 45 47 50 54 61 71 78
-3.4e+38 -3.4e+38 -3.4e+38 -3.4e+38 -3.4e+38 -3.4e+38 -3.4e+38 -3.4e+38 -3.4e+38 -3.4e+38 -3.4e+38 -3.4e+38 -3.4e+38 -3.4e+38 -3.4e+38 -3.4e+38 -3.4e+38 -3.4e+38 -3.4e+38 -3.4e+38 37 38 37 35 37 37 39 37 32 29 26 29 33 35 35 32 40 38 38 44 46 35 39 40 36 44 44 39 37 36 32 34 37 46 48 39 32 30 28 28 28 27 27 27 25 26 26 27 27 26 26 25 25 25 27 29 30 32 31 32 35 37 41 45 48 56 64 72 81
-3.4e+38 -3.4e+38 -3.4e+38 -3.4e+38 -3.4e+38 -3.4e+38 -3.4e+38 -3.4e+38 -3.4e+38 -3.4e+38 -3.4e+38 -3.4e+38 -3.4e+38 -3.4e+38 -3.4e+38 -3.4e+38 -3.4e+38 -3.4e+38 -3.4e+38 -3.4e+38 34 36 41 42 40 41 40 40 38 35 31 26 30 34 33 30 34 40 43 38 44 37 37 37 36 39 37 34 34 40 47 39 37 39 36 35 27 28 26 25 25 25 24 25 25 25 25 25 25 26 25 25 25 25 26 28 28 28 30 31 32 35 38 46 54 60 65 71 70
-3.4e+38 -3.4e+38 -3.4e+38 -3.4e+38 -3.4e+38 -3.4e+38 -3.4e+38 -3.4e+38 -3.4e+38 -3.4e+38 -3.4e+38 -3.4e+38 -3.4e+38 -3.4e+38 -3.4e+38 -3.4e+38 -3.4e+38 -3.4e+38 -3.4e+38 -3.4e+38 -3.4e+38 32 32 32 35 37 41 44 37 30 29 28 26 29 35 34 30 32 35 40 48 45 37 34 40 45 33 37 40 45 51 42 41 35 30 30 27 25 24 24 23 24 24 24 24 24 25 25 24 23 23 23 25 23 25 25 26 28 31 34 33 36 39 42 46 53 60 61 61
-3.4e+38 -3.4e+38 -3.4e+38 -3.4e+38 -3.4e+38 -3.4e+38 -3.4e+38 -3.4e+38 -3.4e+38 -3.4e+38 -3.4e+38 -3.4e+38 -3.4e+38 -3.4e+38 -3.4e+38 -3.4e+38 -3.4e+38 -3.4e+38 -3.4e+38 -3.4e+38 -3.4e+38 33 30 31 30 35 36 38 36 32 36 30 28 30 28 27 29 31 29 38 50 49 41 36 34 36 46 37 32 36 46 44 44 36 32 28 31 27 24 24 23 23 24 24 24 23 23 23 24 23 23 23 23 23 23 25 25 28 29 31 34 36 39 42 47 56 65 62 55
-3.4e+38 -3.4e+38 -3.4e+38 -3.4e+38 -3.4e+38 -3.4e+38 -3.4e+38 -3.4e+38 -3.4e+38 -3.4e+38 -3.4e+38 -3.4e+38 -3.4e+38 -3.4e+38 -3.4e+38 -3.4e+38 -3.4e+38 -3.4e+38 -3.4e+38 -3.4e+38 -3.4e+38 34 38 37 31 31 32 34 38 36 35 34 29 26 28 30 25 27 29 32 39 48 44 36 38 35 37 53 43 34 38 38 44 50 43 33 35 29 25 24 23 23 23 22 22 23 23 23 23 22 22 22 22 22 23 26 27 29 30 31 34 35 37 40 44 51 60 64 53
-3.4e+38 -3.4e+38 -3.4e+38 -3.4e+38 -3.4e+38 -3.4e+38 -3.4e+38 -3.4e+38 -3.4e+38 -3.4e+38 -3.4e+38 -3.4e+38 -3.4e+38 -3.4e+38 -3.4e+38 -3.4e+38 -3.4e+38 -3.4e+38 -3.4e+38 -3.4e+38 -3.4e+38 34 35 36 34 34 31 30 31 32 36 32 29 27 25 29 29 27 24 26 29 38 43 37 32 33 32 37 39 39 37 35 39 47 50 44 46 37 29 24 23 23 23 22 22 22 23 23 22 21 21 20 21 21 22 24 25 26 27 28 30 31 34 41 44 47 48 51 55
-3.4e+38 -3.4e+38 -3.4e+38 -3.4e+38 -3.4e+38 -3.4e+38 -3.4e+38 -3.4e+38 -3.4e+38 -3.4e+38 -3.4e+38 -3.4e+38 -3.4e+38 -3.4e+38 -3.4e+38 -3.4e+38 -3.4e+38 -3.4e+38 -3.4e+38 -3.4e+38 -3.4e+38 -3.4e+38 -3.4e+38 34 36 40 37 34 31 30 32 34 30 30 30 27 33 33 26 25 27 29 34 34 29 29 33 31 32 37 43 36 41 53 64 61 52 41 29 25 24 23 23 22 22 22 22 20 20 20 20 20 20 20 20 22 24 24 26 28 31 34 33 35 37 38 42 48 48
-3.4e+38 -3.4e+38 -3.4e+38 -3.4e+38 -3.4e+38 -3.4e+38 -3.4e+38 -3.4e+38 -3.4e+38 -3.4e+38 -3.4e+38 -3.4e+38 -3.4e+38 -3.4e+38 -3.4e+38 -3.4e+38 -3.4e+38 -3.4e+38 -3.4e+38 -3.4e+38 -3.4e+38 -3.4e+38 -3.4e+38 -3.4e+38 32 34 38 40 34 31 30 31 30 27 27 29 33 33 30 26 29 33 33 32 29 27 30 34 32 34 42 45 48 51 55 43 42 47 48 32 24 23 23 22 22 21 21 20 20 20 20 19 19 19 19 20 22 24 26 28 29 28 31 35 39 41 39 42 46
-3.4e+38 -3.4e+38 -3.4e+38 -3.4e+38 -3.4e+38 -3.4e+38 -3.4e+38 -3.4e+38 -3.4e+38 -3.4e+38 -3.4e+38 -3.4e+38 -3.4e+38 -3.4e+38 -3.4e+38 -3.4e+38 -3.4e+38 -3.4e+38 -3.4e+38 -3.4e+38 -3.4e+38 -3.4e+38 -3.4e+38 -3.4e+38 -3.4e+38 -3.4e+38 33 34 35 32 31 30 28 30 26 28 32 34 28 27 25 25 27 29 29 28 28 33 37 38 43 49 54 52 55 50 43 35 35 34 31 24 23 21 20 20 19 19 19 18 18 18 18 19 19 19 19 22 23 26 26 28 30 33 36 34 36 42 43
-3.4e+38 -3.4e+38 -3.4e+38 -3.4e+38 -3.4e+38 -3.4e+38 -3.4e+38 -3.4e+38 -3.4e+38 -3.4e+38 -3.4e+38 -3.4e+38 -3.4e+38 -3.4e+38 -3.4e+38 -3.4e+38 -3.4e+38 -3.4e+38 -3.4e+38 -3.4e+38 -3.4e+38 -3.4e+38 -3.4e+38 -3.4e+38 -3.4e+38 -3.4e+38 -3.4e+38 -3.4e+38 32 35 31 32 30 28 28 27 27 30 31 28 27 25 27 33 30 28 27 28 33 41 43 45 48 57 59 52 54 52 47 44 44 29 22 21 20 20 19 18 18 18 18 18 18 18 18 19 19 21 21 23 25 27 29 29 32 34 38 42 48
-3.4e+38 -3.4e+38 -3.4e+38 -3.4e+38 -3.4e+38 -3.4e+38 -3.4e+38 -3.4e+38 -3.4e+38 -3.4e+38 -3.4e+38 -3.4e+38 -3.4e+38 -3.4e+38 -3.4e+38 -3.4e+38 -3.4e+38 -3.4e+38 -3.4e+38 -3.4e+38 -3.4e+38 -3.4e+38 -3.4e+38 -3.4e+38 -3.4e+38 -3.4e+38 -3.4e+38 -3.4e+38 31 35 33 32 32 30 31 28 31 30 31 28 28 25 25 33 32 29 26 25 31 37 45 38 45 52 60 60 56 66 53 50 43 32 24 21 20 20 18 18 18 18 18 18 18 18 18 18 19 19 20 22 23 26 28 31 38 36 35 41 43
-3.4e+38 -3.4e+38 -3.4e+38 -3.4e+38 -3.4e+38 -3.4e+38 -3.4e+38 -3.4e+38 -3.4e+38 -3.4e+38 -3.4e+38 -3.4e+38 -3.4e+38 -3.4e+38 -3.4e+38 -3.4e+38 -3.4e+38 -3.4e+38 -3.4e+38 -3.4e+38 -3.4e+38 -3.4e+38 -3.4e+38 -3.4e+38 -3.4e+38 -3.4e+38 -3.4e+38 -3.4e+38 -3.4e+38 32 32 32 31 31 28 30 30 31 32 31 28 31 27 25 27 25 26 26 26 37 45 37 33 43 55 57 45 45 42 51 49 34 24 21 19 19 19 18 18 18 18 18 18 18 18 18 19 19 19 20 23 23 27 30 34 34 34 36 41
-3.4e+38 -3.4e+38 -3.4e+38 -3.4e+38 -3.4e+38 -3.4e+38 -3.4e+38 -3.4e+38 -3.4e+38 -3.4e+38 -3.4e+38 -3.4e+38 -3.4e+38 -3.4e+38 -3.4e+38 -3.4e+38 -3.4e+38 -3.4e+38 -3.4e+38 -3.4e+38 -3.4e+38 -3.4e+38 -3.4e+38 -3.4e+38 -3.4e+38 -3.4e+38 -3.4e+38 -3.4e+38 -3.4e+38 -3.4e+38 30 32 32 31 31 29 30 32 32 33 33 27 25 25 23 23 27 28 31 32 40 50 47 31 35 48 40 34 46 54 53 34 26 19 18 18 17 17 17 17 17 17 17 17 17 17 17 19 19 19 20 23 24 27 32 32 34 33 38
