model/data/bioclim/bclim5.asc
NCOLS 300 
NROWS 300 
XLLCORNER -125.25 
YLLCORNER 30.75 
CELLSIZE 0.0416666666666667 
NODATA_value -3.4e+38 
[rows 242 to 263 of 300, columns 245 to 293 of 300]
40.2360000610352 40.3199996948242 40.8120002746582 41.5439987182617 41.7799987792969 41.9000015258789 42.023998260498 41.8919982910156 42.1399993896484 41.8559989929199 41.6800003051758 41.484001159668 41.6319999694824 41.8079986572266 41.7960014343262 41.8160018920898 41.7039985656738 41.5319976806641 41.0800018310547 40.0279998779297 38.9080009460449 39.6679992675781 40.6920013427734 41.2519989013672 41.6319999694824 41.8880004882812 42.0599975585938 42.1040000915527 41.9519996643066 41.2200012207031 41.1559982299805 41.060001373291 40.8440017700195 41.484001159668 41.8919982910156 42.2480010986328 42.5559997558594 42.5799980163574 42.5799980163574 42.6720008850098 42.8159980773926 42.8279991149902 42.7999992370605 42.5960006713867 42.1399993896484 42.7880020141602 43.1879997253418 43.4280014038086 43.1920013427734
41.5519981384277 41.060001373291 41.1360015869141 41.431999206543 41.3079986572266 41.1560020446777 41.5 41.9640007019043 42.0960006713867 41.7080001831055 41.7000007629395 41.6599998474121 41.9080009460449 41.9640007019043 42.2080001831055 42.2239990234375 41.923999786377 41.5400009155273 41.3520011901855 40.7639999389648 39.7919998168945 38.8919982910156 39.6720008850098 40.4679985046387 41.1160011291504 41.7200012207031 42.0999984741211 42.3160018920898 42.3680000305176 42.060001373291 41.7319984436035 41.568000793457 41.3320007324219 41.7599983215332 42.1720008850098 42.4720001220703 42.6679992675781 42.7120018005371 42.7439994812012 42.6840019226074 42.8120002746582 42.8320007324219 42.923999786377 43.0519981384277 42.7360000610352 42.7879981994629 43.2080001831055 43.2799987792969 42.923999786377
42.8600006103516 42.523998260498 42.2200012207031 41.984001159668 41.0839996337891 40.7400016784668 41.3680000305176 41.8959999084473 42.1840019226074 41.8720016479492 41.6800003051758 41.4519996643066 41.7840003967285 41.7999992370605 42.2639999389648 42.4440002441406 42.0960006713867 41.6959991455078 41.5999984741211 41.3320007324219 40.7760009765625 39.3839988708496 38.7080001831055 39.4959983825684 40.2560005187988 41.1759986877441 41.9480018615723 42.3880004882812 42.507999420166 42.431999206543 42.3400001525879 42.1119995117188 41.8479995727539 42.023998260498 42.3040008544922 42.439998626709 42.6119995117188 42.7999992370605 42.9599990844727 42.8120002746582 42.7879981994629 42.8400001525879 43.015998840332 43.2519989013672 42.8800010681152 42.2799987792969 42.9080009460449 42.7760009765625 42.6360015869141
43.076000213623 42.7760009765625 42.5879974365234 42.423999786377 42.0799980163574 41.4599990844727 41.4039993286133 41.7239990234375 42.076000213623 41.9640007019043 41.9199981689453 41.6800003051758 41.6160011291504 41.0200004577637 41.6240005493164 42.3400001525879 42.1679992675781 41.8720016479492 41.7999992370605 41.5999984741211 41.2200012207031 40.2760009765625 39.2880020141602 39.3880004882812 39.3759994506836 40.507999420166 41.8159980773926 42.484001159668 42.6879997253418 42.6800003051758 42.6640014648438 42.5040016174316 41.8600006103516 41.5200004577637 41.8520011901855 41.8160018920898 42.3839988708496 42.6520004272461 43.0480003356934 43.1159973144531 42.8959999084473 42.9080009460449 42.9640007019043 43.076000213623 43.076000213623 43.1319999694824 42.9000015258789 42.6440010070801 42.5639991760254
43.0960006713867 42.9119987487793 42.7519989013672 42.568000793457 42.2919998168945 42.0320014953613 41.8759994506836 41.8279991149902 41.7439994812012 41.8279991149902 42.060001373291 41.9599990844727 41.923999786377 40.8639984130859 41.1040000915527 42.1319999694824 42.2319984436035 42.0040016174316 42.0319976806641 41.9560012817383 41.7400016784668 41.1879997253418 40.6879997253418 40.3639984130859 40.0880012512207 40.9879989624023 41.8600006103516 42.5 42.8199996948242 42.8320007324219 42.8680000305176 42.8680000305176 42.6520004272461 42.2639999389648 42.1160011291504 42.3920021057129 42.5279998779297 42.5439987182617 42.9199981689453 43.0719985961914 42.9599990844727 42.7519989013672 42.6800003051758 42.8040008544922 43.007999420166 43.1240005493164 43.076000213623 42.9519996643066 42.5400009155273
43.1159973144531 42.9879989624023 42.8720016479492 42.5800018310547 42.0999984741211 41.6759986877441 41.484001159668 41.6160011291504 41.6640014648438 41.5519981384277 41.5120010375977 41.7039985656738 41.8680000305176 41.507999420166 41.1920013427734 41.8800010681152 42.2560005187988 42.2439994812012 42.3080024719238 42.2799987792969 42.0999984741211 41.6720008850098 41.3439979553223 41.2519989013672 41.1240005493164 41.3720016479492 41.9080009460449 42.4959983825684 42.8199996948242 42.9000015258789 42.9959983825684 43.0120010375977 42.9480018615723 42.8959999084473 42.7639999389648 42.507999420166 42.4280014038086 42.5639991760254 42.6159973144531 42.7039985656738 42.7719993591309 42.7439994812012 42.7120018005371 42.8520011901855 43 42.984001159668 43.0559997558594 42.9119987487793 42.492000579834
43.1199989318848 43.015998840332 42.9040031433105 42.4879989624023 41.7799987792969 40.6800003051758 40.576000213623 41.2639999389648 41.8120002746582 41.9799995422363 41.568000793457 41.3079986572266 41.8120002746582 41.4560012817383 40.8839988708496 41.5040016174316 42.2760009765625 42.5120010375977 42.5919990539551 42.5320014953613 42.2680015563965 41.984001159668 41.8880004882812 41.8479995727539 41.6319999694824 41.5120010375977 42 42.5040016174316 42.8120002746582 42.9280014038086 42.9879989624023 43 43.015998840332 43.0319976806641 42.9280014038086 42.7639999389648 42.6599998474121 42.5639991760254 42.568000793457 42.7519989013672 42.9120025634766 42.8720016479492 42.7719993591309 42.7360000610352 42.7799987792969 42.7639999389648 42.8600006103516 42.8359985351562 42.8720016479492
43.2319984436035 43.0960006713867 42.923999786377 42.560001373291 42.1879997253418 41.7680015563965 41.0200004577637 41.4080009460449 41.923999786377 42.1920013427734 42.0839996337891 41.9000015258789 41.6040000915527 41.4000015258789 40.8959999084473 41.5040016174316 42.3600006103516 42.6160011291504 42.560001373291 42.431999206543 42.3279991149902 42.2080001831055 42.1759986877441 42.2200012207031 42.2840003967285 42.3800010681152 42.568000793457 42.7439994812012 42.8440017700195 42.8680000305176 42.6360015869141 42.6319999694824 42.9039993286133 42.9640007019043 42.8600006103516 42.8199996948242 42.8640022277832 42.7840003967285 42.6920013427734 42.7680015563965 42.8080024719238 42.7919998168945 42.7519989013672 42.6679992675781 42.6759986877441 42.7120018005371 42.7840003967285 42.8720016479492 42.9560012817383
43.2880020141602 43.1240005493164 42.9640007019043 42.7400016784668 42.560001373291 42.4160003662109 42.052001953125 41.9959983825684 42.2360000610352 42.2680015563965 42.1440010070801 41.8120002746582 41.3240013122559 40.9879989624023 41.0480003356934 41.6240005493164 42.2280006408691 42.1199989318848 41.515998840332 41.4360008239746 41.9199981689453 41.7919998168945 42 42.4360008239746 42.5319976806641 42.5880012512207 42.6479988098145 42.6360015869141 42.439998626709 42.0880012512207 41.5999984741211 41.7840003967285 42.5639991760254 42.9280014038086 43.0200004577637 43.007999420166 42.8400001525879 42.560001373291 42.2999992370605 42.4599990844727 42.4720001220703 42.5120010375977 42.6520004272461 42.6920013427734 42.7360000610352 42.7959976196289 42.8440017700195 42.9000015258789 42.976001739502
43.1440010070801 43.068000793457 42.9480018615723 42.8320007324219 42.7080001831055 42.6559982299805 42.5120010375977 42.3520011901855 42.2840003967285 42.2000007629395 41.9360008239746 41.560001373291 41.068000793457 41.0439987182617 41.3639984130859 41.476001739502 41.7239990234375 41.6879997253418 41.3479995727539 41.4080009460449 41.5960006713867 41.9679985046387 42.0880012512207 42.3400001525879 42.1679992675781 41.7840003967285 41.4640007019043 41.1879997253418 40.9799995422363 41.0639991760254 41.4360008239746 42.3520011901855 42.8440017700195 42.9959983825684 43.0719985961914 42.9599990844727 42.8040008544922 42.6079978942871 42.5320014953613 42.5599975585938 42.2760009765625 42.2680015563965 42.5200004577637 42.6759986877441 42.7519989013672 42.7959976196289 42.8199996948242 42.8680000305176 42.8800010681152
42.8520011901855 42.8440017700195 42.7919998168945 42.6599998474121 42.5919990539551 42.5359992980957 42.3479995727539 41.9440002441406 41.7999992370605 41.9360008239746 41.7999992370605 41.3919982910156 41.0960006713867 40.9679985046387 40.976001739502 40.6240005493164 40.8959999084473 41.3639984130859 41.6679992675781 41.8199996948242 42.1119995117188 41.9679985046387 41.3720016479492 40.9280014038086 40.7719993591309 40.7200012207031 40.9519996643066 41.4080009460449 41.7039985656738 42 42.015998840332 42.2519989013672 42.7600021362305 42.9480018615723 42.9160003662109 42.8320007324219 42.7959976196289 42.7439994812012 42.6959991455078 42.6319999694824 42.4879989624023 42.5040016174316 42.5879974365234 42.5999984741211 42.6119995117188 42.6679992675781 42.7200012207031 42.7439994812012 42.7799987792969
42.3199996948242 42.3720016479492 42.3759994506836 42.3559989929199 42.3720016479492 42.2439994812012 42.007999420166 41.5880012512207 41.5359992980957 41.8040008544922 41.8600006103516 41.6119995117188 41.4440002441406 41.3639984130859 41.3040008544922 41.2120018005371 40.7000007629395 41.0519981384277 41.2039985656738 41.423999786377 41.5200004577637 41.1319999694824 41.015998840332 40.8559989929199 40.9879989624023 41.4640007019043 41.6920013427734 42.0320014953613 42.2960014343262 42.4360008239746 42.0839996337891 41.4799995422363 42.0480003356934 42.7039985656738 42.8720016479492 42.7999992370605 42.7999992370605 42.7879981994629 42.6879997253418 42.431999206543 42.2080001831055 42.4160003662109 42.5040016174316 42.4879989624023 42.4599990844727 42.6119995117188 42.7639999389648 42.6959991455078 42.7119979858398
41.3720016479492 41.1800003051758 41.076000213623 41.2760009765625 41.4000015258789 41.2080001831055 41.2919998168945 41.1920013427734 41.0880012512207 41.0839996337891 41.3040008544922 41.1720008850098 41.3440017700195 41.7840003967285 41.8680000305176 41.6679992675781 41.0200004577637 40.7880020141602 41.6319999694824 41.8079986572266 41.7799987792969 41.6119995117188 41.7080001831055 41.7879981994629 41.7159996032715 41.8600006103516 42.0400009155273 42.1679992675781 42.3359985351562 42.4440002441406 42.2280006408691 41.7960014343262 41.0639991760254 42.0880012512207 42.5400009155273 42.7280006408691 42.7760009765625 42.7159996032715 42.6640014648438 42.3639984130859 41.5960006713867 42.0200004577637 42.3600006103516 42.3680000305176 42.1839981079102 42.0880012512207 41.9000015258789 42.1199989318848 42.0279998779297
40.5639991760254 40.5 40.492000579834 40.6040000915527 40.7000007629395 40.7319984436035 40.8800010681152 40.8279991149902 40.931999206543 40.7439994812012 40.3839988708496 40.5439987182617 41.4799995422363 41.9679985046387 41.976001739502 41.7200012207031 40.5519981384277 39.8120002746582 41.5320014953613 42.1599998474121 42.2719993591309 42.1640014648438 42.1119995117188 42.1559982299805 41.992000579834 41.7840003967285 41.9039993286133 42.0200004577637 42.1599998474121 42.2639999389648 42.2719993591309 41.9480018615723 41.2719993591309 40.7600021362305 41.9440002441406 42.4679985046387 42.6119995117188 42.5799980163574 42.5719985961914 42.484001159668 42.0120010375977 41.7360000610352 42.2000007629395 42.2840003967285 42.0999984741211 41.9280014038086 41.7639999389648 41.4280014038086 41.0359992980957
40.2560005187988 40.3959999084473 40.4480018615723 40.2600021362305 40.2439994812012 40.7319984436035 40.9679985046387 41.007999420166 41.2919998168945 41.1399993896484 40.7239990234375 40.931999206543 41.7760009765625 42.0040016174316 41.976001739502 41.8120002746582 40.8839988708496 39.476001739502 39.8680000305176 40.6800003051758 41.3800010681152 41.7599983215332 41.8720016479492 41.7360000610352 41.2760009765625 40.7760009765625 41.1520004272461 41.6360015869141 41.8959999084473 42.0480003356934 42.0839996337891 41.9720001220703 41.7719993591309 41.3839988708496 41.5999984741211 42 42.0279998779297 42.2400016784668 42.3120002746582 42.2919998168945 42.1279983520508 41.931999206543 42.0839996337891 42.1160011291504 41.8479995727539 41.5919990539551 41.6160011291504 41.6080017089844 41.431999206543
40.0519981384277 40.2599983215332 40.3479995727539 40.2439994812012 40.3959999084473 40.9160003662109 41.3160018920898 41.4480018615723 41.5999984741211 41.6879997253418 41.6879997253418 41.6959991455078 41.9120025634766 41.9599990844727 41.9400024414062 41.8479995727539 41.4599990844727 40.4519996643066 38.9160003662109 38.6279983520508 39.8320007324219 41.0839996337891 41.4640007019043 41.2840003967285 40.3199996948242 39.5 40.3759994506836 41.2080001831055 41.6399993896484 41.8440017700195 41.8600006103516 41.8199996948242 41.9000015258789 42.007999420166 41.8759994506836 41.6279983520508 41.2200012207031 41.7360000610352 41.984001159668 41.9599990844727 41.7799987792969 41.552001953125 41.7360000610352 41.8920021057129 41.7280006408691 41.0880012512207 41.060001373291 41.4879989624023 41.4679985046387
39.8680000305176 40.1079978942871 40.2439994812012 40.4080009460449 40.7719993591309 41.2159996032715 41.523998260498 41.6399993896484 41.7280006408691 41.984001159668 42.0999984741211 42.015998840332 41.8680000305176 41.8279991149902 41.8359985351562 41.7280006408691 41.476001739502 40.9799995422363 40.2519989013672 39.568000793457 39.1279983520508 40.3520011901855 41.0559997558594 41.1319999694824 40.6160011291504 39.4000015258789 40.3120002746582 40.923999786377 41.3559989929199 41.5919990539551 41.6240005493164 41.5999984741211 41.6520004272461 41.7960014343262 41.8720016479492 41.6720008850098 40.9519996643066 41.1119995117188 41.552001953125 41.6879997253418 41.3199996948242 40.5279998779297 41.052001953125 41.6440010070801 41.8199996948242 41.2599983215332 40.2760009765625 40.8559989929199 41.1119995117188
39.8559989929199 40.0719985961914 40.2599983215332 40.3720016479492 40.6959991455078 41.3479995727539 41.5919990539551 41.6720008850098 41.8600006103516 42 42.0799980163574 42.0519981384277 41.8880004882812 41.6920013427734 41.6679992675781 41.6119995117188 41.3199996948242 40.9360008239746 40.6399993896484 40.3520011901855 39.7239990234375 39.6520004272461 40.3359985351562 40.8400001525879 40.8800010681152 40.6319999694824 40.5320014953613 40.4280014038086 40.7760009765625 41.0359992980957 41.2200012207031 41.3199996948242 41.3160018920898 41.3440017700195 41.5320014953613 41.6359977722168 41.3559989929199 40.4720001220703 40.7280006408691 41.2639999389648 41.1920013427734 40.0120010375977 40.5320014953613 41.3079986572266 41.7400016784668 41.3279991149902 40.068000793457 40.1119995117188 40.8479995727539
39.5999984741211 39.8559989929199 40.1599998474121 40.5 41.015998840332 41.6160011291504 41.7959976196289 41.7999992370605 41.8759994506836 41.9160003662109 41.9720001220703 41.9799995422363 41.8880004882812 41.6440010070801 41.4640007019043 41.4400024414062 41.1559982299805 40.7999992370605 40.6079978942871 40.484001159668 40.2719993591309 39.4519996643066 39.1640014648438 40.1199989318848 40.6399993896484 40.6720008850098 40.1640014648438 39.4200019836426 39.7960014343262 39.8520011901855 40.4160003662109 40.984001159668 41.0439987182617 40.6720008850098 40.7280006408691 41.2960014343262 41.3199996948242 40.507999420166 40.0359992980957 40.9000015258789 41.2239990234375 40.3320007324219 40.3320007324219 41.0480003356934 41.6520004272461 41.2560005187988 39.8559989929199 40.2599983215332 40.6279983520508
39.2280006408691 39.2760009765625 39.4599990844727 40.2239990234375 41.1399993896484 41.5960006713867 41.7680015563965 41.8320007324219 41.9000015258789 41.9000015258789 41.8840026855469 41.8199996948242 41.8040008544922 41.6160011291504 41.3920021057129 41.2960014343262 41.015998840332 40.6920013427734 40.568000793457 40.4440002441406 40.2960014343262 39.9280014038086 38.8160018920898 39.1679992675781 40.0919990539551 40.431999206543 40.2200012207031 39.5839996337891 38.9679985046387 38.6119995117188 39.7480010986328 40.9000015258789 41.0799980163574 40.4360008239746 39.6759986877441 40.560001373291 41.1720008850098 41.3079986572266 41.2120018005371 40.9640007019043 41.1040000915527 40.6879997253418 40.0999984741211 40.8159980773926 41.5480003356934 41.492000579834 40.4560012817383 39.3959999084473 40.2519989013672
39.1959991455078 39.2439994812012 39.2760009765625 40.068000793457 41.0400009155273 41.3640022277832 41.6359977722168 41.7719993591309 41.8479995727539 41.8400001525879 41.8199996948242 41.7760009765625 41.6959991455078 41.5799980163574 41.3440017700195 41.1879997253418 40.9679985046387 40.6800003051758 40.4480018615723 40.3279991149902 40.2879981994629 40.2239990234375 39.7280006408691 38.7200012207031 39.3400001525879 40.0359992980957 40.1759986877441 39.8680000305176 39.1199989318848 38.5639991760254 39.5480003356934 40.6360015869141 41.015998840332 40.7719993591309 39.8959999084473 39.5359992980957 40.4519996643066 41.076000213623 41.2639999389648 40.7439994812012 40.6479988098145 41.0480003356934 40.7319984436035 40.9119987487793 41.4039993286133 41.6800003051758 41.0519981384277 39.3479995727539 39.8079986572266
39.0120010375977 39.1879997253418 39.5480003356934 40.3040008544922 41.0719985961914 41.3279991149902 41.5120010375977 41.5999984741211 41.6319999694824 41.6520004272461 41.6599998474121 41.6440010070801 41.576000213623 41.5200004577637 41.3240013122559 41.1440010070801 40.9000015258789 40.6199989318848 40.3920021057129 40.2000007629395 40.1720008850098 40.2560005187988 39.947998046875 38.7080001831055 38.4480018615723 39.5480003356934 40.0439987182617 39.9679985046387 39.2360000610352 38.8320007324219 39.3079986572266 40.015998840332 40.6679992675781 40.992000579834 40.6080017089844 39.3479995727539 39.1720008850098 40.4560012817383 41.1080017089844 41.0719985961914 40.6640014648438 41.060001373291 41.2000007629395 41.2360000610352 41.447998046875 41.6759986877441 41.3800010681152 40.2840003967285 38.8439979553223
