model/data/bioclim/bclim10.asc
NCOLS 300 
NROWS 300 
XLLCORNER -125.25 
YLLCORNER 30.75 
CELLSIZE 0.0416666666666667 
NODATA_value -3.4e+38 
[rows 198 to 219 of 300, columns 196 to 244 of 300]
28.0146675109863 27.9073333740234 28.4020004272461 28.6746673583984 28.1280002593994 27.4133338928223 28.1613330841064 29.7759990692139 30.3093338012695 30.4793319702148 30.5526657104492 30.6300010681152 30.6613330841064 30.6686668395996 30.6760005950928 29.757999420166 29.5240001678467 30.5206661224365 31.2573337554932 31.5733337402344 32.0846672058105 32.3693313598633 32.2459983825684 31.9473342895508 31.458667755127 31.3059997558594 30.9306678771973 31.5986671447754 32.1426658630371 31.9193325042725 31.53733253479 31.2466659545898 31.1653327941895 31.0753326416016 30.7486667633057 29.6173343658447 27.3173332214355 25.3913326263428 27.3893337249756 27.6366672515869 28.326000213623 28.5799999237061 28.792667388916 28.7846660614014 28.8473339080811 28.8139991760254 29.1346664428711 29.3973331451416 29.4799995422363
28.6206665039062 28.6853332519531 28.6213340759277 29.2093334197998 29.4373321533203 29.1173324584961 28.3966674804688 29.4773330688477 30.0313339233398 30.2473335266113 30.3226661682129 30.3600006103516 30.2140007019043 30.2546653747559 30.0346660614014 29.1200008392334 28.78466796875 29.4033336639404 30.1040000915527 30.7253341674805 31.4753341674805 32.0533332824707 31.1786670684814 30.5399990081787 29.673999786377 30.5773334503174 30.4886665344238 30.3826675415039 31.1053333282471 31.9566669464111 31.804666519165 31.304666519165 30.5306663513184 30.3726654052734 30.1646671295166 29.0979995727539 26.3999996185303 25.5139999389648 27.9486656188965 28.9593334197998 29.1140003204346 29.2653331756592 29.4506664276123 29.5659999847412 29.6359996795654 29.6213340759277 29.6853332519531 29.8473339080811 29.9039993286133
28.695333480835 28.8826675415039 29.0226669311523 29.0613327026367 29.3893337249756 29.466667175293 29.4053344726562 29.5393333435059 29.7453327178955 29.8739986419678 30 30.1506671905518 30.1066665649414 29.9686660766602 29.742000579834 28.9326667785645 28.3093338012695 28.2339992523193 28.7406673431396 30.1180000305176 31.0093326568604 31.6146659851074 30.3560009002686 29.7019996643066 29.6733322143555 30.1206665039062 29.7266674041748 30.6860008239746 31.5893325805664 31.8566665649414 31.5346660614014 30.7953338623047 29.910665512085 29.7560005187988 29.5460014343262 28.6386661529541 26.3793334960938 26.746000289917 28.542667388916 29.6639995574951 29.8059997558594 29.9693336486816 30.1473331451416 30.283332824707 30.3859996795654 30.3486671447754 30.2566661834717 30.2840003967285 30.0006675720215
27.8466663360596 27.8780002593994 28.3500003814697 28.5659999847412 28.8533325195312 29.0060005187988 29.2373332977295 29.4246673583984 29.5666675567627 29.656665802002 29.8899993896484 30.1406669616699 30.2119998931885 29.9566669464111 30.0553321838379 29.5993347167969 28.6900005340576 27.8566665649414 28.7146663665771 30.3826675415039 31.4479999542236 32.0540008544922 31.6473331451416 31.1153335571289 30.2506656646729 29.8833332061768 29.7693328857422 30.4686660766602 31.3793334960938 31.5160007476807 30.765998840332 29.3680000305176 28.0633335113525 27.554666519165 27.9360008239746 27.3773326873779 26.0100002288818 27.978666305542 29.511999130249 30.3826675415039 30.5766677856445 30.742000579834 30.8793334960938 30.9406661987305 31.0286674499512 31.0026664733887 30.8926658630371 30.6440010070801 30.2019996643066
27.6273326873779 27.5153331756592 27.2126655578613 27.2740001678467 27.3293323516846 27.5126667022705 27.9273319244385 28.1753349304199 28.1713333129883 28.558666229248 29.7233333587646 30.0746669769287 30.181999206543 30.2953319549561 30.4093341827393 30.2446670532227 29.9953327178955 29.6486663818359 29.4286670684814 30.029333114624 31.2173328399658 32.0779991149902 32.2713317871094 32.0139999389648 31.1326656341553 30.033332824707 30.0926666259766 30.482666015625 30.7606678009033 30.6873321533203 29.9160003662109 27.0679988861084 25.1773338317871 24.4400005340576 26.0659999847412 27.0686664581299 27.8933334350586 29.2133331298828 30.3380012512207 30.8853340148926 30.9473342895508 31.1459999084473 31.4313335418701 31.4693336486816 31.4873332977295 31.4073333740234 31.0573329925537 30.5799999237061 30.033332824707
26.9280014038086 27.2140007019043 27.0926666259766 26.5813331604004 26.2760009765625 26.1173324584961 25.9553337097168 25.6246662139893 25.7413330078125 27.4073333740234 28.6420001983643 29.199333190918 29.4386672973633 29.8866653442383 30.1620006561279 30.2026672363281 30.2006664276123 30.1166667938232 29.5520000457764 29.3793334960938 30.4346656799316 31.6173324584961 32.0193328857422 31.7653331756592 30.707332611084 30.1233329772949 29.5739994049072 29.4553337097168 29.9793338775635 29.7073345184326 29.1113338470459 28.4113330841064 26.6253337860107 26.1013336181641 27.0893325805664 27.826000213623 28.9353332519531 29.8286666870117 30.3780002593994 30.265998840332 29.6106662750244 30.3700008392334 31.6653327941895 31.8059997558594 31.7213325500488 31.3826675415039 30.5493335723877 29.5520000457764 29.1200008392334
26.3686676025391 26.7819995880127 26.7819995880127 26.3846664428711 25.9633331298828 25.6520004272461 25.1386680603027 25.4500007629395 25.9633331298828 26.3659992218018 26.476001739502 26.6326675415039 27.3333339691162 28.3299999237061 29.0066661834717 29.5613327026367 29.8913326263428 30.3106670379639 30.2266674041748 30.2520008087158 30.656665802002 31.1253337860107 31.32200050354 31.3826675415039 30.8133335113525 30.6666660308838 30.5486660003662 30.1639995574951 30.007999420166 29.7686672210693 29.5126667022705 29.0406665802002 28.8973331451416 28.8546676635742 28.6979999542236 29.0766658782959 29.8299999237061 30.4166660308838 29.9466667175293 29.492000579834 29.9086666107178 31.1573333740234 31.9713325500488 31.9726676940918 31.689998626709 31.1686668395996 29.6879997253418 28.3746662139893 28.826000213623
25.003999710083 25.6686668395996 25.9680004119873 25.2646675109863 25.0959987640381 25.0380001068115 23.5359992980957 24.6786670684814 25.296667098999 24.9646663665771 24.8486671447754 25.021333694458 26.0006656646729 26.4233322143555 27.1719989776611 28.1479988098145 28.9980010986328 30.3380012512207 30.4099998474121 29.9173336029053 29.7333335876465 29.9979991912842 30.3053340911865 30.6599998474121 31.1413326263428 31.3866672515869 31.3513336181641 31.0453338623047 30.8593330383301 30.8666667938232 30.009334564209 30.0380001068115 30.2526664733887 30.2679996490479 29.9619998931885 29.8146667480469 30.517333984375 31.0286655426025 31.1760005950928 31.3700008392334 31.7153339385986 32.2099990844727 32.2866668701172 31.7733345031738 31.2113342285156 30.5086669921875 29.5366668701172 28.8806667327881 29.5779991149902
25.0106678009033 25.988000869751 25.9780006408691 24.9226665496826 24.1620006561279 24.8713321685791 24.8020000457764 23.9720001220703 25.3959999084473 25.2086658477783 24.2600002288818 24.5633335113525 25.8206672668457 26.1599998474121 26.5706672668457 27.0886669158936 28.093334197998 30.0806674957275 30.1693325042725 29.7653331756592 29.1126670837402 29.050666809082 30.3873329162598 31.3226661682129 31.8426666259766 32.1279983520508 32.0766677856445 31.791332244873 31.6233329772949 31.7239990234375 31.8793334960938 31.2106666564941 30.9139995574951 31.4020004272461 31.5446662902832 31.0799999237061 31.0846672058105 31.7346668243408 32.248664855957 32.6459999084473 32.7493324279785 32.6706657409668 32.0993347167969 31.2386665344238 30.4939994812012 29.6946659088135 29.0860004425049 29.17799949646 29.6926670074463
24.3866672515869 24.9366664886475 26.2553329467773 26.0013332366943 25.7040004730225 25.5626659393311 25.2006664276123 25.8253326416016 25.9926662445068 25.5186672210693 25.8839988708496 26.304666519165 26.3479995727539 27.0993328094482 27.728666305542 27.232666015625 28.3026657104492 28.9919986724854 29.1073341369629 29.0066661834717 28.8933334350586 29.0819988250732 30.4153347015381 31.7413330078125 32.4306678771973 32.71533203125 32.7646675109863 32.8413314819336 32.9426651000977 33.0446662902832 33.1473350524902 33.1533317565918 32.4300003051758 32.007999420166 32.4553337097168 32.8079986572266 32.4893341064453 32.3400001525879 32.7006683349609 33.0613327026367 33.0986671447754 32.7313346862793 31.9406661987305 30.6213340759277 29.2593326568604 28.5879993438721 28.5400009155273 29.2993335723877 30.1053333282471
25.0353336334229 24.5713329315186 25.9006671905518 26.7019996643066 26.5246658325195 26.3013324737549 25.986665725708 26.3239994049072 26.042667388916 25.9759998321533 26.4400005340576 26.8586654663086 27.4253330230713 27.9213333129883 28.1959991455078 28.0533332824707 27.6433334350586 27.1886672973633 27.0086669921875 27.3579998016357 28.3839988708496 29.4273338317871 30.2900009155273 31.2786674499512 32.1479988098145 32.7886657714844 33.1360015869141 33.4280014038086 33.5900001525879 33.6293334960938 33.7053337097168 33.8919982910156 33.8800010681152 33.6539993286133 33.2353324890137 33.3733329772949 33.6580009460449 33.6546669006348 33.2113342285156 33.2106666564941 33.0746688842773 32.7000007629395 31.8906669616699 29.9906673431396 27.3426666259766 26.7313327789307 27.9246673583984 29.1259994506836 30.2679996490479
24.5606670379639 24.7406673431396 26.0033321380615 26.4246654510498 26.4626655578613 26.5480003356934 26.4266662597656 26.2600002288818 26.1893329620361 26.4260005950928 27.0413341522217 27.2006664276123 27.0773334503174 27.7266674041748 27.8080005645752 27.7726669311523 27.8700008392334 27.4313335418701 27.6380004882812 27.3606662750244 27.7060012817383 28.5380001068115 29.2719993591309 30.541332244873 31.474666595459 32.1766662597656 32.9099998474121 33.4739990234375 33.6853332519531 33.6520004272461 33.6753349304199 33.8779983520508 33.8733329772949 33.7713317871094 33.621997833252 33.6160011291504 33.6373329162598 33.5733337402344 33.4459991455078 33.2519989013672 32.3313331604004 32.3059997558594 31.8146667480469 30.7866668701172 29.0233325958252 27.734001159668 27.3726673126221 28.8093338012695 30.4333343505859
24.6293334960938 25.5453338623047 26.0493335723877 26.1826667785645 26.1153335571289 26.2433338165283 25.8866672515869 26.1266670227051 26.6019992828369 26.6006660461426 26.9933338165283 27.5046672821045 27.5139999389648 27.4713325500488 28.025333404541 28.3953323364258 28.6553344726562 28.3813343048096 28.3326663970947 28.5826663970947 28.4980010986328 28.2986660003662 28.296667098999 29.0573329925537 30.2986679077148 31.0960006713867 31.57200050354 31.9333343505859 33.2120018005371 33.5166664123535 33.6199989318848 33.7613334655762 33.7526664733887 33.7446670532227 33.6959991455078 33.6419982910156 33.6199989318848 33.498664855957 33.4933319091797 33.0693321228027 31.4093322753906 32.4946670532227 32.0986671447754 31.3726673126221 29.6233329772949 27.8726654052734 29.0433330535889 29.0033340454102 30.957332611084
25.3606662750244 25.7333316802979 25.8506660461426 25.9426670074463 25.9420013427734 25.9860000610352 26.0453338623047 26.173999786377 26.4899997711182 26.9020004272461 27.1560001373291 27.3873329162598 27.4120006561279 27.6040000915527 27.4780006408691 27.7059993743896 28.8706665039062 28.8013343811035 27.2733325958252 28.2833347320557 28.8833332061768 29.07200050354 28.3680000305176 28.6746673583984 29.5653343200684 30.6639995574951 31.5386657714844 31.8833332061768 32.5466651916504 33.0880012512207 33.2259979248047 33.2286682128906 33.5813331604004 33.7713317871094 33.7700004577637 33.6459999084473 33.5499992370605 33.5820007324219 33.6433334350586 33.6013336181641 33.1746673583984 32.9759979248047 32.6533317565918 32.0326652526855 30.5366668701172 29.4053325653076 29.8799991607666 30.9540004730225 32.023998260498
23.3686676025391 24.2573337554932 24.7779998779297 25.0026664733887 25.1340007781982 25.2186660766602 25.3606662750244 25.5599994659424 26.0033321380615 26.5739994049072 27.0046672821045 27.2600002288818 27.2693328857422 27.6000003814697 27.5386657714844 27.826000213623 28.5946674346924 28.8533325195312 28.4053325653076 28.0793342590332 28.5919990539551 29.4200000762939 29.5726680755615 28.8719997406006 29.457332611084 29.3913326263428 30.7666664123535 31.0686664581299 31.1586666107178 32.0513343811035 31.3853321075439 31.4153327941895 32.9526672363281 33.5613327026367 33.7539978027344 33.2779998779297 33.1619987487793 33.5340003967285 33.6933326721191 33.740665435791 33.6199989318848 33.3873329162598 33.0786666870117 32.6133346557617 31.57200050354 29.9633331298828 30.9046669006348 31.9433326721191 32.422664642334
21.0393333435059 20.1873340606689 21.4300003051758 22.1493320465088 22.1946659088135 22.8193340301514 22.6100006103516 24.068000793457 25.0200004577637 25.6366672515869 26.2700004577637 26.6653327941895 26.7386665344238 26.6453342437744 27.1126670837402 27.681999206543 28.2200012207031 28.5526676177979 28.6639995574951 28.7086658477783 29.1406669616699 29.6473331451416 30.0326671600342 29.0873336791992 28.9186668395996 28.550666809082 28.8146667480469 29.4500007629395 28.7353324890137 29.8833332061768 30.0726661682129 30.53733253479 32.2353324890137 33.1373329162598 33.397331237793 33.03466796875 32.9080009460449 33.3919982910156 33.6413345336914 33.7099990844727 33.6720008850098 33.492000579834 33.1266670227051 33.0386657714844 32.4700012207031 30.5400009155273 31.6606674194336 32.647331237793 32.9613342285156
20.1626663208008 18.9033336639404 18.3120002746582 17.8640003204346 17.5393333435059 18.1140003204346 19.7113342285156 21.3326663970947 21.445333480835 23.0033340454102 23.4419994354248 24.257999420166 24.7819995880127 25.2153339385986 26.25 27.1593322753906 27.5200004577637 27.9206657409668 28.4153327941895 28.6586666107178 29.1426658630371 29.7073345184326 30.0359992980957 29.699333190918 28.9686660766602 29.291332244873 29.2573337554932 30.0013332366943 30.054666519165 29.2853317260742 29.3026657104492 29.4806671142578 31.3966674804688 32.5060005187988 32.9206657409668 32.860668182373 32.6113357543945 32.941333770752 33.3139991760254 33.5606651306152 33.6360015869141 33.4353332519531 32.9673347473145 33.3226661682129 33.2360000610352 32.476001739502 32.8380012512207 33.3139991760254 33.3979988098145
18.9873332977295 17.8686656951904 16.8766670227051 16.8526668548584 16.7953338623047 17.0499992370605 17.7446670532227 18.4593334197998 18.8146667480469 19.9446659088135 21.5 22.1686668395996 23.2013339996338 24.0206661224365 25.3806667327881 26.5566673278809 27.0873336791992 27.507999420166 28.0126667022705 28.3439998626709 28.7253341674805 29.2653331756592 29.6679992675781 30.0193328857422 29.7993335723877 30.0480003356934 30.4986667633057 30.9193344116211 31.1706676483154 30.6713333129883 29.1866664886475 29.767333984375 30.6506671905518 31.2859992980957 31.941333770752 32.257999420166 32.0993347167969 32.1240005493164 32.7393341064453 33.2866668701172 33.5766677856445 33.5740013122559 33.1800003051758 33.2553329467773 33.5213317871094 33.4786682128906 33.4106674194336 33.3326683044434 33.3813323974609
17.4120006561279 17.7233333587646 16.8173332214355 16.529333114624 16.5666675567627 16.4659996032715 16.5206661224365 16.4513339996338 16.6399993896484 17.804666519165 20.1593341827393 21.6106662750244 23.0013332366943 24.1059989929199 25.1066665649414 26.2106666564941 26.6266670227051 27.0526657104492 27.6093330383301 28.1700000762939 28.5419998168945 29.0453338623047 29.5073337554932 30.0179996490479 30.3466663360596 30.3946666717529 30.7193336486816 31.0913333892822 31.5499992370605 31.7639999389648 31.1633338928223 30.7940006256104 30.4446659088135 29.1313323974609 30.5533332824707 31.3313331604004 31.3206672668457 30.564001083374 31.6280002593994 32.71533203125 33.3479995727539 33.5913314819336 33.3753318786621 32.9186668395996 32.751335144043 33.3326644897461 33.3639984130859 33.256664276123 33.242000579834
19.6293334960938 19.8473339080811 18.8666667938232 18.1399993896484 17.6973342895508 16.8526668548584 15.6973333358765 15.4219999313354 15.4866666793823 16.5113334655762 19.0633335113525 21.5540008544922 23.2413330078125 24.2873344421387 24.826000213623 25.6453342437744 26.318000793457 26.9806671142578 27.6866664886475 28.3920001983643 28.8226661682129 29.1000003814697 29.4860000610352 29.8386669158936 30.2700004577637 30.5233345031738 30.7606678009033 31.0346660614014 31.3660011291504 31.6866664886475 32.0139999389648 32.1226654052734 31.7960014343262 30.8966674804688 30.0713329315186 30.8153343200684 30.8846664428711 30.0919990539551 30.3146667480469 31.8759994506836 32.9580001831055 33.3993339538574 33.3313331604004 32.914665222168 31.5973339080811 32.2900009155273 33.085334777832 33.3706665039062 33.3186683654785
22.5820007324219 21.2573337554932 18.92799949646 16.4333324432373 14.8886661529541 14.8606672286987 15.043999671936 15.8800001144409 16.1459999084473 17.2199993133545 19.3786659240723 21.9253330230713 23.3579998016357 24.1826667785645 24.8439998626709 25.3186664581299 26.2019996643066 26.9326667785645 27.6380004882812 28.1793327331543 28.5200004577637 28.4933338165283 28.9006652832031 29.1873321533203 29.8033332824707 30.2346668243408 30.4366664886475 30.7940006256104 31.2666664123535 31.6586666107178 31.945333480835 32.0866661071777 32.1806678771973 32.1113319396973 31.9893341064453 31.2259998321533 31.0973320007324 30.6199989318848 30.4853324890137 31.173999786377 32.4020004272461 33.0139999389648 33.2106666564941 33.0299987792969 32.3533325195312 30.9173336029053 32.5366668701172 33.3400001525879 33.542667388916
23.1086654663086 21.9173336029053 20.4060001373291 17.5240001678467 15.7993335723877 13.5060005187988 13.2399997711182 15.1773328781128 17.3460006713867 20.1193332672119 21.6653327941895 23.3473339080811 24.8346672058105 25.6153335571289 25.4220008850098 25.5646667480469 25.7959995269775 25.6879997253418 26.4679985046387 26.6959991455078 26.6040000915527 26.4326667785645 27.1893329620361 26.6886672973633 27.7433319091797 29.2493343353271 29.1860008239746 30.1293334960938 30.9313335418701 31.5160007476807 31.8053340911865 31.8020000457764 31.8393325805664 31.8439998626709 31.7259998321533 31.5373344421387 31.0626678466797 30.7493343353271 30.6186656951904 31.2313327789307 31.9213333129883 32.5406646728516 32.974666595459 33.0019989013672 32.1080017089844 31.7346668243408 32.8819999694824 33.4259986877441 33.533332824707
