model/data/bioclim/bclim5.asc
NCOLS 300 
NROWS 300 
XLLCORNER -125.250000000003 
YLLCORNER 30.7499999999996 
CELLSIZE 0.041666666666667 
NODATA_value -32768 
[rows 114 to 151 of 300, columns 172 to 257 of 300]
313 298 290 298 307 306 300 300 304 311 312 318 330 332 331 326 325 328 328 327 318 301 284 266 284 293 300 300 292 279 280 262 275 286 299 304 291 287 281 272 275 313 323 323 320 313 304 310 312 313 307 307 303 321 334 337 338 338 338 337 336 326 296 265 272 285 305 314 321 325 327 328 328 326 312 273 299 310 311 302 289 305 312 316 316 316
335 322 304 285 298 314 319 319 314 317 323 319 322 334 336 336 334 333 330 324 317 304 289 292 297 304 305 290 274 269 271 265 262 287 304 307 292 290 278 275 283 313 324 325 322 315 300 309 311 312 312 311 313 332 337 338 338 337 338 338 333 315 292 279 268 286 311 319 323 326 328 328 329 326 296 297 311 312 311 299 301 286 305 315 316 316
332 302 292 264 272 311 326 329 323 314 323 327 326 331 337 337 336 333 325 317 314 311 305 305 309 309 306 289 267 255 262 255 258 291 306 309 304 296 271 276 286 311 322 326 325 308 298 309 311 313 312 317 327 336 338 338 338 337 337 335 316 288 273 277 288 305 317 323 326 328 328 329 328 321 294 298 312 312 307 309 309 297 309 315 315 315
337 279 260 260 270 313 331 331 322 306 318 328 327 327 337 339 338 332 321 304 293 296 310 313 313 312 308 297 279 265 250 249 266 288 308 309 307 296 270 269 280 311 324 327 328 323 310 299 305 312 304 310 334 337 337 337 338 337 335 323 291 253 251 282 299 311 320 325 328 328 329 329 327 317 288 299 312 312 302 314 311 287 301 314 315 314
350 321 281 287 299 318 331 331 325 306 319 328 326 329 340 341 340 336 324 296 264 285 307 315 315 314 310 304 291 286 280 275 288 291 311 310 311 302 273 273 284 309 326 329 329 328 317 292 310 318 312 320 334 337 337 337 337 335 330 314 283 235 251 291 306 317 322 322 329 330 329 326 319 316 306 307 312 301 303 317 314 302 297 309 315 314
352 341 321 312 304 319 326 328 325 322 325 330 326 335 342 342 342 340 330 311 280 293 305 311 317 314 307 298 287 291 292 297 304 304 315 311 315 305 289 285 297 313 327 330 330 329 322 308 305 315 324 327 333 336 336 337 337 331 320 309 276 236 274 303 316 322 320 324 329 330 327 318 314 318 313 311 305 304 318 321 315 307 298 307 313 313
337 340 332 325 313 310 321 325 320 317 316 327 337 342 343 343 343 341 332 316 296 298 300 309 318 311 298 286 278 289 297 292 307 311 316 315 317 310 297 289 308 321 327 329 330 330 320 306 308 322 331 333 335 335 335 333 326 296 286 286 264 267 296 315 324 324 309 319 327 330 329 322 319 321 315 309 301 315 324 321 315 304 298 307 314 314
325 335 338 341 333 317 309 309 310 297 299 326 342 344 344 344 343 341 332 320 303 301 311 318 319 306 293 280 292 288 304 298 302 313 315 318 318 314 306 293 306 325 327 328 325 324 326 325 332 334 334 333 331 330 327 314 294 263 265 269 269 293 310 322 326 322 323 324 326 326 328 329 319 324 317 302 305 321 327 322 313 301 305 312 317 316
318 331 340 349 340 318 295 295 300 282 312 338 345 345 345 344 342 339 332 321 305 296 314 323 322 313 304 295 295 306 307 295 298 312 317 320 318 314 308 296 300 321 325 325 317 305 318 328 333 333 334 331 324 319 300 273 272 247 274 286 289 308 319 326 327 317 327 329 318 313 319 328 330 329 323 316 318 328 328 324 318 314 313 315 318 318
341 349 351 351 342 310 289 302 312 312 329 345 346 345 341 336 338 336 329 322 310 303 318 325 326 324 319 310 305 312 315 301 301 310 319 320 316 311 299 285 295 315 323 318 302 297 309 326 333 334 333 325 310 306 287 263 244 264 286 291 306 318 323 327 325 318 330 331 325 311 305 316 325 331 329 323 324 331 333 331 327 324 311 304 318 320
345 351 351 351 348 331 323 326 330 337 345 347 343 328 318 320 330 333 328 320 308 310 321 327 328 328 327 321 309 316 319 305 302 312 320 319 314 303 294 286 287 313 319 311 295 295 309 325 334 334 333 324 308 294 276 257 261 289 302 308 317 323 325 328 324 329 332 333 329 322 310 290 307 323 333 327 323 331 335 335 332 321 311 283 310 321
344 350 351 351 348 342 341 342 343 345 347 343 326 289 272 306 320 328 328 321 312 310 322 328 329 330 330 329 324 324 323 319 317 321 321 316 306 287 259 262 293 311 316 311 299 286 302 324 336 336 334 323 302 284 283 266 281 296 305 314 319 323 326 328 327 326 332 333 330 323 311 288 291 314 332 330 322 329 337 338 337 329 314 276 300 317
322 340 345 337 318 335 341 345 347 347 344 335 321 311 295 307 315 328 332 326 311 309 322 330 331 331 331 330 320 323 326 325 323 324 319 307 296 282 261 258 291 307 312 308 299 284 296 323 336 337 333 321 300 282 294 296 304 306 310 314 321 324 325 322 321 332 333 333 330 321 309 287 289 316 333 326 314 331 338 339 339 331 319 291 294 313
321 333 344 340 313 327 336 343 345 344 336 322 306 293 298 322 318 333 339 335 328 321 325 331 332 332 332 331 321 323 328 326 325 324 316 304 289 267 266 255 279 298 307 306 302 291 288 317 333 335 331 317 292 294 308 316 319 319 309 291 318 323 318 309 312 333 334 333 329 319 309 310 303 319 335 326 325 332 340 341 341 327 312 289 287 307
319 325 341 347 326 303 320 334 339 341 337 328 320 308 316 331 338 343 342 340 333 324 328 332 332 332 331 331 329 328 328 327 326 324 318 311 300 294 290 276 270 289 301 305 306 298 279 306 330 332 328 313 300 311 321 326 327 324 309 277 314 319 310 292 309 333 334 333 330 312 306 319 323 327 332 318 327 337 341 342 341 331 317 288 271 308
339 341 345 343 325 286 285 308 321 335 345 346 347 344 339 336 344 343 341 338 336 330 327 331 332 332 331 329 328 328 327 327 327 326 322 316 311 307 301 294 276 279 297 304 309 303 279 301 327 329 322 309 315 321 328 331 331 330 318 288 312 313 301 285 317 333 334 334 331 315 313 326 334 337 329 316 329 338 342 343 341 334 323 303 291 318
342 346 344 323 315 303 274 273 278 321 349 358 360 360 348 331 339 333 332 332 332 329 322 323 329 325 326 322 316 317 322 325 327 326 324 320 316 313 309 303 291 272 286 302 309 312 304 314 325 326 322 313 314 324 331 334 334 335 330 295 308 300 301 304 321 329 331 329 330 332 321 334 343 333 325 317 329 339 343 343 341 335 326 316 315 328
343 343 329 289 276 269 264 267 293 310 348 360 359 356 348 330 323 310 313 320 326 321 313 315 322 328 326 314 302 303 315 321 325 326 324 322 319 317 314 309 301 281 276 299 308 313 318 321 323 323 317 306 314 325 332 336 336 335 329 313 303 296 305 307 319 325 328 322 327 333 340 345 340 331 322 312 327 339 343 343 340 330 328 322 318 329
343 327 298 274 252 255 247 277 317 343 358 360 358 349 331 319 306 283 293 311 318 313 308 310 321 333 330 317 301 296 306 316 322 326 325 323 321 320 318 315 307 288 283 296 306 313 316 312 318 314 307 314 323 328 336 337 337 334 326 316 303 294 301 299 309 316 321 319 331 331 346 344 338 330 320 313 328 338 343 344 337 322 322 317 304 323
343 337 302 257 247 264 273 304 333 353 359 359 353 342 316 310 286 274 293 303 309 315 318 323 328 338 340 334 326 313 307 305 317 325 326 325 321 319 322 320 313 292 282 294 308 315 314 305 310 313 308 318 329 335 338 338 337 332 322 314 306 295 295 295 290 298 316 324 339 346 334 334 332 323 312 307 328 336 341 341 333 319 317 319 312 321
340 343 329 291 277 272 292 321 345 355 358 355 348 337 321 305 297 306 312 314 316 325 330 334 339 344 345 344 340 331 314 295 305 322 326 325 321 323 325 324 318 300 297 305 313 318 315 307 312 317 319 325 331 334 336 337 334 327 304 298 289 287 296 296 275 295 319 333 347 339 335 342 339 333 327 325 331 336 339 336 327 311 315 322 330 336
324 338 342 326 298 285 286 313 336 342 344 341 338 324 313 294 302 321 322 318 321 332 337 341 344 346 345 343 339 332 318 302 302 318 324 322 318 322 327 328 322 306 300 311 318 321 315 303 306 316 321 327 330 331 331 329 323 322 303 306 302 304 313 303 298 320 336 346 353 343 344 344 338 332 334 334 335 336 332 324 314 308 314 325 335 343
279 315 337 338 323 300 285 289 302 311 309 313 315 307 296 305 323 331 329 324 328 334 342 342 336 332 330 332 330 331 323 315 311 317 321 318 318 325 329 330 328 315 308 317 322 323 312 294 295 312 321 325 325 322 314 299 309 317 323 325 322 318 323 300 298 320 341 350 354 344 346 339 327 320 331 334 336 333 326 313 299 304 316 327 343 329
239 285 320 338 336 313 307 300 286 281 263 254 278 287 295 319 332 333 330 327 327 342 342 318 290 294 315 326 325 329 325 317 311 316 321 322 323 329 332 333 332 324 302 321 325 324 313 294 278 302 317 314 314 316 305 283 303 320 329 334 334 333 330 305 315 327 342 350 356 343 342 333 307 306 327 332 336 334 326 306 288 300 316 339 333 313
236 260 299 327 337 334 325 314 300 287 268 257 261 281 296 308 328 329 327 331 342 348 343 322 299 296 320 327 327 324 322 315 314 321 325 326 329 331 332 332 332 323 309 322 326 324 316 294 285 306 317 325 326 320 307 289 285 312 327 337 340 340 334 316 322 332 337 347 355 354 344 327 296 298 322 331 338 336 327 310 293 301 315 329 342 309
245 263 291 305 327 335 326 305 293 298 289 273 268 280 307 324 335 340 342 343 346 347 348 345 340 330 334 334 329 326 323 320 324 327 329 330 330 332 332 331 328 312 307 322 325 324 309 283 287 311 322 331 331 325 309 296 268 302 316 335 341 343 343 335 322 320 322 339 354 359 351 328 323 311 325 337 340 338 330 315 310 301 315 323 343 317
261 305 324 298 327 330 315 289 272 274 284 273 262 290 321 332 337 339 338 334 336 340 346 345 352 340 328 327 329 329 327 320 326 327 328 324 328 330 329 328 317 304 297 317 323 317 286 288 304 317 330 335 335 331 319 304 287 308 319 332 339 344 346 342 330 310 310 332 351 359 355 338 337 331 332 338 341 339 332 313 299 304 319 329 347 335
306 330 321 338 361 357 329 323 310 292 285 289 303 319 328 330 326 325 315 311 316 332 348 355 357 349 326 327 324 327 325 322 325 322 319 316 323 326 321 319 305 294 290 306 319 306 285 306 319 328 336 339 340 338 326 312 301 317 325 332 339 343 346 346 326 290 294 320 343 357 358 344 345 342 337 340 341 337 327 314 289 303 321 336 353 354
333 335 307 352 372 373 365 348 288 300 323 329 333 335 319 311 312 308 299 294 310 332 348 359 361 359 341 330 332 330 324 319 318 313 312 313 317 315 305 305 299 292 290 298 304 295 292 308 325 335 339 341 342 343 341 338 334 330 325 333 337 342 346 349 335 308 306 319 328 349 360 354 352 346 339 341 337 333 324 302 304 314 329 343 346 345
335 309 301 351 371 378 375 367 321 276 340 358 364 359 343 333 324 305 285 291 319 336 349 361 364 364 359 344 345 335 311 310 303 315 307 312 312 308 306 300 296 292 287 288 293 288 299 298 306 330 337 342 343 345 345 344 341 335 326 325 329 338 346 350 348 336 319 326 326 346 357 362 353 343 333 335 321 325 318 304 329 341 349 350 338 347
275 258 293 315 358 382 382 381 357 315 338 373 378 373 355 328 309 285 292 319 341 353 357 365 365 364 362 352 352 347 339 330 318 324 328 324 316 308 305 301 294 289 284 284 285 292 309 306 323 329 338 342 344 338 343 343 340 335 326 320 317 340 347 352 351 337 330 331 335 339 354 363 362 352 347 327 323 324 319 334 351 358 358 341 350 360
245 255 274 289 335 380 385 387 367 341 329 355 385 382 366 339 313 298 310 331 348 358 362 360 365 365 363 360 360 359 354 346 331 334 337 334 329 321 316 315 309 297 295 304 288 302 328 337 344 344 336 335 341 326 336 342 339 336 327 325 319 338 350 354 353 338 340 341 342 346 350 360 365 364 352 315 324 331 331 352 365 366 349 354 361 367
253 272 272 298 334 374 376 386 388 375 352 326 384 390 378 354 331 320 318 325 342 362 353 343 359 364 365 363 362 362 360 353 345 341 342 345 336 326 321 322 322 321 322 317 304 304 332 346 350 345 334 321 333 335 332 338 337 335 332 327 313 327 345 354 354 347 348 340 344 348 350 352 348 370 363 327 327 339 347 365 369 356 359 363 369 372
250 256 285 305 333 341 362 366 387 389 384 326 367 392 390 365 343 333 344 347 358 351 327 326 350 358 361 362 362 359 358 359 355 354 352 344 335 319 304 309 324 328 332 324 315 322 339 348 352 349 338 329 333 341 339 338 332 329 320 306 308 314 330 352 352 355 357 346 349 350 332 349 357 372 373 340 349 352 366 373 360 345 365 366 376 378
240 237 275 293 317 310 336 334 379 385 371 320 351 383 398 390 368 365 362 359 346 321 304 324 340 350 357 360 361 361 356 360 360 361 353 343 333 318 302 302 319 331 338 332 324 333 342 350 354 353 346 337 337 341 339 335 323 319 320 308 312 334 335 344 350 348 364 364 365 357 321 340 363 374 377 361 361 367 372 360 356 366 373 376 384 379
230 207 255 288 314 320 324 314 344 363 343 320 323 375 397 401 402 386 368 358 331 295 282 306 326 343 351 356 359 358 351 361 365 361 352 346 342 335 316 311 320 332 340 333 313 327 342 351 355 356 351 345 339 338 334 331 323 321 328 326 320 345 353 340 344 354 366 369 369 366 325 323 363 378 383 378 376 374 351 353 369 377 384 386 374 357
200 209 256 314 338 338 328 323 316 339 335 292 299 364 392 385 405 404 391 364 318 291 272 297 320 336 344 350 356 349 343 359 369 365 357 350 337 338 336 331 325 338 321 320 315 335 336 349 356 357 353 350 344 342 329 324 329 339 349 339 327 347 361 356 336 358 369 370 370 367 325 313 361 380 386 383 381 367 344 360 376 384 391 383 362 326
221 211 256 328 365 364 352 331 311 361 345 274 305 359 363 351 390 413 411 390 355 309 285 283 299 323 334 338 348 341 355 365 373 367 358 356 347 331 321 324 343 341 310 309 310 334 346 338 349 357 353 347 355 346 333 326 334 350 360 355 326 346 363 365 346 340 365 368 369 367 336 313 358 376 386 387 385 366 356 366 379 390 396 384 366 338
