model/data/bioclim/bclim6.asc
NCOLS 300 
NROWS 300 
XLLCORNER -125.25 
YLLCORNER 30.75 
CELLSIZE 0.0416666666666667 
NODATA_value -3.4e+38 
[rows 220 to 241 of 300, columns 240 to 287 of 300]
4.60799980163574 4.94799995422363 4.78000020980835 4.53999996185303 4.53200006484985 4.38800001144409 4.11999988555908 4.17999982833862 4.39599990844727 4.53200006484985 4.60400009155273 4.57999992370605 4.6560001373291 4.99599981307983 5.56799983978271 5.21199989318848 5.01999998092651 5.51200008392334 5.62400007247925 5.03599977493286 4.31199979782104 3.96399998664856 3.96399998664856 3.91599988937378 3.60800004005432 3.34400010108948 2.9760000705719 2.79200005531311 2.63599991798401 2.58800005912781 2.59599995613098 2.70799994468689 2.83200001716614 3.04800009727478 3.69600009918213 3.7519998550415 3.11999988555908 2.33200001716614 2.08800005912781 2.36800003051758 2.83999991416931 3.20000004768372 3.44000005722046 3.22000002861023 2.44400000572205 2.37599992752075 3.45599985122681 4.04400014877319
4.88800001144409 5.30800008773804 5.14400005340576 4.89599990844727 4.90000009536743 4.68400001525879 4.44799995422363 4.71600008010864 4.71600008010864 4.19999980926514 3.8840000629425 3.92799997329712 4.23199987411499 4.64799976348877 5.27600002288818 5.62400007247925 5.77600002288818 6.16400003433228 5.70800018310547 4.7960000038147 4.13199996948242 4.05599975585938 4.23199987411499 4.05200004577637 3.51999998092651 3.17199993133545 2.88000011444092 2.71200013160706 2.57999992370605 2.45600008964539 2.46399998664856 2.60399985313416 2.65199995040894 2.71199989318848 2.96399998664856 2.55999994277954 2.09999990463257 2.08399987220764 2.25999999046326 2.6800000667572 3.31599998474121 3.59599995613098 3.1800000667572 3.06800007820129 4.05999994277954 4.11199998855591 3.74000000953674 3.44799995422363
5.11600017547607 5.56400012969971 5.7039999961853 5.06400012969971 5.01200008392334 5.14400005340576 4.85199975967407 4.86399984359741 4.75600004196167 4.31599998474121 3.87599992752075 3.70000004768372 3.82800006866455 4.1560001373291 4.74399995803833 5.40799999237061 5.69199991226196 5.90000009536743 5.21600008010864 4.46400022506714 4.04400014877319 4.36800003051758 4.52400016784668 3.91599988937378 3.29200005531311 3 2.84400010108948 2.85199999809265 2.75600004196167 2.44799995422363 2.48799991607666 2.77600002288818 3.1800000667572 3.09999990463257 2.48799991607666 2.05200004577637 2.12800002098083 2.46799993515015 2.83999991416931 3.2720000743866 3.85999989509583 3.53999996185303 4.19600009918213 4.1399998664856 3.59999990463257 3.13199996948242 2.81599998474121 2.57599997520447
5.15199995040894 5.51599979400635 5.81599998474121 5.83200025558472 5.78000020980835 5.66800022125244 5.40000009536743 5.42000007629395 5.23199987411499 4.62799978256226 4.1399998664856 3.97200012207031 4.00799989700317 4.09999990463257 4.47599983215332 5.15999984741211 5.42400026321411 5.40399980545044 4.86800003051758 4.37599992752075 4.10400009155273 3.99600005149841 3.70799994468689 3.26399993896484 3.03200006484985 2.92400002479553 3.06800007820129 3.6159999370575 3.65599989891052 2.80399990081787 2.98399996757507 3.38000011444092 3.50799989700317 3.35199999809265 2.69600009918213 2.44400000572205 2.76799988746643 3.25200009346008 3.58400011062622 3.75600004196167 4.21999979019165 4.07999992370605 3.65599989891052 3.22399997711182 2.80800008773804 2.50399994850159 2.41199994087219 2.43200016021729
5.06400012969971 5.1879997253418 5.53200006484985 5.72399997711182 5.92400026321411 6.05999994277954 6.03599977493286 6.03999996185303 5.77199983596802 5.17999982833862 4.88399982452393 5.01600027084351 4.99200010299683 4.93599987030029 5.34800004959106 5.85599994659424 5.76399993896484 5.28399991989136 4.74399995803833 4.32000017166138 4.1399998664856 3.83599996566772 3.41199994087219 3.10800004005432 3.00799989700317 3.05200004577637 3.34800004959106 4.1399998664856 3.97199988365173 2.98000001907349 2.57200002670288 2.70000004768372 2.66400003433228 2.68799996376038 2.73200011253357 3.09599995613098 3.5 3.86800003051758 4.2519998550415 4.11600017547607 3.85599994659424 3.44799995422363 2.94799995422363 2.61999988555908 2.53600001335144 2.57999992370605 2.75200009346008 2.96799993515015
5.11199998855591 4.98000001907349 5.61600017547607 5.87599992752075 5.98400020599365 6.09200000762939 6.03200006484985 5.85200023651123 5.97200012207031 5.98400020599365 5.65999984741211 5.53200006484985 5.69999980926514 5.74000024795532 6.03999996185303 6.2519998550415 5.65999984741211 5.07999992370605 4.5479998588562 4.28000020980835 4.32399988174438 4.15199995040894 3.6800000667572 3.26800012588501 3.1800000667572 3.31599998474121 3.48000001907349 4.09200000762939 3.82400012016296 3.10800004005432 2.59200000762939 2.42400002479553 2.40000009536743 2.56800007820129 2.95199990272522 3.8439998626709 4.30399990081787 4.17999982833862 3.9760000705719 3.5 3.00399994850159 2.80800008773804 2.65199995040894 2.80800008773804 3.06399989128113 3.26800012588501 3.06800007820129 3.25200009346008
4.7519998550415 4.86800003051758 5.96399974822998 6.30000019073486 6.18800020217896 6.59999990463257 6.41200017929077 5.98000001907349 5.96799993515015 6.1399998664856 5.92399978637695 5.40000009536743 5.51999998092651 5.96799993515015 6.2480001449585 6.37200021743774 5.71600008010864 4.91200017929077 4.3600001335144 4.15599966049194 4.43200016021729 4.32000017166138 3.69600009918213 3.23600006103516 3.14400005340576 3.30399990081787 3.65199995040894 4.43200016021729 4.2519998550415 3.55999994277954 3.06800007820129 2.54800009727478 2.40000009536743 2.66799998283386 3.17600011825562 4.17999982833862 4.74399995803833 4.21600008010864 3.40400004386902 2.85599994659424 2.64400005340576 2.79999995231628 3.03999996185303 3.34400010108948 3.48799991607666 2.55200004577637 2.88800001144409 3.7960000038147
4.28399991989136 4.80800008773804 6.2480001449585 6.09999990463257 6.37599992752075 6.93200016021729 6.67600011825562 6.39599990844727 6.32399988174438 6.12799978256226 5.60799980163574 5.20799970626831 5.26800012588501 5.61199998855591 6.07200002670288 6.42000007629395 6.09999990463257 5.08799982070923 4.34000015258789 4.2039999961853 4.61199998855591 4.42000007629395 3.77600002288818 3.43600010871887 3.40000009536743 3.4760000705719 3.77600002288818 4.33199977874756 4.70800018310547 4.63199996948242 3.91599988937378 3.06399989128113 2.62400007247925 2.74399995803833 3.24399995803833 4.11600017547607 4.55200004577637 4.0479998588562 3.05599999427795 2.74799990653992 3 3.6399998664856 4.05599975585938 4.25600004196167 4.36800003051758 4.39599990844727 4.40799999237061 4.36800003051758
4.26399993896484 4.77199983596802 6.30399990081787 6.87200021743774 7.03200006484985 7.10400009155273 6.62800025939941 6.35599994659424 6.57599973678589 6.3600001335144 5.53600025177002 5.11999988555908 5.10799980163574 5.26399993896484 5.52799987792969 6.07999992370605 6.23199987411499 5.38800001144409 4.46799993515015 4.40799999237061 4.64400005340576 4.71999979019165 4.38000011444092 3.87199997901917 3.74399995803833 3.7720000743866 3.96000003814697 4.51599979400635 4.98399972915649 4.8600001335144 4.22800016403198 3.48000001907349 3.01600003242493 2.83599996566772 3.09200000762939 3.66000008583069 4.08799982070923 4.00799989700317 3.61199998855591 3.37199997901917 3.53600001335144 4.07200002670288 4.39599990844727 4.46000003814697 4.44799995422363 4.69999980926514 4.59600019454956 4.32000017166138
4.94000005722046 5.11999988555908 5.76000022888184 6.11199998855591 6.10799980163574 5.97200012207031 5.66800022125244 5.62799978256226 6.23199987411499 6.56799983978271 6.02400016784668 5.37599992752075 5.03999996185303 4.93599987030029 4.89200019836426 5.07200002670288 5.27600002288818 5.01599979400635 4.6399998664856 4.93200016021729 5.35200023651123 5.42000007629395 4.99200010299683 4.41200017929077 4.19199991226196 4.14400005340576 4.39200019836426 4.84800004959106 4.9520001411438 4.73999977111816 4.23999977111816 3.91199994087219 3.7960000038147 3.46000003814697 3.17599987983704 3.16400003433228 3.51600003242493 3.94400000572205 4.08400011062622 4.06400012969971 4.15999984741211 4.19600009918213 3.87599992752075 3.62800002098083 3.55999994277954 3.75999999046326 3.75999999046326 3.69600009918213
5.64799976348877 5.54400014877319 5.36400032043457 5.19199991226196 5.03200006484985 4.84800004959106 4.78000020980835 4.93599987030029 5.44799995422363 5.92799997329712 5.86800003051758 5.4520001411438 5 4.71999979019165 4.50799989700317 4.42000007629395 4.35599994659424 4.57599973678589 4.90399980545044 5.39200019836426 6.12800025939941 5.98000001907349 5.07999992370605 4.52799987792969 4.37200021743774 4.37200021743774 4.71600008010864 5.22800016403198 4.99599981307983 4.69600009918213 4.51599979400635 4.43599987030029 4.51599979400635 4.1560001373291 3.49600005149841 3.03999996185303 3.03999996185303 3.53999996185303 4.14799976348877 4.09200000762939 3.95199990272522 3.76799988746643 3.25200009346008 2.76399993896484 2.7039999961853 2.78800010681152 2.89600014686584 3.03200006484985
5.73199987411499 5.55200004577637 5.51999998092651 5.46799993515015 5.32399988174438 5.18800020217896 5.03599977493286 4.90000009536743 4.88000011444092 4.93599987030029 5.07999992370605 5.12799978256226 4.87599992752075 4.68400001525879 4.48799991607666 4.43599987030029 4.36400032043457 4.73600006103516 5.19199991226196 5.5479998588562 6.12400007247925 6.03200006484985 5.19600009918213 4.27600002288818 4.15199995040894 4.38400030136108 4.80800008773804 5.33599996566772 5.15999984741211 4.73199987411499 4.78399991989136 4.80399990081787 4.83199977874756 4.53599977493286 3.99600005149841 3.39199995994568 3.04800009727478 3.19600009918213 3.64000010490417 3.6159999370575 3.23199987411499 3.07599997520447 3.04399991035461 2.83999991416931 2.71199989318848 2.68799996376038 2.80399990081787 2.92799997329712
5.5 5.37599992752075 5.56799983978271 5.54400014877319 5.48000001907349 5.4520001411438 5.36800003051758 5.26399993896484 5.09999990463257 5.19600009918213 5.49599981307983 5.2519998550415 4.76399993896484 4.56799983978271 4.39599990844727 4.2519998550415 4.33599996566772 4.86399984359741 5.28800010681152 5.66799974441528 6.1399998664856 6.07599973678589 5.42399978637695 4.42799997329712 4.19600009918213 4.47200012207031 4.90399980545044 5.21199989318848 5.26800012588501 5.06400012969971 4.92400026321411 4.80399990081787 4.94000005722046 4.97599983215332 4.57999992370605 3.93199992179871 3.36400008201599 3.14800000190735 3.14400005340576 3.26800012588501 3.17599987983704 3.19199991226196 3.20799994468689 3.14400005340576 3.22000002861023 3.07999992370605 2.99200010299683 3.01200008392334
5.40799999237061 5.48000001907349 5.49599981307983 5.43200016021729 5.66799974441528 5.7480001449585 5.78800010681152 5.80800008773804 5.65999984741211 5.87200021743774 6.21999979019165 5.55599975585938 4.7039999961853 4.53200006484985 4.38800001144409 4.42000007629395 4.68400001525879 5.09999990463257 5.26800012588501 5.57200002670288 6.09999990463257 6.0479998588562 5.58799982070923 4.73600006103516 4.17600011825562 4.45599985122681 4.90399980545044 5.12799978256226 4.97200012207031 4.73199987411499 4.53999996185303 4.60799980163574 4.79200029373169 4.72399997711182 4.78800010681152 4.3439998626709 3.73600006103516 3.41199994087219 3.11999988555908 3.09999990463257 3.47199988365173 3.79200005531311 3.95199990272522 4.11600017547607 4.17999982833862 3.88800001144409 3.44400000572205 3.23199987411499
5.32399988174438 5.52400016784668 5.53200006484985 5.76800012588501 6.12400007247925 6.17199993133545 6.08400011062622 5.78000020980835 5.8439998626709 6.06799983978271 5.73199987411499 5.1560001373291 4.64400005340576 4.49599981307983 4.48799991607666 4.90000009536743 5.14799976348877 5.19999980926514 5.32000017166138 5.90399980545044 6.27199983596802 5.7480001449585 4.84800004959106 4.23199987411499 3.98000001907349 4.44799995422363 5.13199996948242 5.35599994659424 4.84000015258789 4.56400012969971 4.55200004577637 4.58400011062622 4.72399997711182 4.94799995422363 4.90799999237061 4.47599983215332 4.1399998664856 3.90799999237061 3.52800011634827 3.37199997901917 3.75200009346008 3.72000002861023 3.88800001144409 4.38399982452393 4.78800010681152 4.56400012969971 4.12799978256226 3.75200009346008
4.86399984359741 5.3600001335144 5.81199979782104 6.09200000762939 6.1560001373291 5.89599990844727 5.60400009155273 5.34000015258789 5.7519998550415 6.10400009155273 5.55999994277954 5.06400012969971 4.62400007247925 4.48000001907349 4.63600015640259 5.16400003433228 5.25999975204468 5.31199979782104 5.37599992752075 5.78399991989136 6.26800012588501 5.69199991226196 4.45599985122681 3.83599996566772 4.00400018692017 4.44799995422363 4.85200023651123 5.10799980163574 4.99599981307983 4.83599996566772 4.73600006103516 4.93599987030029 5.10400009155273 5.26000022888184 5.22399997711182 4.84800004959106 4.61600017547607 4.49599981307983 4.01599979400635 3.54399991035461 3.53999996185303 3.63199996948242 3.71199989318848 4.28800010681152 4.76000022888184 4.92400026321411 4.83599996566772 4.52799987792969
4.77600002288818 5.05599975585938 5.21600008010864 5.27999973297119 5.57200002670288 5.84800004959106 5.73600006103516 5.50400018692017 5.96799993515015 6.44399976730347 6.06799983978271 5.58799982070923 4.94000005722046 4.61600017547607 4.87599992752075 5.30399990081787 5.61199998855591 5.94399976730347 5.8600001335144 5.87200021743774 5.76399993896484 5.53599977493286 4.74399995803833 3.90000009536743 4.08400011062622 4.59600019454956 5.15199995040894 5.44400024414062 5.02799987792969 4.69600009918213 4.72800016403198 5.00400018692017 5.09999990463257 5.26800012588501 5.39599990844727 5.38800001144409 5.30000019073486 4.97200012207031 4.75999975204468 4.78800010681152 4.57200002670288 4.51200008392334 4.41200017929077 4.38000011444092 4.48000001907349 4.78000020980835 5.01200008392334 4.85200023651123
4.88400030136108 4.94799995422363 4.90799999237061 4.86399984359741 5.26000022888184 5.59200000762939 5.52799987792969 5.28399991989136 5.81599998474121 6.68400001525879 6.83599996566772 6.44400024414062 5.62400007247925 4.98799991607666 5.37200021743774 5.62400007247925 5.98000001907349 6.41200017929077 6.10400009155273 5.96799993515015 5.39200019836426 5.30000019073486 4.97200012207031 4.09999990463257 4.11999988555908 4.7519998550415 5.46400022506714 5.7039999961853 5.05600023269653 4.65199995040894 4.84800004959106 5.03599977493286 5.1879997253418 5.46799993515015 5.52400016784668 5.72399997711182 5.79199981689453 5.52799987792969 5.52799987792969 5.67600011825562 5.51200008392334 4.91599988937378 4.69600009918213 4.63599967956543 4.30000019073486 4.4040002822876 4.6560001373291 4.74000024795532
4.76399993896484 4.63199996948242 4.47599983215332 4.61999988555908 4.92799997329712 5 5.0479998588562 5.15999984741211 5.63199996948242 6.41200017929077 6.94000005722046 6.69999980926514 5.65199995040894 5.13600015640259 5.81199979782104 6.38000011444092 6.63199996948242 6.57599973678589 6.11600017547607 5.81599998474121 5.23600006103516 5.20800018310547 5.1399998664856 4.5479998588562 4.38399982452393 5.09600019454956 5.84000015258789 6.07999992370605 6.27199983596802 6.09999990463257 5.9520001411438 5.92000007629395 5.91199970245361 5.96000003814697 5.88000011444092 5.64799976348877 5.51599979400635 5.61999988555908 6.01200008392334 6.09999990463257 5.69199991226196 5.15199995040894 4.70799970626831 4.58799982070923 4.48000001907349 4.30000019073486 4.27600002288818 4.29199981689453
4.7480001449585 4.26000022888184 4.30800008773804 4.57200002670288 4.73600006103516 4.86400032043457 5.0479998588562 5.24399995803833 5.48400020599365 5.79199981689453 6.12799978256226 6.19199991226196 5.65999984741211 5.31199979782104 6.06400012969971 6.80399990081787 6.94400024414062 6.69999980926514 6.4520001411438 6.09200000762939 5.69199991226196 5.73199987411499 5.67199993133545 5.23199987411499 5.09600019454956 5.85199975967407 6.07599973678589 5.9520001411438 6.07600021362305 6.3439998626709 6.63199996948242 6.76000022888184 6.33599996566772 6.29200029373169 6.00400018692017 5.50400018692017 5.19199991226196 5.23999977111816 5.45599985122681 5.40399980545044 5.08400011062622 5.01599979400635 4.97599983215332 4.76800012588501 4.73999977111816 4.63600015640259 4.72800016403198 4.84800004959106
5.59200000762939 4.86399984359741 4.90799999237061 5.09600019454956 4.88800001144409 4.85599994659424 5.01200008392334 5.28000020980835 5.52400016784668 5.88800001144409 6.26800012588501 6.38000011444092 6.21999979019165 5.90399980545044 6.18400001525879 6.86399984359741 6.9520001411438 6.82400035858154 6.90399980545044 6.67600011825562 6.4520001411438 6.55600023269653 6.48400020599365 6.03599977493286 5.80000019073486 5.91200017929077 5.88000011444092 5.55200004577637 5.53999996185303 5.6560001373291 5.94399976730347 6.5 6.92399978637695 6.8600001335144 6.32800006866455 5.63600015640259 5.17199993133545 5.00799989700317 5.00799989700317 4.90000009536743 4.67600011825562 4.78000020980835 4.83200025558472 4.92000007629395 5.28399991989136 5.50400018692017 5.31199979782104 5.32000017166138
6.67600011825562 6.23600006103516 6.05599975585938 5.80000019073486 5.46400022506714 5.24000024795532 5.35199975967407 5.72399997711182 5.90000009536743 6.16800022125244 6.61999988555908 6.61199998855591 6.66400003433228 6.50799989700317 6.51599979400635 6.90799999237061 6.76000022888184 6.9040002822876 7 7.01599979400635 6.83200025558472 6.69999980926514 6.55600023269653 6.44000005722046 6.35200023651123 6.23999977111816 6 5.46000003814697 5.2960000038147 5.23199987411499 5.35199975967407 5.76399993896484 6.19199991226196 6.53599977493286 6.56400012969971 6.05600023269653 5.43599987030029 5.07599973678589 4.99599981307983 4.86400032043457 4.71199989318848 4.60799980163574 4.57599973678589 4.76399993896484 5.05200004577637 5.30399990081787 5.23999977111816 5.32000017166138
