model/data/bioclim/bclim13.asc
NCOLS 300 
NROWS 300 
XLLCORNER -125.250000000003 
YLLCORNER 30.7499999999996 
CELLSIZE 0.041666666666667 
NODATA_value -32768 
[rows 164 to 204 of 300, columns 184 to 275 of 300]
26 21 18 17 17 19 26 28 35 28 26 27 21 16 12 10 10 10 12 13 14 16 20 25 20 17 15 15 15 14 15 15 18 18 19 22 20 21 24 31 42 39 41 44 37 36 35 33 30 27 23 18 15 15 16 18 22 31 29 24 25 23 17 15 14 16 17 17 18 19 24 23 21 20 19 15 14 14 15 18 21 23 24 21 20 20 22 21 21 24 29 36
26 21 18 17 17 17 19 27 36 34 27 29 29 21 14 11 10 9 11 15 15 15 18 19 20 19 18 14 14 14 15 15 16 18 19 20 19 19 21 25 34 40 37 47 55 50 44 39 37 31 27 21 18 16 15 14 15 17 18 18 19 19 17 16 16 18 18 18 21 21 21 19 19 20 17 14 14 15 17 22 24 29 25 23 22 20 19 20 21 23 31 36
26 22 22 18 17 16 18 24 31 28 29 36 27 22 15 12 10 9 10 13 21 17 20 19 17 16 16 14 14 14 15 16 16 17 18 20 18 16 18 21 27 36 33 43 55 57 61 48 43 34 26 23 20 18 15 14 13 13 13 13 14 14 14 15 16 18 19 21 25 25 20 18 18 17 15 14 14 15 19 23 25 29 27 27 21 18 18 19 21 23 34 35
26 26 29 19 17 16 16 20 23 25 29 41 43 30 16 12 10 9 9 11 21 19 20 20 17 16 15 14 14 14 15 20 19 16 18 17 16 16 17 19 22 26 30 40 54 70 52 45 36 31 28 26 26 18 15 13 13 12 12 12 12 12 12 14 14 16 17 19 22 23 19 17 16 16 17 18 14 15 20 23 27 30 33 30 21 17 17 19 20 24 33 37
27 30 35 22 18 16 16 17 20 29 35 47 47 30 18 12 10 9 9 10 23 22 20 21 19 18 16 15 14 14 15 18 20 16 16 16 16 16 16 18 21 26 28 33 45 58 60 49 38 34 34 33 27 20 15 13 13 12 12 11 11 12 14 14 13 13 15 17 17 17 17 18 18 20 19 16 14 16 19 23 28 33 31 26 20 16 18 19 20 25 33 36
29 31 40 22 18 16 16 16 16 23 37 58 45 25 18 12 10 9 9 10 18 24 24 22 20 21 17 16 14 14 14 17 21 18 15 16 15 16 16 17 17 21 24 28 35 35 45 38 40 38 34 30 24 19 16 14 13 12 12 11 11 13 16 12 12 12 14 14 14 15 18 17 17 17 16 14 14 16 19 24 27 31 25 21 17 17 17 18 22 31 40 43
31 35 50 29 19 16 15 15 14 20 38 55 52 29 19 13 10 9 9 9 13 20 29 25 22 22 20 17 16 15 13 15 19 19 17 15 15 15 15 16 16 18 20 24 26 30 34 37 35 35 26 23 20 18 16 15 13 13 12 12 11 12 14 13 11 11 12 13 12 13 14 14 17 13 14 14 14 14 18 27 27 24 20 16 17 19 15 18 27 34 37 46
38 40 54 32 20 16 15 14 14 19 31 46 51 30 19 14 11 9 9 9 11 21 28 27 22 22 20 18 21 16 13 14 17 17 22 17 15 15 15 15 16 17 18 20 21 26 32 31 32 37 27 23 24 18 16 15 14 13 13 12 12 12 12 12 12 12 12 12 12 12 17 18 19 14 14 14 14 14 14 17 20 19 16 15 21 18 17 19 30 38 37 40
44 41 49 38 20 17 16 14 14 16 28 42 53 31 21 15 11 9 9 8 10 17 22 25 20 18 17 18 19 17 13 14 18 14 16 21 17 15 15 15 16 16 17 18 19 22 26 27 30 34 31 22 23 19 17 15 15 14 13 13 13 12 12 14 17 16 12 12 12 18 22 22 19 16 14 14 15 15 14 15 16 20 17 17 23 21 23 32 33 34 36 37
44 42 40 34 23 17 16 15 14 18 32 40 44 34 24 17 12 10 9 8 14 25 23 23 21 18 16 16 17 16 13 12 16 13 14 20 23 16 14 15 15 16 16 17 18 21 23 25 29 32 33 23 21 19 18 16 15 14 14 14 14 15 15 15 19 20 14 13 13 17 23 27 20 17 15 15 16 15 15 15 15 18 16 19 24 22 30 37 37 36 36 36
43 44 39 34 23 18 16 14 14 18 33 39 32 24 21 18 14 11 9 8 9 14 19 20 18 20 18 16 15 14 13 12 13 14 13 17 24 17 15 14 15 15 16 17 18 20 22 24 33 38 36 28 23 20 20 17 16 15 15 17 19 20 18 18 19 19 18 17 13 16 21 27 21 17 15 17 17 17 18 18 20 19 18 24 25 25 37 41 39 39 38 28
38 44 41 34 28 19 18 15 14 15 29 30 22 20 17 16 14 12 10 9 8 9 12 13 13 14 16 18 15 13 13 11 11 12 13 15 21 17 15 16 15 15 16 17 17 19 21 24 29 37 38 29 26 22 22 21 19 17 17 19 24 21 18 17 15 16 17 17 13 15 17 23 20 17 16 19 19 20 20 21 23 20 22 28 27 29 41 42 42 41 33 29
33 40 42 32 23 18 17 18 14 14 24 29 23 24 19 19 15 13 11 10 9 8 8 9 11 12 14 18 17 12 11 11 10 11 12 13 16 15 16 17 17 16 17 17 17 18 21 24 27 34 31 27 30 26 24 22 20 21 21 21 26 20 15 14 15 15 17 18 16 13 14 20 19 17 17 20 21 23 24 24 23 21 25 30 30 32 39 39 43 42 41 40
25 28 32 33 21 16 16 17 20 14 16 20 22 21 18 19 15 12 11 12 14 11 9 8 8 11 14 16 18 13 11 10 10 11 12 15 16 14 16 19 20 20 20 18 16 16 17 20 24 30 28 25 29 27 23 21 21 22 22 24 23 17 14 14 16 17 18 20 14 12 13 17 18 17 18 20 23 26 29 28 26 22 23 28 33 40 38 42 44 43 42 35
20 23 28 26 18 16 16 17 23 17 14 18 20 17 15 14 13 13 14 17 17 14 11 8 8 8 11 12 16 13 12 12 11 11 12 14 14 15 18 26 24 24 22 20 17 16 17 17 21 25 29 25 22 22 20 19 20 21 23 24 18 15 14 16 18 20 20 20 15 14 16 17 19 18 19 21 23 26 30 33 30 24 23 25 36 44 47 45 43 43 43 42
18 21 23 19 17 16 16 15 17 23 15 15 15 14 13 13 14 15 15 17 16 13 12 10 8 7 8 9 10 11 11 11 10 10 13 15 14 16 24 30 29 25 21 19 18 17 17 17 18 22 28 26 21 20 21 20 20 23 23 19 16 15 16 18 22 23 22 17 14 14 17 19 21 20 19 20 23 26 30 33 30 25 23 23 26 32 38 46 44 43 43 42
17 18 18 18 16 16 16 15 16 26 17 13 15 14 14 14 19 16 14 14 13 12 13 11 8 8 8 8 8 10 9 9 9 9 11 13 14 16 22 31 33 27 22 22 23 21 17 17 17 21 29 26 20 19 20 22 22 24 24 19 18 17 17 20 25 26 23 17 13 12 16 19 23 21 19 20 22 25 28 31 29 25 23 22 22 24 26 34 39 43 43 40
17 17 17 16 16 16 15 15 15 19 19 14 16 22 17 17 18 15 15 14 12 14 15 12 8 8 7 7 7 8 8 8 8 9 10 11 12 15 17 23 23 22 22 23 25 26 23 18 18 19 25 28 20 19 21 24 26 30 30 23 22 20 19 22 29 29 22 17 13 12 15 18 20 22 20 20 22 26 28 31 28 24 23 22 22 22 23 25 30 42 46 45
17 16 16 16 16 15 15 15 17 26 24 16 14 16 21 22 24 20 17 16 15 14 13 10 9 9 8 8 7 7 7 8 8 8 9 11 11 13 15 16 18 18 21 21 22 25 28 22 22 23 26 25 20 19 21 29 31 37 34 28 27 24 22 22 25 29 24 18 14 12 13 16 20 23 22 20 21 25 28 27 26 27 25 21 21 22 22 23 30 42 49 47
18 18 17 16 15 15 15 15 24 27 20 15 13 15 17 20 22 21 21 16 14 12 12 13 12 11 11 10 9 9 9 8 8 8 9 10 11 13 14 17 20 20 21 21 21 23 26 29 31 29 23 20 19 21 24 32 34 42 39 32 31 28 24 23 24 28 27 18 15 12 13 16 20 27 26 22 21 22 24 25 31 34 26 22 21 22 22 23 25 30 43 46
21 20 17 16 15 15 15 15 16 16 15 14 13 13 14 15 18 19 17 15 13 12 12 13 15 16 15 16 20 18 15 11 9 8 9 10 12 14 16 18 22 21 23 23 22 24 29 34 36 28 23 20 19 21 24 29 33 42 39 34 33 31 28 25 25 27 24 18 15 13 13 16 21 31 29 23 21 22 23 25 31 38 27 22 21 21 22 22 23 25 32 39
18 17 16 15 15 16 15 15 15 14 14 14 15 15 14 19 25 23 21 20 19 16 16 19 21 21 21 24 28 29 29 17 11 8 8 11 14 17 18 20 23 24 23 23 23 25 31 41 39 30 24 21 20 20 22 26 30 38 38 34 32 30 29 27 27 27 21 18 14 12 13 15 19 26 27 23 22 22 23 25 32 46 31 23 22 21 21 22 23 24 26 30
22 19 17 16 17 16 15 15 16 18 15 16 19 17 16 17 20 21 19 17 19 22 21 20 21 21 18 20 21 24 27 20 12 9 9 10 12 17 20 23 25 27 26 24 24 26 29 32 35 34 29 24 21 20 22 24 27 32 36 37 32 29 28 27 28 25 20 17 14 12 12 14 17 24 26 24 23 22 23 27 34 43 35 27 23 21 21 22 23 24 25 28
27 29 21 19 17 16 18 18 19 23 23 22 23 19 18 17 18 18 17 16 17 17 18 25 23 20 18 17 17 18 18 16 12 9 9 11 13 16 20 25 25 27 28 27 26 26 28 30 37 37 36 29 22 21 22 24 27 32 36 36 32 29 27 26 26 26 21 17 15 13 12 13 16 21 26 25 23 23 24 27 31 37 44 39 28 22 21 22 22 24 26 27
25 22 20 23 18 18 20 22 28 24 21 24 28 23 21 18 17 19 19 18 17 16 17 18 17 17 15 16 16 15 15 13 11 9 10 11 13 17 21 22 21 25 28 28 28 28 29 31 34 38 36 28 23 22 23 25 30 34 38 35 32 29 26 25 24 24 22 19 16 14 12 13 15 18 21 25 25 25 24 25 26 30 43 39 30 24 22 23 22 24 32 32
25 18 17 18 18 21 25 22 27 25 19 18 19 19 21 19 16 18 23 24 18 16 15 14 13 13 13 13 13 13 14 13 10 9 10 10 11 13 16 17 20 23 26 30 30 30 31 33 35 39 33 27 24 25 27 30 35 38 38 35 33 28 25 24 23 22 23 23 19 16 14 13 14 17 20 25 28 29 27 25 24 26 33 41 29 24 22 21 21 25 34 41
20 17 16 16 17 21 25 23 24 26 19 17 17 17 18 18 17 21 19 18 16 16 14 13 15 15 13 13 13 13 13 12 13 11 11 10 10 12 14 15 18 21 26 31 31 32 34 37 38 37 31 28 27 29 31 34 37 37 36 37 35 30 24 23 22 22 24 26 24 20 18 13 14 17 19 24 31 27 24 23 23 24 30 37 27 23 20 20 22 26 34 46
20 18 16 16 17 19 23 22 21 25 18 17 17 16 16 17 19 21 21 17 16 14 13 14 18 13 11 11 12 12 13 14 17 17 14 11 10 11 13 14 16 20 24 29 30 32 35 39 39 36 32 32 35 39 44 41 38 36 35 35 33 31 24 22 22 23 25 29 31 24 19 14 14 16 19 25 32 25 23 22 22 22 26 36 28 22 20 20 22 27 33 44
20 20 17 17 18 19 21 20 19 18 17 17 16 16 18 18 19 24 23 19 17 14 13 13 12 11 10 10 11 14 14 16 17 14 13 11 10 11 12 14 16 18 23 27 30 33 35 36 36 34 34 37 41 43 44 41 37 35 34 33 32 34 24 21 21 23 25 30 29 23 19 15 14 16 19 23 29 25 22 22 22 22 23 30 26 22 22 23 27 29 32 39
18 18 21 21 16 17 19 18 17 18 19 17 19 18 20 22 18 19 20 16 17 15 13 12 12 11 11 11 10 11 13 17 16 12 12 10 10 11 12 13 17 19 22 26 29 33 33 32 30 31 34 39 43 42 41 39 37 35 33 32 31 32 25 21 21 22 24 26 24 21 17 15 14 16 18 21 26 26 23 22 21 21 22 26 24 25 28 32 35 35 36 36
18 17 17 17 16 15 16 16 21 19 17 17 19 19 20 21 17 16 15 13 14 14 14 15 14 13 12 11 10 10 10 12 13 12 13 11 11 11 12 13 18 22 24 26 29 29 28 26 26 29 35 41 42 41 40 38 37 34 33 32 30 30 26 22 21 21 23 25 23 20 16 14 14 16 18 21 25 28 24 22 21 21 22 22 24 28 33 43 47 52 43 38
18 17 16 16 15 14 14 14 15 16 15 16 20 22 23 22 15 13 12 12 12 13 15 16 16 15 13 12 12 11 11 10 12 12 11 11 11 11 12 13 15 23 23 29 31 26 23 23 25 30 38 42 41 41 38 37 35 34 33 32 30 29 25 22 21 20 22 23 20 17 14 13 15 17 19 20 23 32 25 22 21 22 22 23 26 30 34 47 62 58 46 40
18 17 16 16 15 15 14 14 14 14 14 16 20 27 26 22 15 13 12 12 12 12 13 14 13 13 13 12 12 13 13 11 11 11 11 11 11 11 12 13 15 17 23 25 27 24 21 22 26 33 39 40 39 39 35 35 37 34 32 32 29 30 26 23 21 20 20 22 19 15 13 13 15 17 19 22 23 29 27 22 21 22 22 23 24 31 38 48 65 57 44 38
18 17 16 16 15 15 15 14 14 14 14 15 17 18 18 17 18 19 16 13 12 12 12 12 12 12 12 12 13 13 12 12 11 11 11 11 12 13 14 13 14 16 19 21 21 20 20 23 28 37 39 40 36 34 33 33 33 32 29 28 28 28 26 26 23 20 19 22 22 15 13 14 15 16 19 21 23 29 25 23 22 22 22 23 24 29 39 43 58 52 42 38
18 17 17 16 16 15 15 15 15 14 14 14 16 17 16 15 18 21 18 14 13 12 12 12 12 12 12 14 15 14 13 13 12 12 12 13 15 15 17 16 14 15 16 17 18 19 20 25 35 40 33 35 31 30 29 29 29 29 28 27 26 25 24 23 22 20 19 20 18 14 13 14 14 16 18 20 23 29 29 23 22 22 23 23 25 31 46 57 54 49 42 37
20 19 18 17 16 16 15 15 15 15 15 15 15 15 16 15 14 15 17 14 13 13 13 12 13 13 13 16 17 17 16 15 13 12 16 17 21 17 18 19 18 15 16 17 20 21 22 27 38 39 30 29 28 28 27 27 26 26 26 25 25 24 23 22 21 20 18 18 16 14 14 14 14 16 17 19 21 26 28 26 24 22 23 24 25 30 40 49 54 50 41 36
21 21 20 18 17 16 16 16 15 15 15 15 15 15 15 15 15 14 14 14 14 13 13 13 13 14 14 17 19 20 19 16 15 13 18 19 20 19 21 18 16 16 17 20 22 23 25 31 39 36 29 26 26 25 25 24 24 24 24 24 25 25 22 22 22 22 19 18 16 15 14 14 14 15 16 18 20 23 24 25 28 23 23 24 26 29 36 39 55 54 53 43
22 21 20 18 18 17 16 16 16 16 16 16 17 17 17 16 16 16 15 15 14 14 14 13 13 14 14 15 18 23 19 15 13 12 14 16 19 21 21 19 17 17 19 23 27 30 30 35 41 33 27 24 24 23 22 22 22 22 22 24 26 26 22 22 25 24 20 19 19 17 15 14 14 14 16 17 19 20 21 24 27 24 23 24 26 27 30 39 47 60 50 44
24 22 20 19 18 18 17 17 17 17 17 17 18 19 21 21 22 22 20 19 20 18 14 14 14 14 13 14 14 16 17 16 14 13 13 15 17 20 20 19 19 19 21 33 38 41 36 35 33 28 25 23 22 22 21 20 20 21 23 24 27 24 22 22 23 23 22 22 24 18 16 15 14 14 16 17 18 19 20 22 22 22 22 24 26 28 30 35 45 56 49 45
26 24 21 20 19 18 18 17 17 17 18 20 21 20 22 26 29 31 33 37 36 24 18 16 16 15 14 14 14 15 17 18 16 14 13 15 19 20 22 23 21 23 25 28 35 37 34 33 29 26 24 25 29 26 20 19 20 21 24 28 29 25 22 21 21 22 23 23 21 19 17 16 15 14 15 16 17 18 19 20 20 21 23 24 26 28 30 34 45 60 53 44
37 30 24 21 20 19 18 20 19 22 25 27 24 23 25 28 33 37 41 38 35 32 30 30 26 21 17 15 15 15 16 16 15 15 15 16 18 19 19 21 22 23 24 27 27 27 29 28 25 23 26 30 28 23 19 19 20 22 28 32 30 25 21 20 21 22 23 23 23 21 18 17 16 15 15 16 17 17 18 19 20 21 22 24 26 28 30 33 37 48 51 41
