model/data/bioclim/bclim8.asc
NCOLS 300 
NROWS 300 
XLLCORNER -125.250000000003 
YLLCORNER 30.7499999999996 
CELLSIZE 0.041666666666667 
NODATA_value -32768 
[rows 0 to 39 of 300, columns 184 to 275 of 300]
-6 -3 -5 -15 -18 -16 -23 -35 -36 -26 -22 -19 -12 -13 -19 -25 -31 -32 -16 -5 -7 -14 -1 5 10 9 6 7 10 8 6 5 3 3 3 3 4 5 5 5 4 3 3 0 -2 -3 -7 -12 -24 -31 -38 -58 -61 -56 -55 -53 -52 -53 -54 -53 -53 -54 -54 -57 -52 -53 -48 -48 -53 -52 -50 -51 -52 -52 -50 -46 -40 -39 -40 -41 -41 -41 -41 -42 -42 -42 -41 -41 -41 -41 -41 -40
-6 -10 -14 -19 -19 -19 -22 -25 -23 -20 -30 -28 -15 -13 -18 -24 -30 -30 -27 -10 -10 -14 -4 2 6 7 6 7 151 11 9 7 4 5 5 5 5 6 6 6 6 4 4 2 2 1 -1 -4 -8 -16 -22 -34 -46 -49 -49 -53 -49 -49 -50 -50 -51 -52 -53 -55 -53 -53 -53 -50 -50 -50 -50 -50 -52 -48 -47 -44 -40 -37 -37 -39 -39 -38 -39 -39 -39 -39 -40 -40 -40 -40 -40 -38
-16 -17 -18 -17 -16 -16 -17 -18 -16 -15 -18 -19 -17 -14 -17 -26 -33 -40 -34 -22 -25 -25 -18 -3 3 4 6 145 151 157 154 9 7 7 6 6 6 6 6 7 6 5 4 4 4 3 0 -1 -4 -4 -7 -11 -23 -26 -34 -36 -38 -40 -41 -41 -43 -45 -43 -41 -41 -43 -42 -44 -45 -45 -42 -45 -44 -41 -40 -38 -37 -35 -34 -36 -38 -38 -37 -37 -37 -38 -39 -39 -38 -39 -38 -37
-13 -16 -15 -15 -14 -14 -14 -14 -14 -16 -13 -13 -14 -17 -17 -22 -32 -45 -40 -29 -40 -30 -21 -6 1 3 4 143 149 155 158 158 11 9 8 7 7 7 7 7 7 6 5 4 5 5 3 1 0 0 -2 -3 -5 -9 -11 -17 -21 -23 -26 -29 -32 -31 -29 -31 -27 -26 -27 -30 -30 -28 -28 -29 -27 -30 -32 -33 -33 -33 -34 -33 -36 -37 -36 -35 -35 -35 -36 -36 -36 -36 -36 -35
-13 -13 -14 -15 -14 -13 -13 -14 -16 -15 -14 -13 -13 -18 -27 -21 -31 -41 -46 -43 -41 -24 -13 -5 -2 0 3 141 147 152 155 155 157 153 9 8 8 7 8 8 8 8 7 6 5 5 5 3 2 1 1 0 -2 -4 -6 -8 -6 -9 -9 -9 -12 -13 -12 -13 -14 -17 -17 -17 -17 -17 -17 -17 -19 -21 -24 -26 -28 -29 -29 -30 -31 -32 -32 -32 -33 -33 -33 -33 -33 -33 -34 -34
-11 -12 -13 -15 -14 -12 -12 -13 -15 -15 -12 -11 -13 -17 -26 -25 -27 -30 -36 -44 -45 -38 -23 -19 -8 -2 3 142 148 151 154 154 155 157 157 156 9 8 8 8 8 8 7 7 6 5 5 4 3 3 2 1 1 -1 -2 -1 5 4 1 0 -1 -2 -2 -4 -7 -9 -9 -8 -9 -11 -12 -12 -15 -16 -19 -22 -23 -25 -26 -26 -27 -28 -29 -30 -30 -30 -31 -31 -31 -31 -31 -31
-11 -11 -13 -13 -12 -11 -11 -12 -11 -11 -11 -10 -11 -13 -16 -22 -23 -25 -34 -48 -52 -51 -49 -26 -12 -4 -2 1 6 148 147 149 9 151 153 155 11 11 10 10 10 10 10 9 7 6 6 5 6 7 7 5 3 4 6 5 6 6 5 1 1 -1 -5 -3 -3 -5 -5 -5 -6 -7 -8 -10 -12 -14 -15 -18 -19 -21 -22 -24 -25 -26 -27 -27 -28 -28 -28 -29 -29 -29 -29 -28
121 120 -9 -10 -11 -11 -10 -10 -11 -12 -13 -11 -11 -11 -17 -22 -22 -21 -30 -34 -40 -41 -48 -36 -23 -12 -5 -1 2 6 5 5 6 7 149 153 10 11 11 11 11 11 10 12 12 11 9 10 9 8 9 8 5 6 6 5 3 5 5 2 2 1 0 -1 -2 -2 -3 -4 -4 -5 -6 -8 -10 -13 -15 -17 -18 -20 -21 -25 -25 -25 -24 -25 -25 -25 -25 -25 -26 -26 -27 -26
122 122 119 -7 -9 -11 -12 -12 -10 -11 -14 -15 -12 -11 -14 -18 -16 -17 -21 -25 -30 -32 -32 -32 -30 -23 -10 -4 -2 -1 0 1 3 4 6 8 9 9 9 10 11 12 11 8 10 11 7 8 9 6 6 3 2 3 3 5 3 2 5 3 2 2 2 3 0 0 -1 -3 -4 -4 -5 -7 -9 -12 -14 -17 -18 -17 -18 -19 -20 -21 -22 -23 -23 -23 -23 -23 -24 -24 -24 -24
120 120 117 -11 -14 -13 -11 -12 -14 -15 -17 -22 -18 -13 -17 -16 -17 -17 -19 -21 -23 -25 -23 -23 -25 -34 -25 -11 -16 -11 -7 -2 0 2 4 6 6 7 8 10 11 11 11 11 8 4 3 6 8 6 4 5 4 2 3 3 4 2 2 1 0 -1 0 0 4 1 0 -1 -2 -3 -4 -6 -7 -10 -13 -14 -15 -15 -16 -17 -18 -18 -19 -21 -21 -22 -24 -24 -22 -22 -22 -23
120 118 118 -8 -11 -14 -13 -14 -15 -16 -18 -23 -24 -17 -25 -25 -22 -22 -22 -23 -24 -21 -20 -23 -23 -22 -20 -18 -27 -19 -14 -8 -2 1 2 3 4 6 8 9 9 9 8 10 10 4 2 5 4 5 5 4 4 4 3 2 2 2 1 1 -1 0 -1 4 5 2 1 0 -1 -2 -3 -4 -6 -8 -11 -12 -12 -13 -14 -16 -17 -17 -18 -19 -20 -20 -21 -22 -22 -22 -21 -22
121 119 116 -10 -11 -12 -11 -12 -13 -14 -16 -19 -19 -20 -30 -37 -36 -27 -29 -30 -31 -24 -23 -25 -29 -28 -26 -33 -31 -30 -21 -12 -7 -3 -1 0 2 5 6 7 6 6 4 6 8 5 0 0 -2 -1 1 3 3 3 3 1 2 2 1 0 -1 -1 -1 5 6 4 2 2 1 0 -1 -2 -4 -7 -9 -10 -11 -12 -13 -14 -16 -16 -17 -19 -19 -19 -20 -23 -25 -21 -20 -19
122 118 113 -11 -11 -9 -11 -14 -13 -13 -14 -15 -16 -19 -30 -40 -44 -34 -36 -36 -36 -31 -28 -32 -30 -31 -31 -35 -40 -34 -25 -22 -19 -17 -13 -5 -3 1 1 3 3 4 1 4 3 2 -2 -2 -3 -3 -3 -3 -1 1 2 1 2 2 1 -1 -2 -1 -1 2 2 5 4 3 2 1 0 -1 -3 -5 -8 -12 -12 -10 -11 -12 -12 -13 -15 -18 -19 -18 -18 -19 -19 -19 -17 -17
120 118 114 -10 -11 -12 -12 -11 -14 -13 -13 -15 -16 -18 -24 -28 -33 -35 -39 -37 -37 -34 -30 -33 -30 -30 -35 -35 -34 -35 -33 -32 -33 -27 -18 -15 -8 -7 -4 -1 -1 0 -1 -1 -3 -2 -4 -5 -6 -6 -6 -6 -7 -6 -3 -1 1 2 1 0 -3 -3 -2 -1 1 5 5 4 4 2 1 0 -2 -4 -6 -7 -8 -8 -9 -10 -10 -11 -13 -15 -15 -14 -14 -15 -16 -16 -15 -15
119 118 116 112 -12 -17 -16 -13 -10 -13 -15 -15 -16 -17 -18 -21 -25 -28 -33 -35 -34 -29 -29 -31 -29 -31 -34 -35 -34 -32 -32 -32 -29 -25 -22 -19 -14 -11 -12 -8 -8 -7 -4 -4 -4 -4 -5 -7 -9 -11 -9 -8 -7 -7 -7 -6 -5 -2 -2 -1 -1 -4 -4 -2 0 1 4 3 1 2 2 1 0 -1 -3 -4 -5 -6 -7 -8 -9 -10 -10 -11 -12 -12 -12 -13 -13 -13 -13 -12
115 116 114 110 -12 -15 -16 -13 -11 -12 -15 -14 -14 -15 -18 -20 -22 -25 -27 -27 -26 -23 -22 -26 -28 -30 -32 -33 -33 -33 -32 -31 -28 -29 -29 -23 -18 -14 -16 -16 -14 -12 -10 -7 -5 -5 -6 -8 -9 -10 -10 -10 -9 -9 -9 -7 -8 -8 -6 -6 -5 -3 -4 -4 -1 -1 0 -2 -2 -2 -1 -1 -1 -1 0 -3 -3 -5 -6 -7 -8 -8 -9 -9 -9 -10 -10 -11 -11 -11 -11 124
114 111 110 -11 -12 -14 -15 -15 -14 -11 -12 -12 -14 -15 -17 -21 -23 -23 -24 -24 -23 -23 -25 -26 -26 -28 -29 -30 -31 -30 -30 -32 -30 -30 -29 -25 -20 -17 -18 -20 -17 -16 -14 -11 -9 -8 -7 -8 -9 -9 -9 -9 -9 -11 -12 -11 -9 -8 -10 -8 -7 -5 -4 -4 -4 -3 -3 -4 -5 -4 -3 -3 -3 -2 -2 -3 -4 -5 -5 -7 -8 -8 -8 -9 -9 -9 -10 -10 -10 124 124 124
112 106 -12 -13 -15 -16 -16 -15 -14 -10 -10 -14 -14 -18 -19 -26 -25 -24 -24 -23 -24 -23 -21 -23 -25 -28 -29 -29 -30 -29 -30 -32 -30 -29 -30 -26 -25 -22 -19 -20 -20 -19 -16 -14 -13 -11 -10 -9 -10 -12 -11 -11 -12 -12 -13 -14 -14 -13 -10 -10 -11 -10 -6 -4 -4 -4 -4 -4 -5 -6 -5 -5 -5 -4 -4 -3 -4 -5 -6 -7 -9 -7 -7 -7 -7 -8 -8 -8 122 123 124 124
104 -14 -15 -14 -15 -16 -15 -14 -11 -15 -14 -13 -14 -20 -24 -28 -30 -28 -22 -20 -20 -19 -20 -22 -25 -27 -30 -31 -29 -28 -29 -28 -29 -29 -30 -30 -29 -27 -22 -21 -20 -20 -19 -16 -15 -15 -14 -10 -11 -14 -13 -13 -13 -14 -15 -16 -16 -14 -12 -11 -11 -10 -8 -6 -5 -5 -5 -6 -7 -8 -8 -7 -7 -7 -6 -5 -4 -5 -5 -7 -9 -7 -6 -7 -7 120 120 118 120 123 123 123
-15 -16 -16 -15 -15 -14 -15 -15 -11 -13 -14 -15 -16 -18 -21 -27 -34 -35 -30 -26 -20 -17 -18 -21 -23 -24 -27 -28 -28 -27 -27 -28 -28 -30 -30 -31 -31 -30 -26 -24 -22 -20 -19 -18 -16 -16 -15 -13 -14 -17 -18 -16 -14 -14 -15 -18 -19 -17 -15 -14 -12 -10 -10 -8 -8 -6 -6 -7 -8 -10 -11 117 119 118 117 120 -5 125 -5 -6 -6 -6 123 122 121 120 120 120 121 122 123 123
-16 -17 -17 -16 -15 -15 -16 -17 -14 -15 -15 -14 -16 -20 -23 -25 -28 -27 -28 -26 -19 -15 -16 -20 -20 -21 -22 -24 -26 -26 -27 -27 -27 -29 -31 -32 -33 -32 -29 -25 -23 -21 -20 -18 -17 -18 -17 -15 -16 -18 -20 -19 -19 -16 -17 -18 -19 -19 -17 -16 -14 -12 -12 -12 -11 -10 -8 -9 116 115 115 115 116 118 118 118 117 113 115 115 109 116 112 116 120 120 120 120 120 121 122 122
-17 -18 -19 -17 -16 -16 -16 -16 -15 -17 -18 -17 -15 -19 -21 -22 -17 -16 -20 -20 -16 -14 -14 -17 -21 -22 -22 -23 -24 -25 -28 -27 -27 -27 -30 -31 -33 -33 -31 -25 -23 -23 -22 -19 -19 -18 -15 -17 -17 -18 -20 -20 -21 -18 -18 -19 -19 -20 -21 -19 -16 -15 -14 -13 -13 -12 -12 114 114 115 115 114 115 116 113 111 106 99 106 100 96 102 91 98 114 118 118 119 119 119 120 118
-19 -19 -19 -18 -17 -16 -16 -16 -17 -17 -17 -17 -18 -17 -17 -18 -18 -13 -16 -20 -20 -15 -16 -17 -21 -21 -21 -22 -23 -25 -27 -26 -25 -25 -26 -27 -28 -31 -31 -27 -24 -22 -22 -21 -21 -15 -13 -18 -19 -18 -20 -20 -21 -21 -20 -20 -20 -21 -21 -20 -18 -17 -18 -17 -16 -16 108 109 109 111 114 114 113 111 97 98 96 92 97 97 94 -33 -39 -35 96 111 116 118 118 118 117 111
-21 -21 -21 -20 -18 -18 -17 -18 -18 -18 -17 -18 -19 -19 -19 -17 -12 -12 -16 -18 -19 -15 -15 -18 -19 -18 -20 -22 -24 -26 -26 -25 -24 -23 -24 -26 -28 -30 -30 -29 -26 -23 -23 -21 -22 -17 -20 -19 -20 -20 -20 -21 -22 -25 -24 -22 -22 -23 -24 -24 -22 -22 -21 -21 103 104 106 105 107 108 111 112 110 106 98 88 -32 -34 -40 87 86 -43 -46 -40 94 97 110 116 117 115 109 107
-23 -23 -24 -23 -23 -21 -20 -19 -19 -19 -19 -19 -19 -19 -19 -19 -13 -17 -17 -17 -17 -16 -14 -15 -17 -16 -19 -20 -23 -25 -26 -23 -23 -23 -23 -25 -28 -30 -30 -31 -29 -25 -24 -21 -23 -20 -23 -23 -21 -21 -22 -23 -24 -25 -25 -24 -23 -24 -26 -27 -25 -24 -24 -24 -22 100 101 104 106 108 109 109 109 105 98 86 85 83 -45 -39 80 -48 -49 -42 80 86 103 112 115 113 107 102
-25 -25 -26 -26 -25 -24 -23 -20 -21 -20 -20 -20 -20 -18 -18 -16 -12 -14 -17 -17 -17 -16 -14 -16 -18 -18 -19 -20 -22 -24 -25 -24 -22 -22 -23 -24 -29 -31 -31 -31 -31 -29 -26 -23 -24 -20 -25 -25 -24 -23 -23 -25 -26 -26 -26 -25 -24 -26 -28 -30 -28 -27 -27 -25 99 98 97 102 106 107 106 103 100 99 96 90 86 79 -45 -47 -45 -50 -48 -47 75 88 101 108 110 103 102 88
-28 -27 -28 -29 -27 -25 -23 -22 -22 -21 -21 -21 -20 -18 -18 -18 -15 -14 -15 -17 -17 -18 -18 -18 -19 -20 -19 -18 -20 -23 -25 -23 -23 -22 -22 -26 -32 -34 -32 -32 -31 -30 -27 -24 -24 -21 -27 -28 -27 -27 -25 -27 -26 -26 -26 -25 -25 -25 -27 -29 -29 -28 -29 -31 -33 -35 -36 101 104 103 98 87 88 92 91 92 89 81 -43 -46 -51 -50 77 93 97 95 100 106 99 79 90 81
-31 -29 -27 -28 -26 -25 -24 -23 -22 -21 -20 -20 -18 -18 -17 -17 -16 -18 -16 -16 -17 -17 -16 -18 -19 -19 -17 -18 -20 -23 -26 -22 -23 -22 -22 -28 -35 -37 -35 -33 -32 -29 -28 -28 -28 -24 -27 -30 -29 -28 -28 -27 -27 -27 -27 -27 -25 -25 -27 -30 -30 -31 -34 -40 -43 -46 -36 104 104 101 90 80 87 90 91 93 92 87 77 74 -48 -48 74 84 84 88 98 107 96 76 -47 86
-30 -30 -27 -27 -26 -25 -25 -24 -22 -20 -20 -19 -18 -17 -16 -15 -15 -18 -16 -14 -16 -16 -15 -15 -16 -17 -16 -17 -20 -24 -26 -22 -22 -22 -22 -31 -37 -39 -38 -37 -34 -31 -29 -29 -31 -29 -26 -31 -30 -29 -30 -28 -29 -29 -29 -29 -26 -27 -28 -32 -35 -40 -43 -47 -49 -46 96 104 103 100 91 81 90 95 95 94 93 90 77 80 -45 77 71 87 96 90 98 107 95 -48 73 86
-25 -24 -26 -27 -26 -27 -26 -24 -23 -20 -20 -19 -18 -17 -15 -15 -18 -18 -17 -16 -15 -17 -16 -14 -15 -16 -16 -18 -21 -24 -25 -23 -21 -21 -22 -29 -40 -43 -42 -39 -39 -36 -33 -33 -32 -31 -26 -32 -32 -32 -33 -32 -30 -30 -31 -31 -29 -30 -32 -38 -44 -48 -48 -49 -43 -41 96 98 104 100 98 92 96 97 94 95 94 90 77 81 80 82 85 96 103 103 106 103 93 72 85 93
-18 -19 -21 -22 -25 -28 -27 -25 -23 -20 -19 -18 -17 -16 -15 -15 -19 -18 -17 -16 -16 -15 -17 -18 -19 -20 -22 -22 -23 -24 -26 -23 -21 -21 -22 -26 -39 -45 -44 -38 -37 -42 -40 -37 -35 -30 -28 -34 -37 -36 -37 -36 -35 -36 -37 -38 -37 -37 -41 -47 -55 -46 -44 -41 -40 -45 89 95 101 100 104 102 99 93 90 92 94 90 80 82 88 84 93 99 106 107 107 100 85 70 83 95
-19 -20 -28 -24 -21 -24 -25 -24 -23 -21 -20 -19 -17 -16 -15 -15 -16 -19 -19 -17 -16 -15 -15 -16 -18 -19 -20 -21 -22 -23 -24 -22 -21 -22 -22 -24 -30 -36 -40 -39 -38 -43 -45 -38 -36 -27 -33 -40 -44 -45 -42 -40 -43 -44 -42 -46 -45 -44 -45 -53 -53 -42 -39 84 -40 -40 84 92 100 105 105 103 97 90 79 83 89 90 79 83 93 94 100 104 106 105 97 87 74 -50 -52 89
-26 -25 -30 -31 -28 -26 -31 -26 -23 -22 -20 -19 -18 -17 -16 -16 -15 -16 -18 -17 -16 -15 -15 -15 -17 -18 -19 -20 -21 -21 -22 -21 -21 -23 -24 -28 -28 -33 -38 -40 -42 -44 -43 -39 -38 -30 -30 -36 -45 -52 -49 -43 -49 -54 -47 -55 -56 -52 -50 -52 -48 -41 84 86 77 81 79 86 100 107 106 103 97 82 -45 -45 81 88 91 89 97 102 103 106 104 100 89 81 75 70 75 80
-27 -34 -37 -33 -32 -30 -39 -30 -24 -22 -20 -19 -18 -17 -16 -16 -16 -15 -14 -15 -15 -14 -14 -15 -16 -17 -18 -19 -20 -20 -20 -20 -22 -25 -30 -35 -33 -33 -30 -33 -36 -44 -47 -38 -34 -34 -35 -31 -37 -43 -54 -48 -66 -61 -46 -58 -61 -53 -48 -44 -39 -38 89 80 79 75 78 92 102 105 98 101 97 83 70 66 81 89 98 98 101 105 105 104 99 90 87 90 84 76 84 79
-34 -37 -34 -32 -28 -25 -34 -30 -24 -22 -21 -19 -18 -17 -16 -15 -15 -16 -15 -14 -14 -14 -15 -15 -16 -17 -18 -18 -19 -19 -18 -19 -21 -25 -32 -41 -40 -36 -32 -30 -32 -36 -40 -39 -38 -41 -45 -36 -38 -56 -58 -53 -61 -65 -55 -62 -60 -48 -40 80 83 89 91 83 75 -48 79 95 105 92 74 92 93 77 73 79 88 92 96 99 98 102 100 97 91 74 76 83 94 90 90 -50
-32 -33 -30 -27 -25 -23 -28 -28 -24 -22 -20 -19 -18 -17 -16 -15 -15 -15 -15 -14 -14 -14 -14 -15 -16 -16 -17 -17 -17 -17 -17 -18 -20 -24 -33 -43 -42 -35 -31 -29 -32 -35 -38 -38 -40 -43 -47 -47 -37 -59 -51 -60 -61 -66 -62 -57 -50 -41 82 86 89 92 86 89 83 -45 79 96 102 92 74 89 87 82 75 88 93 95 94 95 93 96 95 88 82 78 80 87 96 99 93 76
-39 -30 -24 -26 -29 -25 -24 -24 -22 -21 -20 -19 -18 -17 -17 -16 -15 -15 -14 -14 -14 -14 -14 -15 -15 -16 -17 -17 -17 -17 -16 -18 -21 -24 -33 -41 -46 -37 -29 -31 -34 -38 -35 -37 -39 -38 -44 -38 -36 -43 -45 -52 -52 -57 -59 -50 -43 80 84 87 89 84 73 78 85 93 98 96 84 78 73 90 90 85 85 94 98 97 91 89 87 83 84 83 80 93 95 97 102 102 96 81
-43 -34 -24 -23 -28 -27 -26 -22 -19 -20 -21 -20 -18 -17 -17 -16 -15 -14 -14 -14 -14 -14 -14 -15 -15 -16 -16 -17 -17 -18 -17 -18 -20 -27 -48 -40 -37 -34 -38 -39 -40 -36 -33 -34 -35 -37 -44 -42 -38 -35 -44 -48 -46 -55 -53 -45 -39 82 85 89 88 80 -46 78 87 97 99 83 -47 -47 73 80 87 90 96 101 99 94 89 86 89 88 83 74 78 96 104 107 108 102 94 73
-33 -35 -32 -32 -20 -17 -20 -20 -20 -19 -19 -18 -17 -16 -16 -16 -14 -14 -14 -14 -14 -14 -14 -15 -15 -16 -16 -16 -16 -16 -17 -18 -20 -28 -30 -28 -30 -35 -44 -42 -40 -34 -32 -34 -38 -39 -43 -41 -37 -34 -40 -44 -43 -50 -43 -43 -39 81 83 86 83 76 78 79 90 99 98 92 87 82 67 67 85 92 98 105 102 89 77 76 90 96 94 85 85 92 105 111 110 107 97 78
-16 -18 -28 -29 -19 -13 -16 -19 -18 -16 -16 -16 -16 -16 -15 -16 -13 -14 -14 -14 -14 -14 -14 -15 -16 -16 -16 -17 -16 -16 -16 -18 -21 -33 -25 -25 -32 -37 -45 -39 -35 -33 -32 -35 -40 -41 -41 -42 -37 -35 -39 -41 -42 -41 -39 82 85 79 -42 -42 -43 -43 82 89 93 97 98 93 87 77 -49 74 89 95 102 107 102 94 86 73 84 93 100 90 85 91 102 113 114 108 101 85
