model/data/bioclim/bclim19.asc
NCOLS 300 
NROWS 300 
XLLCORNER -125.250000000003 
YLLCORNER 30.7499999999996 
CELLSIZE 0.041666666666667 
NODATA_value -32768 
[rows 120 to 159 of 300, columns 178 to 266 of 300]
31 31 31 31 33 30 27 26 26 25 25 25 28 33 42 42 40 37 34 37 44 51 56 51 47 51 44 42 42 42 42 47 53 59 50 46 44 45 45 46 52 61 61 54 50 49 49 49 51 53 60 82 90 91 106 105 87 72 64 64 76 67 60 58 58 64 67 64 69 74 82 68 61 64 70 79 85 77 69 69 75 85 109 112 92 83 77 74 80
35 35 35 39 39 30 26 25 25 25 25 27 28 31 39 39 36 33 33 39 46 54 48 52 44 48 47 42 42 42 42 45 50 57 53 44 44 46 49 49 49 50 48 48 49 50 52 55 58 69 84 104 103 101 103 90 78 67 63 67 65 64 62 63 60 59 67 62 68 83 80 65 59 65 73 84 81 75 69 69 72 80 89 103 92 82 74 71 74
41 40 38 47 33 27 26 25 25 25 25 27 28 30 38 42 35 32 32 36 41 47 47 42 42 49 49 43 42 42 43 46 50 56 56 47 47 47 52 60 55 50 48 49 50 52 58 63 78 95 98 116 98 94 93 81 71 64 63 73 63 60 70 76 69 61 59 60 65 71 69 61 60 64 69 74 75 72 70 69 72 75 82 101 107 88 77 69 68
44 38 33 34 30 26 25 25 26 28 27 27 30 30 36 39 33 31 31 32 35 39 43 39 39 47 47 44 42 42 45 48 55 63 59 50 47 52 61 64 61 52 49 50 51 57 69 73 87 103 119 105 94 94 84 73 68 63 66 72 62 60 66 77 82 72 64 59 60 66 65 59 57 58 62 65 78 84 72 70 72 73 78 84 95 94 79 68 67
32 30 30 27 26 26 25 31 32 32 29 28 30 32 37 36 32 30 31 31 32 35 41 38 38 45 47 44 41 43 46 52 58 63 65 53 50 56 65 67 61 52 49 50 51 58 71 82 94 107 107 92 86 83 74 69 66 63 68 63 60 60 63 69 79 97 81 66 58 63 67 60 57 56 58 70 79 104 81 70 70 72 75 78 84 89 85 71 71
28 27 27 26 26 26 30 45 54 37 32 30 30 32 35 37 32 30 31 32 32 32 35 35 37 40 41 41 41 44 50 62 82 81 62 53 53 56 64 73 64 54 49 49 51 60 76 88 91 103 96 89 84 77 72 69 66 64 66 66 60 60 63 69 79 100 96 77 60 62 69 62 56 55 55 64 79 112 92 76 70 69 72 75 77 81 82 74 80
28 27 27 26 27 28 32 35 42 37 34 30 30 31 37 37 32 30 32 32 32 32 38 37 37 38 40 40 43 49 55 66 81 85 64 56 54 58 64 76 70 55 49 49 52 63 77 91 86 86 82 82 80 77 72 69 67 70 72 61 60 60 63 72 82 101 99 75 60 66 78 62 56 55 55 62 76 101 99 82 75 69 69 72 74 75 69 74 82
28 27 27 27 28 32 38 42 42 32 34 30 28 29 31 33 32 32 32 32 32 32 38 37 37 38 39 40 44 52 61 77 78 89 72 61 58 60 64 72 76 59 51 51 54 66 83 83 77 71 71 71 81 95 75 70 75 83 80 60 60 60 65 74 84 81 87 75 59 68 69 62 56 54 54 68 82 103 105 91 88 78 69 69 72 71 67 74 81
33 30 27 27 28 31 32 37 35 30 28 27 27 28 30 33 32 32 32 32 33 34 35 36 37 38 39 41 44 49 55 60 64 74 78 68 63 60 61 69 82 67 53 53 57 69 78 73 66 63 63 65 80 103 78 74 82 96 83 61 60 61 65 81 87 75 71 68 63 75 68 59 56 54 55 65 79 105 120 90 78 81 78 69 63 63 71 75 85
50 38 33 30 27 28 28 28 29 29 27 28 29 29 31 32 33 32 32 33 33 35 36 37 38 39 39 41 43 46 51 53 58 62 75 75 66 63 60 66 83 70 56 56 61 72 69 66 61 60 60 62 72 96 79 79 89 102 76 62 62 62 62 78 80 68 62 59 65 78 68 59 55 55 56 62 74 94 104 80 69 66 69 69 65 69 75 79 87
58 58 54 33 28 26 25 25 27 31 30 31 31 31 32 33 36 36 33 36 36 38 42 42 39 40 40 42 43 46 49 51 54 59 66 81 72 63 60 62 68 62 58 58 62 69 69 63 60 58 58 58 62 92 83 90 90 88 73 65 64 65 65 64 74 62 54 62 71 78 67 58 55 55 57 62 72 83 84 70 62 61 58 65 68 73 82 92 96
65 62 46 38 28 28 28 27 28 31 34 39 38 36 33 36 39 39 36 36 36 42 48 48 45 42 42 42 43 46 48 50 52 56 62 75 81 66 63 60 60 59 59 60 65 74 70 63 58 57 57 58 64 77 86 93 87 85 74 70 68 71 68 62 56 53 56 65 74 83 70 59 55 55 58 68 70 76 81 69 61 58 58 62 68 77 85 96 96
79 58 36 28 28 28 28 28 33 36 41 53 47 40 37 40 43 42 38 35 36 42 49 53 48 45 43 42 45 45 48 49 51 53 59 71 76 69 65 63 60 65 63 65 72 68 63 61 56 56 57 60 67 74 86 94 90 92 83 77 74 75 65 65 53 53 59 67 77 83 70 61 56 55 61 76 76 82 96 76 61 57 61 65 73 80 91 91 85
61 43 33 28 28 28 28 30 37 39 52 60 49 43 42 40 40 38 36 34 34 36 39 46 49 51 46 43 45 45 48 50 50 52 56 69 78 71 63 61 63 70 68 68 71 66 59 56 56 56 57 61 69 77 85 94 95 95 99 93 78 71 58 53 62 62 65 74 83 89 70 61 58 58 67 80 82 81 88 78 60 60 65 71 79 84 88 88 84
50 36 29 28 28 28 30 32 37 42 47 43 40 40 40 37 36 36 34 34 34 34 36 39 46 58 52 45 45 46 48 49 49 50 55 65 68 65 62 60 63 69 68 65 65 62 59 57 57 57 59 66 84 89 98 101 92 95 110 95 76 63 52 59 61 56 58 64 70 73 67 64 61 64 73 88 85 77 70 65 63 63 68 79 90 97 93 90 88
55 40 33 31 31 31 32 37 40 50 44 38 38 40 39 36 35 34 34 34 34 36 37 39 45 54 55 48 47 48 51 50 49 49 53 63 68 62 60 59 63 72 72 66 64 62 59 59 60 63 67 70 85 83 86 86 80 89 92 74 61 53 47 55 55 55 60 66 64 64 64 64 67 76 85 92 86 76 66 60 68 66 66 77 86 91 91 88 85
58 53 47 42 43 41 40 44 49 44 38 36 36 39 37 36 34 34 36 39 39 39 42 42 45 48 51 49 48 51 51 50 49 49 51 59 63 60 57 58 66 79 80 70 65 63 63 65 73 85 78 73 70 67 70 74 71 89 93 74 56 50 46 55 52 58 70 77 67 64 64 67 73 87 99 96 85 74 60 74 80 78 75 77 86 88 83 84 85
46 49 57 60 72 81 61 55 50 40 37 36 37 39 39 34 34 44 58 56 46 43 43 42 45 49 52 51 49 50 50 49 49 49 50 55 68 57 57 58 66 79 92 76 68 71 71 71 80 97 83 71 64 61 61 63 64 86 79 68 56 49 46 55 56 64 89 89 70 67 64 67 73 93 111 100 85 64 70 89 92 87 86 83 84 83 81 84 86
39 44 51 58 70 78 75 61 52 45 38 38 39 38 34 34 36 43 54 57 45 42 43 45 46 51 52 49 48 48 49 49 49 50 50 56 65 59 57 59 65 80 88 74 68 63 64 68 79 92 97 77 65 59 57 57 63 76 73 64 60 52 46 46 55 70 99 98 76 67 62 64 73 91 106 99 86 74 63 93 103 98 92 88 87 90 86 87 92
42 49 56 53 58 68 71 64 47 40 37 37 35 35 34 34 35 36 39 42 41 42 44 45 48 49 48 48 48 48 49 50 50 51 53 62 65 59 59 59 70 88 88 71 65 60 60 65 77 88 111 85 74 61 56 55 55 61 73 75 73 58 47 43 49 70 75 86 73 64 61 64 70 85 91 99 86 80 63 86 97 94 89 93 92 92 96 92 93
48 62 71 69 62 70 79 58 43 38 37 37 37 39 39 37 37 37 34 39 45 45 45 45 47 50 48 48 50 51 51 50 52 53 59 68 73 62 60 64 85 85 76 67 60 58 58 62 71 82 97 80 73 63 58 54 53 55 67 83 85 64 49 43 46 61 61 67 67 62 61 63 70 87 101 96 83 75 60 71 86 86 77 89 100 100 101 92 84
45 46 51 59 63 61 52 45 41 40 43 43 47 49 47 42 37 35 35 37 46 45 48 47 48 51 50 52 54 56 54 53 56 59 68 74 78 70 62 72 86 73 67 61 57 56 56 57 65 77 86 74 68 64 58 55 53 53 70 101 97 76 55 46 43 55 55 58 64 61 61 64 74 87 111 99 83 69 57 57 75 73 70 82 96 109 107 93 78
37 39 66 57 45 44 41 40 46 50 50 51 56 60 52 42 37 35 35 35 42 46 45 47 50 52 54 58 58 58 58 59 65 67 71 77 79 75 73 79 82 73 63 57 56 55 55 55 56 59 62 65 68 63 59 56 53 51 62 85 88 76 70 52 43 49 49 55 61 61 64 69 77 99 97 89 76 64 63 66 59 60 66 77 93 89 84 79 73
40 37 53 75 41 36 35 35 40 43 46 54 66 63 48 43 38 35 35 35 37 42 42 46 58 58 63 58 62 61 61 64 67 71 74 78 82 82 80 85 79 79 76 61 58 55 54 54 54 56 56 62 68 68 65 59 53 50 52 61 76 70 70 55 44 43 49 58 67 66 79 76 83 96 74 66 60 60 71 63 53 57 66 83 86 77 76 73 69
41 40 40 54 44 35 35 35 38 46 53 69 63 50 41 37 37 35 35 36 37 40 40 43 46 50 55 54 53 56 60 65 68 71 77 81 85 87 87 83 73 76 66 63 57 55 55 59 56 56 59 62 68 73 76 59 53 49 50 61 67 67 64 61 49 43 43 52 55 73 79 77 83 70 58 53 54 67 63 56 48 56 63 76 78 71 70 71 73
44 42 40 44 48 41 36 35 37 43 53 61 55 46 40 38 37 38 37 37 38 38 40 40 42 46 51 50 50 51 56 59 62 65 68 77 78 74 85 77 62 58 55 54 60 60 57 67 61 57 59 62 68 68 74 59 51 48 49 61 58 58 57 55 52 46 43 43 52 85 77 71 73 56 49 49 61 59 55 53 47 53 62 66 66 64 66 69 68
44 43 42 40 44 51 37 37 35 39 47 52 53 50 43 38 40 43 39 38 38 39 39 40 40 43 47 49 49 49 53 57 62 62 62 62 64 67 75 76 61 54 53 56 61 69 63 61 63 59 61 62 65 68 80 68 54 48 48 53 53 59 55 52 52 52 55 40 45 73 74 66 61 49 47 56 55 54 51 50 47 51 57 57 58 61 64 68 68
46 43 43 42 40 54 40 37 37 38 44 47 43 43 40 42 51 51 43 40 40 40 40 42 42 42 43 45 46 49 53 62 71 69 62 59 59 65 69 65 59 53 51 54 60 66 63 58 59 60 64 66 74 84 83 79 66 51 51 48 46 55 52 52 67 52 48 40 40 64 58 55 47 44 52 64 52 53 47 47 47 53 56 54 55 58 63 64 69
56 56 44 43 42 57 45 38 37 37 39 39 39 40 45 55 63 53 47 43 42 42 41 42 43 42 43 43 46 51 56 63 74 74 65 59 58 60 65 62 56 53 52 52 56 61 61 59 60 63 71 74 74 83 80 64 63 56 52 53 42 42 42 47 76 61 44 40 38 49 49 46 43 53 56 50 47 47 44 47 56 63 63 57 53 59 61 61 63
65 68 52 46 50 60 59 40 38 37 36 37 39 42 51 69 79 64 53 47 45 43 43 43 46 43 42 44 48 50 53 56 67 70 65 59 56 61 72 65 58 53 52 51 54 57 60 60 63 65 71 73 68 71 74 56 50 59 57 49 41 40 40 42 74 76 46 38 36 39 40 43 58 58 49 45 43 43 50 62 78 83 72 66 55 54 56 58 57
65 65 67 54 54 80 74 43 39 39 36 36 37 41 59 75 90 72 59 50 48 46 45 48 50 45 42 44 46 49 56 56 57 60 64 59 68 68 71 62 62 55 52 52 54 54 59 60 67 71 68 60 53 61 68 54 45 48 62 47 39 39 40 42 74 85 47 37 35 37 39 48 64 53 45 42 40 45 58 85 100 92 68 62 56 53 53 53 54
56 62 73 49 54 95 73 46 45 48 38 35 34 37 45 66 82 84 72 59 53 52 48 52 47 44 41 44 48 48 52 59 65 65 56 58 74 75 76 62 57 62 56 53 54 57 54 57 65 69 65 55 47 50 71 56 45 42 56 60 42 41 41 41 64 85 49 38 35 35 37 48 55 51 45 39 39 45 56 76 98 97 77 63 65 54 51 51 51
54 56 56 47 60 98 95 54 76 80 45 37 34 34 37 46 63 64 72 62 49 46 45 44 42 41 45 50 51 46 48 53 59 53 52 58 62 61 68 62 58 58 52 50 54 53 51 54 71 73 66 56 46 45 68 54 45 43 51 61 57 60 53 45 60 90 53 41 36 35 36 50 51 51 45 39 39 45 51 61 71 76 66 62 65 53 50 48 48
58 53 52 49 57 71 80 60 79 83 57 42 34 31 31 34 44 47 49 65 51 45 42 41 40 39 45 58 52 45 45 49 56 50 48 52 55 55 56 64 62 56 52 49 48 46 46 51 60 62 69 65 45 43 71 57 45 42 54 72 72 69 63 54 65 97 59 44 38 35 35 43 48 46 45 39 39 42 47 53 64 67 56 53 53 50 48 46 49
59 56 53 58 64 53 57 57 83 96 73 44 35 31 28 28 34 45 53 53 56 48 43 41 40 38 38 44 51 42 43 45 52 49 46 46 49 50 53 58 59 56 55 49 46 45 45 51 54 59 71 64 43 40 66 56 45 43 48 66 63 81 72 66 79 103 63 47 38 35 34 38 39 42 42 39 36 39 44 47 52 50 50 50 50 49 47 44 48
60 57 55 52 58 50 53 54 80 86 67 42 36 30 28 28 25 34 38 47 48 48 47 42 40 38 38 38 42 41 41 43 46 46 44 45 48 49 54 65 63 59 55 49 48 48 52 60 60 60 62 53 40 41 50 54 48 43 48 54 54 70 78 81 95 96 62 48 41 35 35 34 36 39 37 36 36 38 42 45 46 44 44 46 46 46 43 42 42
61 57 54 52 51 53 51 60 64 79 57 42 36 29 28 28 25 28 31 35 37 40 48 48 44 41 38 38 38 39 39 41 42 42 43 44 51 53 55 58 55 55 54 53 52 54 57 60 60 63 55 44 40 39 63 54 45 46 52 60 57 68 89 105 112 90 65 53 42 35 40 39 36 38 35 36 36 36 39 42 44 43 44 43 43 42 40 43 47
62 57 55 52 51 54 51 59 60 70 60 45 37 31 28 28 25 25 27 28 30 32 44 54 48 42 38 38 38 37 38 41 39 41 41 43 46 49 49 52 54 55 55 58 59 60 66 63 57 55 48 42 41 44 60 45 40 46 60 62 59 77 112 148 121 93 72 59 44 36 47 49 42 39 36 34 36 36 36 39 42 43 43 43 40 40 46 55 58
70 60 57 54 52 52 57 66 64 57 60 45 38 33 29 28 25 25 25 26 27 25 28 38 45 42 39 38 39 37 37 38 38 39 41 43 46 49 52 56 58 54 54 55 58 66 66 66 60 52 46 42 41 45 48 40 37 42 63 60 69 92 133 151 123 102 77 56 42 41 50 50 43 39 36 36 36 36 36 39 39 42 43 43 37 44 52 62 74
134 81 82 70 54 54 67 88 79 66 54 45 39 34 30 28 26 25 25 24 23 23 25 28 34 41 42 40 40 37 37 38 38 38 39 41 42 43 46 52 55 55 52 54 55 57 54 54 54 51 44 42 41 43 40 37 37 41 54 59 76 117 139 124 109 102 85 58 43 40 49 46 39 37 36 36 36 42 42 39 36 39 43 42 39 46 54 62 89
