model/data/bioclim/bclim15.asc
NCOLS 300 
NROWS 300 
XLLCORNER -125.25 
YLLCORNER 30.75 
CELLSIZE 0.0416666666666667 
NODATA_value -3.4e+38 
[rows 88 to 109 of 300, columns 49 to 97 of 300]
87.4139938354492 86.9941864013672 88.071403503418 89.0665512084961 89.0266876220703 85.0322723388672 83.4146194458008 85.5002899169922 86.1862716674805 85.1658096313477 86.0375518798828 85.8308563232422 85.725341796875 86.9441909790039 88.1912002563477 87.8959274291992 87.7931594848633 87.5728988647461 86.7506790161133 86.5657348632812 86.6892395019531 86.4300689697266 86.6017608642578 86.672004699707 86.6669692993164 86.705451965332 86.0035171508789 86.113166809082 86.3205947875977 86.6750946044922 86.4182891845703 85.4607238769531 85.1899719238281 85.4695281982422 85.4984512329102 86.0680770874023 86.2019958496094 86.0713119506836 85.491455078125 86.1537094116211 86.1701965332031 86.08251953125 86.5845642089844 86.5288391113281 86.1170043945312 86.4007034301758 86.3132781982422 86.7626876831055 87.0594711303711
89.7149505615234 87.926872253418 84.204704284668 85.1536560058594 87.3267364501953 85.6492614746094 82.9144668579102 85.6272277832031 87.7546157836914 87.4395141601562 85.312255859375 84.6284942626953 84.7013244628906 86.2823638916016 88.2286987304688 88.3640823364258 88.4737701416016 88.1025314331055 87.9646224975586 87.314323425293 87.3194580078125 86.5607299804688 87.0647277832031 86.5876998901367 86.4532470703125 86.1131744384766 85.97021484375 85.9255523681641 86.4287033081055 86.9323806762695 84.762825012207 85.251594543457 85.5515213012695 85.6730041503906 84.9035110473633 85.2501373291016 85.9545364379883 86.0906219482422 86.3061676025391 85.8436813354492 86.2583084106445 86.4714126586914 86.806037902832 86.6386566162109 86.4298324584961 86.9301300048828 86.8774871826172 87.4096527099609 87.983528137207
90.1339645385742 90.1551971435547 88.1065216064453 84.8699111938477 87.1201705932617 89.7039184570312 88.1761779785156 88.1408462524414 88.7442779541016 87.1130447387695 85.3915786743164 84.0773849487305 86.9341506958008 87.928337097168 88.3665771484375 88.9223251342773 89.1757125854492 88.9493942260742 88.4971771240234 88.3668441772461 87.8097839355469 87.1933746337891 87.8002700805664 86.9582138061523 86.1320571899414 86.1945266723633 84.9729614257812 84.9523544311523 86.537353515625 86.6276931762695 86.1234588623047 85.1114501953125 84.9916534423828 85.1549911499023 85.517448425293 85.6975250244141 86.5385894775391 86.3235626220703 86.5191421508789 85.9935531616211 85.7500534057617 86.3284530639648 86.4974746704102 86.7245101928711 86.8379669189453 86.9198608398438 86.83935546875 86.7224197387695 87.2946701049805
90.3739395141602 90.5336990356445 88.4359893798828 86.9066772460938 89.0141067504883 90.1513824462891 90.5218658447266 89.8722152709961 89.4223403930664 86.5087127685547 84.5055541992188 85.060920715332 84.5452651977539 87.9145660400391 89.0498962402344 90.0563507080078 89.9083480834961 89.5165405273438 89.67919921875 88.5526657104492 87.8545837402344 87.9039840698242 88.3065185546875 88.1311950683594 87.2461624145508 86.7556991577148 86.4585037231445 85.6900024414062 86.4551086425781 86.5462493896484 86.3780822753906 85.4225692749023 85.1768264770508 84.3878784179688 85.1042861938477 85.581901550293 85.9565200805664 86.590705871582 86.8501892089844 86.8570938110352 86.6866149902344 86.389533996582 86.6415634155273 86.7120895385742 86.8992004394531 86.6811447143555 86.7018203735352 86.9075012207031 86.8381958007812
90.5760498046875 90.8722534179688 90.6058807373047 89.3670501708984 90.1557388305664 90.396728515625 90.638557434082 90.5427169799805 88.8792877197266 84.9796981811523 82.5881118774414 83.9280166625977 87.1155014038086 88.5797500610352 89.1197738647461 90.4380645751953 90.2463989257812 90.0279312133789 89.8797760009766 88.8568878173828 88.1304779052734 87.5905609130859 88.0510482788086 87.4078598022461 87.1422805786133 87.1422805786133 86.9689025878906 86.5674285888672 86.6025390625 86.5834579467773 86.5482788085938 85.9036407470703 85.9202117919922 85.1966781616211 85.0980529785156 86.0976638793945 86.46875 86.498405456543 86.6020965576172 86.6125793457031 86.3619384765625 86.7858810424805 86.4489517211914 86.9906463623047 86.7039642333984 86.8283157348633 86.578483581543 86.2822952270508 87.0186080932617
91.3198852539062 91.4286346435547 91.3452224731445 90.2121353149414 89.3962020874023 89.2942504882812 90.3501281738281 90.5586013793945 89.7106018066406 87.544319152832 84.5845947265625 84.1111831665039 87.9010238647461 89.62744140625 90.5675659179688 90.5926971435547 90.6355514526367 90.636344909668 89.7591552734375 89.2783432006836 89.3167037963867 88.3375778198242 88.205192565918 87.5612716674805 87.2973403930664 86.44677734375 86.2308807373047 86.1981353759766 86.9460754394531 86.225471496582 85.1664810180664 86.0405960083008 86.3626098632812 85.6803131103516 86.341796875 86.6334991455078 86.5321731567383 86.7605895996094 87.118049621582 86.8550796508789 86.3691940307617 85.8843612670898 86.115608215332 86.4970397949219 86.6008529663086 86.6581573486328 86.7170562744141 86.4762878417969 86.1180648803711
91.3513565063477 91.7421798706055 91.8850784301758 91.311637878418 89.6489105224609 88.5912933349609 89.1016235351562 89.8359222412109 90.3169021606445 89.1366653442383 87.0808258056641 86.5283813476562 88.0802841186523 88.5675964355469 88.7348556518555 89.4578323364258 90.8060531616211 90.5249557495117 90.2901306152344 89.7466278076172 89.4244842529297 89.5068435668945 88.6895904541016 88.2734832763672 87.7331466674805 86.4682388305664 86.0660400390625 86.0751800537109 87.077392578125 85.9500885009766 85.9794616699219 86.6464004516602 86.8175811767578 86.8250122070312 86.9861679077148 86.5924453735352 86.5160675048828 87.0330429077148 86.7166290283203 86.7189712524414 86.811767578125 86.6078109741211 86.5673065185547 86.6335983276367 86.9267578125 86.8227233886719 86.7984390258789 86.5542678833008 86.2876815795898
91.8052444458008 91.6256408691406 91.9757232666016 91.8077621459961 90.5019912719727 90.6272430419922 89.464111328125 88.9038238525391 89.0249176025391 89.7251434326172 88.1282043457031 85.1172637939453 87.0454711914062 88.5373992919922 89.7968521118164 89.8303985595703 90.6737213134766 90.8742141723633 90.0192108154297 90.5711059570312 89.192138671875 89.2563400268555 89.3017730712891 88.3551177978516 87.8236770629883 86.6773910522461 86.5551681518555 87.2432708740234 87.1221618652344 86.3013305664062 86.2343521118164 86.7848281860352 86.8922424316406 86.8816375732422 87.2538299560547 86.9639129638672 86.8143539428711 86.7568130493164 86.8220672607422 85.1896591186523 85.633171081543 86.2471160888672 86.6718215942383 86.8294982910156 86.6459884643555 87.0191040039062 86.3889236450195 86.5510177612305 86.5101318359375
91.7740097045898 91.3459548950195 91.6760406494141 91.7224426269531 90.9158172607422 90.3976440429688 91.4653549194336 90.0573501586914 88.6303787231445 88.732063293457 90.0279769897461 89.1169586181641 86.9036331176758 88.1152114868164 89.1956100463867 89.4215621948242 90.534553527832 91.0277862548828 89.8259658813477 90.4459533691406 90.3153762817383 89.5986175537109 88.7885971069336 88.1818389892578 87.6517715454102 87.434211730957 86.752082824707 86.5983352661133 87.2558898925781 86.5174255371094 86.7096252441406 87.2780303955078 86.8973388671875 87.7798843383789 86.9159088134766 87.4011306762695 87.2390365600586 87.0614929199219 87.1987686157227 85.7030487060547 85.6108016967773 85.8540191650391 86.5089874267578 86.6010818481445 86.5850830078125 86.5167617797852 86.7316741943359 86.2473449707031 86.3466491699219
92.1850357055664 91.4105911254883 90.5721740722656 90.5763549804688 91.8008422851562 92.1477508544922 91.4742584228516 92.3331832885742 90.1650314331055 88.3241271972656 88.7563323974609 90.3537673950195 90.1559982299805 89.3255157470703 90.1360092163086 89.7777481079102 90.7082824707031 90.6101837158203 90.7601776123047 90.6557006835938 90.4565124511719 89.6498794555664 89.4131164550781 88.601318359375 87.7062530517578 86.9126663208008 86.7579574584961 86.1030120849609 86.2517318725586 86.9343566894531 86.8357009887695 86.79931640625 87.1767883300781 86.8354644775391 87.0007781982422 86.6499252319336 87.0559539794922 87.4279861450195 87.2683563232422 86.4235305786133 86.1259536743164 86.2181396484375 86.0792999267578 85.7172927856445 85.8645477294922 86.5944290161133 86.7497100830078 86.6025314331055 86.4417266845703
92.3391647338867 91.8003921508789 90.4062347412109 90.0532913208008 90.934944152832 91.780517578125 92.2461013793945 92.8224868774414 91.2593994140625 89.7745742797852 88.3111724853516 90.0789184570312 89.0480880737305 90.0648422241211 90.3141174316406 91.6274032592773 90.90869140625 90.3698196411133 91.0106811523438 90.9322204589844 90.3774948120117 90.3553009033203 89.9463119506836 89.9742202758789 88.9192810058594 88.0760040283203 87.304557800293 87.0978469848633 86.900520324707 86.5882415771484 87.1569900512695 87.2213668823242 86.9079132080078 86.6715698242188 86.6083526611328 86.5954284667969 86.4485092163086 86.5853881835938 86.3796997070312 86.3161926269531 86.118049621582 85.4507827758789 85.4721221923828 85.7683792114258 85.7226715087891 86.1067123413086 86.6451950073242 86.1256256103516 86.5081634521484
92.3412017822266 91.808708190918 90.7348709106445 90.8797454833984 91.1882400512695 91.7390213012695 92.3804397583008 92.8015594482422 92.5968933105469 91.9076461791992 90.3158874511719 91.1316375732422 90.965202331543 90.8090133666992 90.259880065918 90.758918762207 90.4517974853516 89.9519195556641 90.9785385131836 91.1799926757812 91.3094635009766 90.7551651000977 90.8414764404297 90.3279266357422 89.4026107788086 88.9344177246094 88.7925720214844 88.0394287109375 87.4542388916016 86.9111175537109 87.2689666748047 87.408935546875 87.0147933959961 87.014892578125 86.8349761962891 86.3500747680664 86.8509521484375 86.8353042602539 85.902702331543 85.8188858032227 85.9977416992188 86.0724029541016 85.2944869995117 85.570442199707 85.7858428955078 86.2677459716797 86.2100524902344 86.4849395751953 86.1259994506836
91.4756851196289 92.543701171875 90.5956573486328 90.1188354492188 91.0748977661133 92.4388580322266 92.7823944091797 92.9573211669922 92.8561782836914 93.0976409912109 91.9595336914062 91.5484085083008 91.9310760498047 91.2924346923828 91.7196578979492 91.100700378418 90.9034652709961 90.4102554321289 90.8646621704102 90.73681640625 90.9383773803711 90.8289260864258 91.0338516235352 90.5547409057617 89.7381591796875 89.7025375366211 89.3976669311523 88.8272171020508 88.8542022705078 87.4569320678711 87.2741317749023 87.4819641113281 87.4663619995117 86.7150497436523 86.7020568847656 85.9324035644531 86.3965530395508 86.168571472168 86.0956726074219 86.2922515869141 86.1482543945312 85.8301467895508 85.3134994506836 85.2966995239258 85.3255767822266 86.0187759399414 86.1741333007812 86.1477508544922 86.06884765625
91.246711730957 91.6396179199219 91.9213790893555 90.5964126586914 90.9970321655273 92.0359497070312 92.6909866333008 93.0607299804688 92.9233551025391 92.8396224975586 93.244010925293 92.9067764282227 92.8802185058594 91.6144638061523 91.2057342529297 91.6458892822266 91.343864440918 91.0830841064453 91.1865921020508 91.0073776245117 90.8658905029297 90.581787109375 91.4401931762695 91.1480560302734 90.6624298095703 89.5368347167969 89.5583114624023 88.9799957275391 89.4250335693359 88.2083969116211 87.7390823364258 87.3653335571289 87.0083160400391 87.3359375 86.7827072143555 86.5030899047852 86.7228927612305 85.8433532714844 85.6243438720703 85.7125396728516 85.6579132080078 85.5450897216797 85.6680450439453 85.8208999633789 85.6689910888672 85.9937057495117 85.7484970092773 86.1040573120117 85.6498413085938
91.6369476318359 92.1100769042969 92.7785339355469 93.0944137573242 91.7240142822266 91.5876312255859 92.0736236572266 92.7896499633789 92.7487945556641 92.1261749267578 90.6972274780273 92.8029937744141 92.9642562866211 91.8479309082031 91.782341003418 91.7255249023438 92.0210647583008 92.2337799072266 91.5259857177734 91.4464492797852 91.3169708251953 90.8914489746094 91.4253311157227 91.007926940918 91.0764923095703 90.9602127075195 89.6013870239258 89.9371719360352 89.6980438232422 89.3458709716797 87.8376846313477 87.4814605712891 87.4773788452148 87.3509140014648 87.1006393432617 86.2094268798828 86.2701568603516 85.4566955566406 85.1178359985352 84.8547134399414 85.082389831543 85.3086776733398 85.3178787231445 85.4019088745117 85.4905319213867 85.7128448486328 85.3812866210938 85.5842437744141 85.3147430419922
90.4803161621094 91.4038543701172 92.5218963623047 93.4504547119141 92.3033905029297 91.465217590332 92.0856552124023 92.7328186035156 92.5381622314453 91.9396514892578 91.8227615356445 91.8456192016602 92.2284088134766 91.8052368164062 91.3357772827148 91.6094665527344 91.5231857299805 91.6860046386719 91.8806457519531 92.5819778442383 92.4518356323242 91.2795028686523 91.7658538818359 91.7246551513672 90.94189453125 91.2732543945312 90.4497222900391 89.8262100219727 89.3263702392578 89.2357940673828 89.2778015136719 88.3665542602539 88.3043823242188 87.9991149902344 87.5331268310547 85.8099746704102 85.8672027587891 84.8224716186523 84.3868103027344 85.0582962036133 84.9672927856445 85.1126022338867 84.5644912719727 85.1531295776367 85.2746658325195 85.6364822387695 85.3992385864258 85.770622253418 85.0376510620117
91.3370132446289 91.4401016235352 91.9775161743164 92.7181854248047 91.86572265625 91.4508895874023 91.5219955444336 91.66943359375 91.9282760620117 91.3267974853516 91.1162185668945 91.4096298217773 91.9211349487305 91.7295684814453 91.1720581054688 91.4936065673828 91.206428527832 91.1612091064453 90.7699890136719 91.2760238647461 91.8728179931641 91.8152694702148 91.6528396606445 91.986442565918 91.2446670532227 91.4814529418945 90.8440780639648 90.4383239746094 90.1520690917969 89.835090637207 89.4354400634766 88.9302368164062 88.2852935791016 88.2532577514648 87.7316818237305 87.2596969604492 86.9901428222656 85.7783050537109 85.2023391723633 84.9971160888672 85.0356140136719 85.5362243652344 85.594352722168 85.3616409301758 85.4104919433594 85.3155822753906 85.2932281494141 85.5398559570312 84.8854217529297
91.7067108154297 92.0257949829102 91.7870941162109 92.2802963256836 92.517936706543 91.5418243408203 91.7431564331055 91.4965896606445 91.5342330932617 91.0346221923828 91.3076705932617 90.9014129638672 91.6926345825195 92.1267623901367 92.2203140258789 92.1365051269531 92.3353805541992 91.8836212158203 91.9402084350586 91.2667846679688 91.9250335693359 91.2957611083984 91.1611251831055 92.3210220336914 92.1885223388672 91.4700164794922 90.9614562988281 90.6397094726562 90.7133331298828 90.0568008422852 90.1593933105469 88.8620910644531 88.4160537719727 88.0945587158203 88.2460174560547 87.6890182495117 87.2663116455078 85.9869155883789 86.4557647705078 86.1417694091797 85.8134994506836 85.4254150390625 85.4298324584961 85.3115539550781 85.3960800170898 85.4919662475586 85.1418151855469 84.8172912597656 84.6310501098633
92.1137542724609 92.3670349121094 92.5687789916992 92.5411529541016 93.2222442626953 93.3136138916016 93.4564971923828 93.223388671875 92.7286987304688 91.61865234375 90.3044204711914 90.1454162597656 91.0171356201172 92.1490936279297 93.869758605957 93.7484817504883 92.6897506713867 93.6326217651367 93.1655197143555 93.0645370483398 92.4567794799805 92.4189910888672 91.8668518066406 92.4325103759766 91.9726867675781 91.3274612426758 91.5643463134766 90.9103927612305 90.8776168823242 90.1918640136719 90.3768005371094 90.0388641357422 89.79052734375 88.4891510009766 88.5944442749023 88.5170974731445 88.1849822998047 87.1426773071289 86.3008880615234 86.0340957641602 86.090087890625 86.2583999633789 86.2190780639648 85.607551574707 85.7020416259766 85.9695205688477 85.1065368652344 84.749870300293 84.0587997436523
91.5789566040039 91.8690490722656 92.7816009521484 93.2176742553711 93.3738327026367 93.8010101318359 93.7628555297852 93.1452789306641 92.2862548828125 91.6561279296875 91.0884628295898 91.1472396850586 92.5487213134766 94.1425323486328 95.4084625244141 94.9139785766602 94.4523773193359 94.4106826782227 94.1875228881836 93.5498199462891 92.6468200683594 92.8136978149414 92.6577453613281 92.2860107421875 92.536865234375 91.3334274291992 91.441650390625 91.719352722168 91.7321624755859 91.4294891357422 90.7532653808594 90.7181549072266 90.9482879638672 90.0548553466797 89.3413391113281 89.0512161254883 88.7825469970703 88.0147171020508 87.2375869750977 86.9237747192383 86.6929168701172 86.5880737304688 86.2651748657227 85.8684310913086 86.1031494140625 85.7762298583984 84.8874435424805 84.4729995727539 84.4083557128906
91.0567016601562 91.8069839477539 92.5043563842773 93.2959518432617 93.755241394043 94.2669219970703 94.3516540527344 94.6489868164062 93.6203384399414 92.5557632446289 92.8082656860352 91.3304443359375 91.8147277832031 94.4787063598633 94.8690795898438 95.0047149658203 95.1669921875 94.7678680419922 94.2927856445312 94.2002487182617 93.5220031738281 93.2311553955078 93.426872253418 92.5007934570312 93.5153274536133 92.7561950683594 92.2343292236328 92.304084777832 92.5541381835938 92.5315551757812 92.5030136108398 91.3935623168945 91.4198913574219 90.8495330810547 90.2778396606445 89.1337738037109 89.6769104003906 88.6989135742188 88.3630065917969 87.2618637084961 86.6178741455078 86.9997329711914 87.047004699707 86.9112930297852 85.8030166625977 85.4980239868164 85.1637954711914 84.581916809082 84.5445404052734
91.496337890625 91.6284790039062 92.2399673461914 92.5326232910156 93.6571960449219 94.382080078125 94.5974807739258 94.6985778808594 95.4974822998047 95.736701965332 94.7893905639648 94.9902496337891 93.2666778564453 91.8378753662109 93.2390365600586 93.3512954711914 93.8258209228516 94.6929244995117 94.640510559082 94.5292434692383 94.539680480957 93.8426818847656 94.3906478881836 93.4592742919922 92.7746200561523 93.2903366088867 93.2288360595703 93.175895690918 93.2422256469727 93.2175445556641 93.6419143676758 93.2913436889648 92.5866851806641 91.7462158203125 90.8501205444336 90.1105880737305 89.9479751586914 89.3105239868164 89.3792495727539 87.9824371337891 88.1356811523438 87.8777694702148 87.2457046508789 86.5317077636719 85.232177734375 85.490966796875 85.3111953735352 84.1361999511719 84.3389739990234
