model/data/bioclim/bclim19.asc
NCOLS 300 
NROWS 300 
XLLCORNER -125.250000000003 
YLLCORNER 30.7499999999996 
CELLSIZE 0.041666666666667 
NODATA_value -32768 
[rows 80 to 119 of 300, columns 178 to 266 of 300]
39 42 45 48 51 49 51 56 59 59 59 59 65 71 74 69 68 65 68 70 68 70 79 86 79 70 68 67 67 67 89 91 89 87 86 102 114 102 93 84 84 87 74 74 74 74 75 87 109 95 84 83 84 91 101 106 94 90 81 78 79 99 88 76 72 72 78 90 84 84 65 57 55 54 57 77 94 74 64 65 76 109 100 55 44 44 44 47 47
39 42 48 48 54 53 55 57 61 59 60 62 67 76 78 77 76 65 71 72 75 81 83 90 78 71 68 67 67 67 89 91 84 89 91 103 114 106 94 86 87 86 74 74 74 74 74 87 119 98 78 76 78 79 90 95 90 81 77 76 83 103 80 72 72 75 86 103 81 75 63 56 54 54 57 81 106 69 60 66 83 92 64 45 42 44 47 53 53
42 48 54 52 55 61 68 62 62 59 60 61 68 75 84 87 77 65 72 81 87 89 96 93 84 72 67 66 66 78 97 87 81 84 95 105 94 99 94 90 84 77 71 72 73 74 74 86 114 87 74 74 74 78 93 93 91 77 74 74 76 85 75 71 70 75 89 106 78 74 79 56 53 52 57 71 89 71 60 64 84 70 52 43 42 44 50 62 76
45 54 64 61 57 63 67 64 67 62 60 62 67 77 78 69 65 68 76 84 90 92 103 93 85 74 65 65 71 90 94 81 78 79 87 91 84 83 83 85 80 77 71 71 71 71 72 84 105 77 72 73 80 84 92 91 83 74 73 71 74 86 75 69 69 77 93 93 77 74 90 73 51 51 54 66 102 80 59 58 66 52 46 43 42 50 61 75 76
54 61 73 66 57 54 54 60 73 64 63 63 69 81 75 63 65 71 77 87 102 111 90 78 74 70 65 65 80 93 90 76 74 75 75 77 75 75 78 77 81 75 70 71 71 71 71 89 93 74 71 71 93 102 90 82 77 72 71 71 86 108 82 70 67 71 87 71 73 94 104 98 52 51 54 67 111 96 58 51 55 48 47 44 48 74 100 82 67
74 77 68 57 51 51 52 60 76 70 69 67 68 84 71 63 67 71 77 86 102 102 82 74 69 69 66 72 83 92 77 73 71 71 71 71 72 72 74 72 75 74 70 70 70 71 71 91 100 71 69 71 97 101 89 82 74 71 70 72 91 103 81 71 66 65 65 63 82 113 119 81 51 49 54 74 108 98 55 46 48 49 54 50 54 71 93 98 86
73 64 52 49 49 51 52 64 90 78 75 70 69 77 66 62 66 72 83 87 94 92 80 74 72 75 76 88 88 88 72 70 69 69 68 68 69 69 69 69 72 83 72 69 69 70 74 86 96 70 68 70 94 92 86 77 71 69 69 72 85 98 84 74 65 62 62 62 82 103 91 62 49 48 54 80 113 89 64 45 43 44 49 57 53 59 67 77 89
70 51 47 47 49 50 54 63 78 76 73 69 72 74 66 63 66 72 83 88 92 90 80 77 78 86 94 91 85 78 69 69 68 67 67 67 67 73 71 68 68 75 74 67 69 70 77 91 112 74 67 67 71 72 72 75 69 69 68 69 75 81 81 74 65 62 60 60 76 77 59 51 47 48 56 92 116 95 67 43 41 41 43 45 48 53 61 64 61
49 46 46 46 49 52 57 63 66 66 69 69 72 72 66 69 63 68 85 88 83 80 78 75 82 100 100 82 72 69 67 66 66 66 66 66 65 67 67 68 72 72 70 67 70 73 81 95 102 70 66 66 66 66 69 78 72 69 68 69 72 78 81 74 68 62 60 59 82 69 51 47 47 47 58 98 110 93 68 42 40 40 40 41 47 56 64 61 55
45 45 46 48 54 68 69 61 61 64 69 75 68 64 62 62 62 66 80 83 78 81 77 74 81 85 75 69 67 66 66 66 66 66 64 63 63 63 66 70 82 82 77 71 75 81 81 88 87 66 64 64 64 65 69 75 73 72 70 71 74 81 87 88 77 65 62 68 85 65 49 47 46 47 60 71 89 131 73 40 39 38 38 44 75 75 70 64 58
44 48 49 55 72 75 63 58 59 63 70 69 64 61 60 60 61 68 84 84 81 78 68 67 73 79 70 67 65 65 64 66 66 67 65 63 63 63 64 70 80 79 82 79 85 82 88 78 69 64 64 65 65 66 68 74 78 74 78 75 78 77 78 80 74 76 82 82 85 79 49 46 46 47 58 59 87 124 78 41 37 38 38 50 99 109 77 67 55
52 69 60 64 81 64 58 57 58 61 73 67 60 58 58 60 60 75 90 90 79 72 63 61 69 68 69 64 64 64 67 70 74 74 67 64 61 61 63 69 80 80 84 96 90 80 88 73 65 62 66 68 65 66 68 72 81 81 81 77 72 68 68 71 75 85 94 98 75 87 66 58 44 47 72 67 103 156 97 43 37 37 38 45 83 123 86 70 58
52 83 81 69 64 58 55 55 55 57 67 61 57 57 57 60 66 87 87 84 70 63 59 57 60 61 66 64 68 67 70 79 98 92 69 61 61 61 61 64 73 74 80 86 76 72 73 71 62 62 66 74 67 66 68 74 85 84 82 79 68 65 64 71 76 85 79 84 69 61 87 59 44 57 71 76 110 163 109 49 37 37 37 41 70 114 98 89 88
51 89 84 70 64 57 53 53 53 55 61 57 55 56 57 63 73 93 102 72 60 57 57 56 57 58 66 63 63 68 78 87 104 87 70 61 59 58 59 61 66 78 72 66 67 65 62 60 61 65 71 75 67 67 70 73 88 80 74 75 68 65 62 65 71 91 75 74 72 59 55 48 46 75 80 86 115 161 121 54 37 37 37 39 67 112 96 84 81
47 71 80 75 68 53 50 51 52 54 64 59 54 55 57 70 94 105 85 61 55 55 55 55 59 65 65 61 62 64 71 80 84 83 65 59 58 57 58 61 66 80 66 60 60 60 60 63 66 65 72 69 65 65 71 76 85 85 76 87 69 62 62 64 69 91 83 69 69 62 54 49 50 80 97 98 140 152 149 68 38 37 38 40 63 114 130 131 96
44 60 67 63 64 50 49 50 51 55 62 62 53 55 62 90 91 108 68 55 52 52 52 55 61 72 65 61 61 61 66 77 75 89 65 56 56 56 59 59 59 63 58 56 57 57 57 60 69 69 69 66 65 68 91 98 96 97 82 91 68 62 62 61 72 85 78 75 69 66 68 52 54 82 118 118 143 105 130 72 38 38 39 45 67 99 133 174 149
42 53 66 58 49 47 49 52 59 62 64 58 52 55 65 91 87 83 56 52 50 50 52 59 66 73 67 60 58 61 75 73 80 78 60 55 54 57 67 60 59 62 56 55 55 56 57 60 66 69 66 66 66 69 95 110 98 104 92 91 71 63 62 62 72 80 68 72 78 78 66 57 57 73 103 103 138 93 69 47 40 38 43 64 86 110 124 150 118
44 53 56 50 47 47 50 65 80 78 65 52 54 61 75 108 94 62 52 50 49 50 56 69 75 75 64 59 57 60 69 66 77 66 62 54 54 69 79 63 57 59 56 55 55 55 58 60 63 63 61 63 69 63 69 88 83 90 101 87 72 66 64 63 69 69 63 66 76 96 79 63 57 64 74 84 106 118 61 45 40 39 45 61 96 87 89 114 102
48 49 47 46 46 48 59 76 92 76 62 51 56 67 84 105 81 53 47 47 47 50 59 81 83 72 62 59 56 56 59 63 84 75 66 56 58 88 85 63 54 54 53 54 55 57 58 61 61 60 59 63 63 58 63 75 78 84 94 86 81 72 67 64 63 63 60 66 85 126 92 69 60 60 71 96 93 116 62 44 41 40 58 71 72 64 57 56 51
42 46 46 46 48 53 75 75 69 60 50 51 61 79 97 80 49 46 46 46 47 50 64 83 83 78 68 59 56 56 58 61 75 84 78 58 64 95 75 56 53 53 53 53 57 64 63 64 61 58 58 59 57 57 63 74 75 101 101 92 91 78 72 66 61 58 60 63 75 119 110 73 61 59 64 84 87 67 54 45 42 43 66 81 65 54 51 45 39
37 46 44 45 46 61 83 67 51 48 49 53 69 79 82 50 43 43 45 46 48 53 59 82 99 92 71 59 56 56 57 62 72 90 84 70 67 85 67 54 52 51 52 54 60 74 73 64 61 56 55 56 56 57 60 69 75 92 92 86 90 77 72 66 66 58 58 58 63 103 120 74 62 61 64 75 90 73 53 45 42 46 81 115 93 81 57 43 36
34 49 48 43 46 55 80 61 48 47 50 58 73 95 64 44 43 43 43 44 49 54 65 85 96 91 63 56 56 57 60 64 79 81 64 70 61 70 67 53 52 51 52 53 60 75 74 63 57 54 53 56 56 54 57 67 79 94 88 83 79 69 66 66 61 57 55 55 60 92 101 73 64 64 66 75 87 65 52 46 44 48 62 105 158 117 72 51 39
43 55 47 43 43 50 60 55 47 49 56 70 100 87 51 41 41 41 41 44 51 62 67 80 85 68 57 54 57 57 63 74 89 67 54 58 56 70 70 52 52 52 52 54 57 62 71 67 57 54 51 54 56 53 56 63 76 110 97 87 78 69 63 63 60 57 54 54 57 79 102 84 67 66 72 87 90 67 55 49 45 46 56 99 201 143 91 66 45
46 59 49 41 41 44 58 53 47 53 62 87 107 72 44 41 41 41 41 46 52 60 74 80 77 60 54 54 57 60 65 83 73 58 52 51 53 73 60 55 61 53 53 54 56 57 61 62 62 54 50 53 55 50 53 62 79 125 94 82 73 69 63 60 58 55 52 52 54 78 122 92 70 73 87 91 100 82 55 49 46 44 51 87 162 140 118 104 67
43 46 42 38 38 47 64 57 50 60 79 107 86 72 44 41 41 41 42 45 53 59 68 70 64 55 53 54 59 69 80 79 60 54 51 51 58 61 55 65 76 56 53 56 57 55 56 61 64 54 51 50 49 49 53 63 82 129 109 91 79 69 63 63 63 55 52 52 55 82 102 90 72 84 103 93 116 82 55 49 46 46 48 74 149 137 108 78 64
49 42 39 38 38 44 55 58 54 67 89 125 92 79 60 41 40 40 42 47 59 73 80 65 54 53 53 54 72 92 95 83 54 51 51 54 73 63 55 77 61 58 53 53 55 55 55 59 65 57 54 51 47 47 50 59 85 111 100 75 78 69 65 64 60 52 52 52 59 87 99 81 78 82 93 92 94 70 55 49 46 46 47 66 134 154 123 88 64
56 42 38 36 38 44 53 60 63 62 70 103 99 110 81 41 40 40 43 53 87 135 98 64 53 53 53 59 82 120 94 69 54 51 51 55 75 60 54 57 56 58 53 55 53 54 55 58 66 61 63 56 47 46 47 53 59 65 69 71 75 72 72 63 61 52 52 52 63 93 93 80 83 82 87 91 82 64 53 48 46 46 46 65 126 117 114 108 63
46 41 36 35 38 47 68 63 60 74 78 83 111 98 75 41 39 40 43 55 87 138 109 73 56 53 53 68 84 116 93 65 53 50 51 57 69 54 51 52 59 60 58 53 53 53 55 64 73 68 63 54 48 46 46 47 52 56 60 81 77 70 64 56 53 52 52 53 77 103 87 78 79 93 94 82 67 59 54 49 48 47 47 60 95 91 87 114 61
36 38 35 35 38 49 66 63 60 77 69 70 77 61 58 41 39 41 45 52 67 99 87 77 62 53 53 65 88 111 95 62 50 50 54 63 66 60 52 50 60 62 56 53 52 54 58 77 70 60 61 54 46 46 46 47 49 54 62 71 76 63 56 52 52 52 52 57 76 90 82 74 81 106 97 70 60 54 55 59 52 49 50 56 70 77 72 92 57
33 34 33 34 38 46 60 53 53 72 72 55 61 61 49 39 39 42 50 64 92 82 72 71 58 53 52 68 79 95 74 59 50 50 59 75 83 70 54 50 55 59 54 52 52 55 63 73 67 60 54 49 46 46 46 46 49 61 59 65 73 61 54 52 52 52 53 76 102 98 80 71 74 101 134 79 59 53 56 70 62 53 50 53 59 64 62 59 49
33 34 32 33 36 40 43 44 46 54 56 50 48 57 47 38 39 43 50 73 90 81 73 59 53 52 53 63 71 77 65 56 50 53 62 86 83 86 52 49 53 59 54 51 55 58 67 67 61 54 49 46 46 46 46 46 50 72 73 66 74 65 56 53 52 52 54 74 102 96 77 71 68 82 124 79 57 54 54 61 71 59 53 53 56 56 53 52 47
36 35 33 31 34 37 40 40 49 49 47 44 41 47 46 37 38 46 55 66 60 57 59 55 52 52 55 66 73 62 61 54 50 59 64 62 67 76 49 48 51 52 51 52 61 64 65 67 59 50 47 45 46 46 46 46 59 79 81 74 73 65 62 56 53 53 53 59 79 89 77 71 65 71 100 69 57 55 55 61 77 69 56 53 53 54 50 47 45
45 39 34 31 31 32 32 36 38 42 40 43 41 37 36 37 40 46 60 61 55 49 52 55 52 55 62 75 56 52 56 59 51 54 60 54 52 49 46 47 49 51 51 53 57 63 63 64 53 46 44 45 46 46 46 49 86 88 83 82 80 76 59 56 53 52 52 56 65 79 83 83 65 69 91 66 57 57 57 59 68 77 58 56 57 61 48 48 47
49 42 34 34 33 31 30 31 32 35 35 34 34 34 34 37 43 52 55 55 49 46 49 52 55 63 75 66 52 48 49 52 51 56 56 47 45 45 46 49 57 52 51 53 57 63 63 56 50 45 45 46 46 46 46 53 84 93 96 83 77 68 57 53 53 52 52 54 63 92 100 74 63 69 87 67 59 57 57 58 73 80 62 61 61 65 56 48 48
38 38 36 34 34 31 29 29 29 31 31 31 31 31 35 41 49 60 50 46 44 44 48 55 55 67 58 55 49 46 52 55 59 65 65 47 43 44 46 49 55 53 53 54 57 58 62 53 47 45 45 46 46 46 48 55 76 99 94 85 71 64 58 55 53 52 52 52 63 98 74 64 64 72 84 69 62 59 58 58 63 67 70 71 69 73 70 54 51
31 31 33 31 31 32 31 28 27 28 29 29 31 32 35 40 46 46 44 42 42 49 58 62 61 65 68 53 46 46 52 55 61 63 60 48 44 44 45 50 57 53 54 54 55 57 58 49 46 46 47 47 47 48 51 64 80 90 99 86 67 61 58 55 53 52 52 54 78 78 65 64 64 76 73 90 69 60 60 60 61 66 82 83 82 73 68 59 54
30 28 31 33 30 29 30 29 27 28 28 28 31 34 35 36 39 39 39 39 41 48 62 72 67 72 72 51 45 45 47 52 66 64 60 48 45 44 45 53 59 55 56 55 58 55 52 46 46 47 47 48 48 50 64 84 96 93 86 74 64 59 56 55 55 52 54 58 81 78 66 65 70 68 69 79 68 62 62 62 64 69 81 91 101 88 73 63 58
28 28 31 35 31 29 29 29 27 27 28 28 31 39 43 42 36 36 37 38 39 45 54 65 76 78 66 53 45 44 46 52 68 69 63 48 45 44 44 47 54 62 59 57 63 61 48 46 47 48 48 48 51 61 83 111 114 90 80 70 64 58 56 55 55 55 55 64 89 78 67 67 76 64 67 90 78 65 64 65 66 70 75 94 104 107 82 68 62
28 28 30 35 31 29 30 29 26 26 27 28 31 42 61 48 38 36 36 36 39 42 48 51 56 60 53 52 43 45 45 50 67 67 62 51 44 43 44 46 52 65 58 55 59 55 49 49 49 49 49 51 55 68 91 129 114 88 76 67 61 64 56 55 55 58 64 66 75 73 69 79 76 64 67 78 83 71 65 67 71 80 84 101 101 88 91 85 78
30 29 30 30 30 28 30 27 26 26 26 28 28 36 50 44 39 36 34 36 39 45 51 48 48 48 45 45 42 45 44 48 58 61 56 48 44 43 45 46 50 59 62 57 53 52 49 49 49 49 51 55 64 75 97 126 99 81 70 64 65 61 58 56 58 66 69 65 69 71 77 77 64 62 67 76 83 74 68 68 74 87 109 106 93 85 88 80 85
