model/data/bioclim/bclim18.asc
NCOLS 300 
NROWS 300 
XLLCORNER -125.25 
YLLCORNER 30.75 
CELLSIZE 0.0416666666666667 
NODATA_value -3.4e+38 
[rows 234 to 272 of 300, columns 176 to 263 of 300]
-3.4e+38 -3.4e+38 -3.4e+38 -3.4e+38 13 12 13 13 13 13 15 17 20 21 18 17 18 19 18 18 19 22 22 23 25 30 37 45 51 52 50 50 45 46 57 59 56 61 61 46 38 24 11 11 14 15 15 15 16 12 12 13 15 19 29 32 33 32 32 33 35 37 37 37 33 33 29 27 27 27 26 24 24 24 24 22 22 22 22 22 24 25 27 30 32 36 34 34
-3.4e+38 -3.4e+38 -3.4e+38 -3.4e+38 -3.4e+38 -3.4e+38 12 13 13 13 13 18 23 19 14 17 16 17 19 21 21 29 31 29 28 29 37 46 51 53 54 53 47 37 41 41 42 43 51 59 60 35 21 17 16 15 15 15 15 15 12 12 13 15 22 25 29 27 28 29 30 34 35 35 33 33 31 29 27 26 25 25 24 24 22 22 22 22 22 24 24 26 28 30 34 34 34 35
-3.4e+38 -3.4e+38 -3.4e+38 -3.4e+38 -3.4e+38 -3.4e+38 -3.4e+38 12 12 13 13 15 16 15 14 15 15 16 18 18 19 28 38 41 38 40 37 37 44 51 55 59 54 47 31 33 33 28 25 29 54 47 30 22 18 15 15 15 15 15 17 12 12 13 14 17 20 21 22 25 26 30 32 33 32 30 29 27 27 27 25 25 26 25 24 22 22 22 22 24 25 28 30 30 32 34 36 35
-3.4e+38 -3.4e+38 -3.4e+38 -3.4e+38 -3.4e+38 -3.4e+38 -3.4e+38 -3.4e+38 12 14 14 13 13 13 13 14 15 15 14 15 17 18 29 44 48 51 51 44 42 46 50 57 58 53 34 31 23 27 25 19 29 50 38 24 18 15 15 15 15 15 15 16 17 12 12 12 15 16 18 20 23 28 28 31 30 29 27 27 27 25 25 25 25 26 26 24 22 22 23 24 26 30 30 32 32 33 37 36
-3.4e+38 -3.4e+38 -3.4e+38 -3.4e+38 -3.4e+38 -3.4e+38 -3.4e+38 -3.4e+38 -3.4e+38 -3.4e+38 13 13 13 12 13 14 14 14 15 17 18 18 18 28 41 48 48 41 40 38 43 52 65 60 52 37 21 20 22 19 20 26 31 24 18 17 15 15 15 15 15 16 16 16 16 12 13 14 15 16 19 24 28 28 28 27 27 27 25 25 25 25 24 24 26 24 22 22 23 26 32 32 32 32 33 35 37 38
-3.4e+38 -3.4e+38 -3.4e+38 -3.4e+38 -3.4e+38 -3.4e+38 -3.4e+38 -3.4e+38 -3.4e+38 -3.4e+38 12 12 13 13 12 13 13 14 15 17 18 21 20 20 28 33 38 40 33 36 38 47 57 60 56 37 19 18 18 19 22 21 21 19 18 17 15 15 15 15 15 16 16 16 17 17 12 13 14 15 16 20 24 26 27 27 27 27 27 26 26 26 25 24 24 23 22 22 23 28 32 34 37 33 35 39 41 39
-3.4e+38 -3.4e+38 -3.4e+38 -3.4e+38 -3.4e+38 -3.4e+38 -3.4e+38 -3.4e+38 -3.4e+38 -3.4e+38 -3.4e+38 13 13 12 12 13 13 15 16 18 18 19 21 25 32 37 37 39 33 36 40 43 50 55 51 34 21 18 18 18 18 18 18 17 16 16 16 15 15 15 15 16 16 16 17 17 11 13 13 14 16 17 19 25 28 29 29 29 28 27 27 27 26 26 26 24 23 22 23 28 30 32 34 33 33 37 38 37
-3.4e+38 -3.4e+38 -3.4e+38 -3.4e+38 -3.4e+38 -3.4e+38 -3.4e+38 -3.4e+38 -3.4e+38 -3.4e+38 -3.4e+38 -3.4e+38 13 13 12 13 13 14 16 16 18 19 21 23 25 27 34 40 41 43 49 47 47 47 48 47 31 21 19 18 19 19 16 16 16 16 16 17 17 15 15 16 16 16 17 17 12 13 13 14 14 16 17 19 25 29 29 31 31 30 29 28 27 28 28 26 24 23 24 26 30 29 29 31 31 31 32 34
-3.4e+38 -3.4e+38 -3.4e+38 -3.4e+38 -3.4e+38 -3.4e+38 -3.4e+38 -3.4e+38 -3.4e+38 -3.4e+38 -3.4e+38 -3.4e+38 -3.4e+38 12 12 12 13 13 14 14 15 17 21 22 23 18 30 32 39 40 49 58 42 39 37 33 30 26 22 21 19 18 16 16 16 16 16 16 16 15 16 16 16 16 17 18 18 13 13 14 14 16 17 17 19 21 22 27 31 32 32 30 28 28 28 27 26 23 25 28 28 28 29 43 28 30 30 32
-3.4e+38 -3.4e+38 -3.4e+38 -3.4e+38 -3.4e+38 -3.4e+38 -3.4e+38 -3.4e+38 -3.4e+38 -3.4e+38 -3.4e+38 -3.4e+38 -3.4e+38 -3.4e+38 12 12 12 14 14 14 14 14 15 17 19 19 25 28 32 36 44 51 44 32 34 32 36 28 28 33 29 23 16 15 16 16 16 15 15 10 11 16 16 16 18 18 19 20 20 21 14 15 16 17 17 19 20 21 22 27 29 29 28 30 30 28 25 23 25 38 38 37 40 39 41 43 30 32
-3.4e+38 -3.4e+38 -3.4e+38 -3.4e+38 -3.4e+38 -3.4e+38 -3.4e+38 -3.4e+38 -3.4e+38 -3.4e+38 -3.4e+38 -3.4e+38 -3.4e+38 -3.4e+38 12 12 12 12 14 12 12 14 17 17 19 19 24 28 31 34 44 52 47 40 45 34 36 42 41 36 39 36 22 16 16 16 16 10 10 11 11 11 11 11 18 18 19 19 20 21 21 22 16 16 17 17 19 20 21 22 24 26 26 30 32 28 25 23 33 36 38 35 37 37 39 42 30 31
-3.4e+38 -3.4e+38 -3.4e+38 -3.4e+38 -3.4e+38 -3.4e+38 -3.4e+38 -3.4e+38 -3.4e+38 -3.4e+38 -3.4e+38 -3.4e+38 -3.4e+38 -3.4e+38 12 12 11 11 12 12 13 14 20 19 19 19 21 26 26 34 43 54 58 48 39 36 36 43 51 43 32 30 22 19 19 18 16 16 11 11 11 11 11 12 18 18 19 19 20 21 22 22 15 16 17 17 19 19 20 21 22 24 25 26 28 28 27 34 33 33 36 34 34 36 37 41 29 29
-3.4e+38 -3.4e+38 -3.4e+38 -3.4e+38 -3.4e+38 -3.4e+38 -3.4e+38 -3.4e+38 -3.4e+38 -3.4e+38 -3.4e+38 -3.4e+38 -3.4e+38 -3.4e+38 -3.4e+38 11 11 11 11 13 13 13 18 20 17 19 22 20 20 31 40 58 58 56 41 29 28 25 25 25 23 19 19 19 22 26 24 16 16 17 17 12 12 12 12 18 19 13 20 21 22 22 23 16 16 17 19 19 19 20 22 22 24 25 26 27 27 38 37 36 37 35 32 33 36 41 43 29
-3.4e+38 -3.4e+38 -3.4e+38 -3.4e+38 -3.4e+38 -3.4e+38 -3.4e+38 -3.4e+38 -3.4e+38 -3.4e+38 -3.4e+38 -3.4e+38 -3.4e+38 -3.4e+38 -3.4e+38 11 11 11 11 12 13 13 15 16 16 19 26 18 24 29 40 58 55 60 58 39 28 28 28 22 21 19 19 18 19 21 19 16 16 17 17 18 12 12 12 18 19 12 20 22 22 22 23 16 16 17 17 19 19 20 21 22 22 24 25 27 27 38 39 38 36 36 34 35 36 38 27 27
-3.4e+38 -3.4e+38 -3.4e+38 -3.4e+38 -3.4e+38 -3.4e+38 -3.4e+38 -3.4e+38 -3.4e+38 -3.4e+38 -3.4e+38 -3.4e+38 -3.4e+38 -3.4e+38 -3.4e+38 10 11 11 11 11 13 13 13 12 16 17 20 19 23 27 37 47 54 58 64 64 42 40 31 25 19 18 18 16 16 16 16 16 16 16 17 12 12 12 12 12 13 12 13 21 22 22 23 16 16 16 17 18 19 20 20 21 22 22 28 28 37 36 36 38 39 34 32 35 36 38 25 26
-3.4e+38 -3.4e+38 -3.4e+38 -3.4e+38 -3.4e+38 -3.4e+38 -3.4e+38 -3.4e+38 -3.4e+38 -3.4e+38 -3.4e+38 -3.4e+38 -3.4e+38 -3.4e+38 -3.4e+38 10 11 11 11 11 11 11 11 11 12 16 17 22 32 30 40 42 49 49 62 72 69 45 39 29 20 17 18 16 16 17 16 16 16 16 16 17 17 18 12 12 13 13 21 21 22 22 23 16 16 16 17 17 18 19 19 20 21 22 25 28 27 34 34 35 35 35 32 32 34 23 24 24
-3.4e+38 -3.4e+38 -3.4e+38 -3.4e+38 -3.4e+38 -3.4e+38 -3.4e+38 -3.4e+38 -3.4e+38 -3.4e+38 -3.4e+38 -3.4e+38 -3.4e+38 -3.4e+38 -3.4e+38 10 9 10 11 10 11 11 11 11 14 16 17 20 22 30 36 41 46 49 59 65 65 60 49 33 21 22 20 19 20 23 17 16 16 16 16 16 17 18 19 19 13 14 21 21 23 23 24 16 16 16 17 17 17 18 19 19 20 21 22 25 25 25 25 32 32 33 32 35 23 23 24 28
-3.4e+38 -3.4e+38 -3.4e+38 -3.4e+38 -3.4e+38 -3.4e+38 -3.4e+38 -3.4e+38 -3.4e+38 -3.4e+38 -3.4e+38 -3.4e+38 -3.4e+38 -3.4e+38 -3.4e+38 9 9 9 9 10 10 11 11 11 13 14 17 20 25 28 31 42 47 49 47 53 52 56 49 44 27 27 24 19 18 16 15 15 16 16 16 16 17 18 18 19 20 14 22 22 23 23 24 24 16 16 16 17 17 18 18 19 19 21 21 23 23 23 31 32 33 31 34 35 23 22 24 28
-3.4e+38 -3.4e+38 -3.4e+38 -3.4e+38 -3.4e+38 -3.4e+38 -3.4e+38 -3.4e+38 -3.4e+38 -3.4e+38 -3.4e+38 -3.4e+38 -3.4e+38 -3.4e+38 -3.4e+38 9 9 8 9 9 10 10 11 10 13 15 20 24 31 25 29 39 43 41 41 43 46 52 47 46 37 32 29 22 19 16 15 15 16 16 16 16 17 18 18 19 20 22 22 22 23 23 24 24 15 16 16 16 16 18 18 19 19 20 21 21 23 23 23 23 33 33 33 33 39 36 34 23
-3.4e+38 -3.4e+38 -3.4e+38 -3.4e+38 -3.4e+38 -3.4e+38 -3.4e+38 -3.4e+38 -3.4e+38 -3.4e+38 -3.4e+38 -3.4e+38 -3.4e+38 -3.4e+38 -3.4e+38 9 9 8 8 8 10 10 10 14 13 13 15 24 28 23 26 30 37 38 39 42 43 46 45 42 42 37 39 29 26 21 18 15 15 15 16 17 17 17 18 18 19 21 22 22 22 22 24 24 15 15 16 16 16 17 18 18 18 20 21 21 22 31 24 25 24 33 33 33 23 27 23 22
-3.4e+38 -3.4e+38 -3.4e+38 -3.4e+38 -3.4e+38 -3.4e+38 -3.4e+38 -3.4e+38 -3.4e+38 -3.4e+38 -3.4e+38 -3.4e+38 -3.4e+38 -3.4e+38 -3.4e+38 -3.4e+38 -3.4e+38 -3.4e+38 8 8 8 10 10 10 13 13 14 17 28 20 27 30 34 39 36 36 38 43 45 43 40 37 41 40 34 24 20 18 15 15 16 17 18 17 17 18 19 20 21 22 22 22 22 24 15 15 15 15 15 16 24 26 26 27 20 20 30 30 33 25 24 24 24 24 24 26 28 23
-3.4e+38 -3.4e+38 -3.4e+38 -3.4e+38 -3.4e+38 -3.4e+38 -3.4e+38 -3.4e+38 -3.4e+38 -3.4e+38 -3.4e+38 -3.4e+38 -3.4e+38 -3.4e+38 -3.4e+38 -3.4e+38 -3.4e+38 -3.4e+38 8 8 8 9 10 10 13 24 23 16 17 19 24 27 33 33 33 38 42 43 43 43 40 37 39 45 43 29 18 16 15 15 15 16 19 17 17 17 18 18 20 13 20 21 22 22 21 22 22 21 22 22 24 24 26 26 28 29 30 30 24 24 24 24 24 25 25 27 33 25
-3.4e+38 -3.4e+38 -3.4e+38 -3.4e+38 -3.4e+38 -3.4e+38 -3.4e+38 -3.4e+38 -3.4e+38 -3.4e+38 -3.4e+38 -3.4e+38 -3.4e+38 -3.4e+38 -3.4e+38 -3.4e+38 -3.4e+38 -3.4e+38 8 8 8 10 10 10 12 16 16 13 16 24 20 23 26 29 33 38 40 41 43 44 43 40 42 48 49 40 22 17 16 15 14 13 14 17 17 17 17 18 18 20 20 20 20 21 21 20 19 20 20 22 23 24 25 26 27 29 29 22 23 24 24 24 23 25 25 27 33 30
-3.4e+38 -3.4e+38 -3.4e+38 -3.4e+38 -3.4e+38 -3.4e+38 -3.4e+38 -3.4e+38 -3.4e+38 -3.4e+38 -3.4e+38 -3.4e+38 -3.4e+38 -3.4e+38 -3.4e+38 -3.4e+38 -3.4e+38 -3.4e+38 -3.4e+38 8 10 8 9 9 10 11 16 13 15 17 20 26 31 34 38 39 39 40 42 46 47 48 48 53 51 44 36 33 24 15 13 13 13 14 17 18 17 18 18 18 19 20 20 20 19 19 20 20 21 21 22 23 25 25 18 20 21 21 22 23 23 23 23 23 24 24 28 37
-3.4e+38 -3.4e+38 -3.4e+38 -3.4e+38 -3.4e+38 -3.4e+38 -3.4e+38 -3.4e+38 -3.4e+38 -3.4e+38 -3.4e+38 -3.4e+38 -3.4e+38 -3.4e+38 -3.4e+38 -3.4e+38 -3.4e+38 -3.4e+38 -3.4e+38 9 10 10 10 9 10 11 11 13 14 14 22 29 31 26 34 39 38 40 44 47 50 55 55 56 53 53 57 59 38 17 13 13 13 13 14 19 21 20 19 18 18 18 18 19 19 19 19 19 21 21 21 22 24 17 18 20 20 21 21 21 22 23 23 23 23 24 25 30
-3.4e+38 -3.4e+38 -3.4e+38 -3.4e+38 -3.4e+38 -3.4e+38 -3.4e+38 -3.4e+38 -3.4e+38 -3.4e+38 -3.4e+38 -3.4e+38 -3.4e+38 -3.4e+38 9 -3.4e+38 -3.4e+38 -3.4e+38 -3.4e+38 8 10 10 13 10 10 11 14 17 20 17 17 20 23 24 28 36 42 42 43 51 50 56 57 60 62 61 65 68 64 24 13 11 13 13 13 15 26 30 22 19 18 17 17 17 17 18 19 19 20 21 21 21 24 24 18 18 19 20 20 21 21 21 22 22 22 24 24 41
-3.4e+38 -3.4e+38 -3.4e+38 -3.4e+38 -3.4e+38 -3.4e+38 -3.4e+38 -3.4e+38 -3.4e+38 -3.4e+38 -3.4e+38 -3.4e+38 -3.4e+38 -3.4e+38 -3.4e+38 -3.4e+38 9 -3.4e+38 -3.4e+38 8 8 10 10 12 13 14 14 14 14 13 14 16 19 20 26 37 39 42 42 49 58 61 65 66 65 68 52 72 69 34 11 11 11 11 13 13 15 24 37 25 19 18 18 17 17 18 18 19 20 20 20 22 23 24 17 18 18 19 19 20 20 21 21 22 22 22 24 39
-3.4e+38 -3.4e+38 -3.4e+38 -3.4e+38 -3.4e+38 -3.4e+38 -3.4e+38 -3.4e+38 -3.4e+38 -3.4e+38 -3.4e+38 -3.4e+38 -3.4e+38 -3.4e+38 -3.4e+38 -3.4e+38 -3.4e+38 -3.4e+38 -3.4e+38 -3.4e+38 8 8 10 12 14 17 14 17 17 17 16 14 19 23 23 25 33 37 48 55 57 62 66 68 68 54 56 57 73 36 11 11 11 11 11 12 13 15 26 39 27 20 18 17 17 17 19 18 18 20 21 21 22 22 17 17 18 18 18 19 19 20 20 21 22 22 36 37
-3.4e+38 -3.4e+38 -3.4e+38 -3.4e+38 -3.4e+38 -3.4e+38 -3.4e+38 -3.4e+38 -3.4e+38 -3.4e+38 -3.4e+38 -3.4e+38 -3.4e+38 -3.4e+38 -3.4e+38 -3.4e+38 -3.4e+38 -3.4e+38 -3.4e+38 -3.4e+38 8 8 10 10 13 16 16 22 25 38 30 17 16 19 25 30 29 37 46 54 58 62 65 70 74 58 59 59 75 35 9 10 11 11 11 11 13 15 18 21 28 24 17 18 19 19 19 19 19 20 21 21 21 22 23 17 17 18 18 18 18 18 20 20 22 22 34 36
-3.4e+38 -3.4e+38 -3.4e+38 -3.4e+38 -3.4e+38 -3.4e+38 -3.4e+38 -3.4e+38 -3.4e+38 -3.4e+38 -3.4e+38 -3.4e+38 -3.4e+38 -3.4e+38 -3.4e+38 -3.4e+38 -3.4e+38 -3.4e+38 -3.4e+38 -3.4e+38 -3.4e+38 8 8 10 10 13 15 17 20 26 24 25 19 19 21 25 32 45 57 63 64 66 70 73 78 61 62 78 53 25 10 9 10 11 11 11 12 14 16 19 24 19 17 18 20 20 20 19 20 20 20 21 21 23 23 23 24 17 17 18 18 18 18 20 20 31 33 34
-3.4e+38 -3.4e+38 -3.4e+38 -3.4e+38 -3.4e+38 -3.4e+38 -3.4e+38 -3.4e+38 -3.4e+38 -3.4e+38 -3.4e+38 -3.4e+38 -3.4e+38 -3.4e+38 -3.4e+38 -3.4e+38 -3.4e+38 -3.4e+38 -3.4e+38 -3.4e+38 -3.4e+38 -3.4e+38 -3.4e+38 8 8 10 12 16 16 17 23 24 19 19 23 26 34 48 58 68 68 68 72 75 79 85 65 86 78 43 16 9 9 10 11 11 11 13 15 22 22 17 17 18 19 20 20 20 20 20 21 22 22 22 23 23 23 24 25 26 26 18 18 17 30 31 33 34
-3.4e+38 -3.4e+38 -3.4e+38 -3.4e+38 -3.4e+38 -3.4e+38 -3.4e+38 -3.4e+38 -3.4e+38 -3.4e+38 -3.4e+38 -3.4e+38 -3.4e+38 -3.4e+38 -3.4e+38 -3.4e+38 -3.4e+38 -3.4e+38 -3.4e+38 -3.4e+38 -3.4e+38 -3.4e+38 -3.4e+38 -3.4e+38 8 10 10 13 13 14 19 17 20 23 23 30 36 39 56 67 69 72 71 79 81 86 89 90 92 79 33 10 9 9 10 11 11 13 14 19 23 17 17 18 19 21 21 21 21 20 20 20 21 22 22 23 23 23 25 25 25 27 27 28 30 31 32 34
-3.4e+38 -3.4e+38 -3.4e+38 -3.4e+38 -3.4e+38 -3.4e+38 -3.4e+38 -3.4e+38 -3.4e+38 -3.4e+38 -3.4e+38 -3.4e+38 -3.4e+38 -3.4e+38 -3.4e+38 -3.4e+38 -3.4e+38 -3.4e+38 -3.4e+38 -3.4e+38 -3.4e+38 -3.4e+38 -3.4e+38 -3.4e+38 8 10 10 9 10 13 13 14 19 19 21 25 27 33 48 55 66 71 74 80 84 88 91 93 95 89 55 14 9 9 10 11 11 12 13 14 16 18 20 19 22 22 22 21 21 21 21 20 22 22 21 23 23 24 24 25 25 25 27 28 29 30 31 33
-3.4e+38 -3.4e+38 -3.4e+38 -3.4e+38 -3.4e+38 -3.4e+38 -3.4e+38 -3.4e+38 -3.4e+38 -3.4e+38 -3.4e+38 -3.4e+38 -3.4e+38 -3.4e+38 -3.4e+38 -3.4e+38 -3.4e+38 -3.4e+38 -3.4e+38 -3.4e+38 -3.4e+38 -3.4e+38 -3.4e+38 -3.4e+38 8 8 7 8 9 15 14 14 14 16 20 22 22 43 45 53 61 67 73 77 78 85 91 92 93 92 80 27 10 9 9 11 11 12 13 14 16 18 29 20 21 22 22 21 21 21 21 21 21 22 22 22 23 24 24 24 25 25 25 28 28 29 29 31
-3.4e+38 -3.4e+38 -3.4e+38 -3.4e+38 -3.4e+38 -3.4e+38 -3.4e+38 -3.4e+38 -3.4e+38 -3.4e+38 -3.4e+38 -3.4e+38 -3.4e+38 -3.4e+38 -3.4e+38 -3.4e+38 -3.4e+38 -3.4e+38 -3.4e+38 -3.4e+38 -3.4e+38 -3.4e+38 -3.4e+38 -3.4e+38 6 8 8 9 10 14 10 12 20 31 33 30 25 33 45 48 55 61 67 74 75 83 91 95 93 94 89 40 20 10 10 12 11 12 13 14 16 18 31 22 21 21 21 22 21 21 21 21 21 22 22 22 22 22 22 24 25 25 25 26 28 28 29 28
-3.4e+38 -3.4e+38 -3.4e+38 -3.4e+38 -3.4e+38 -3.4e+38 -3.4e+38 -3.4e+38 -3.4e+38 -3.4e+38 -3.4e+38 -3.4e+38 -3.4e+38 -3.4e+38 -3.4e+38 -3.4e+38 -3.4e+38 -3.4e+38 -3.4e+38 -3.4e+38 -3.4e+38 -3.4e+38 -3.4e+38 -3.4e+38 7 7 9 9 10 10 10 14 19 23 35 37 33 29 30 39 45 54 57 64 69 81 89 94 94 94 87 55 22 12 12 12 12 13 14 15 16 17 23 24 20 21 21 20 20 20 21 21 21 21 21 21 21 22 22 22 24 25 25 25 26 28 28 28
-3.4e+38 -3.4e+38 -3.4e+38 -3.4e+38 -3.4e+38 -3.4e+38 -3.4e+38 -3.4e+38 -3.4e+38 -3.4e+38 -3.4e+38 -3.4e+38 -3.4e+38 -3.4e+38 -3.4e+38 -3.4e+38 -3.4e+38 -3.4e+38 -3.4e+38 -3.4e+38 -3.4e+38 -3.4e+38 -3.4e+38 -3.4e+38 -3.4e+38 6 9 9 9 9 9 14 17 25 31 36 40 31 26 28 34 43 48 59 71 83 90 94 97 94 89 61 24 14 12 13 15 14 14 15 16 17 18 19 19 20 20 20 20 20 20 20 20 20 20 21 21 22 22 22 23 24 25 25 26 26 27 28
-3.4e+38 -3.4e+38 -3.4e+38 -3.4e+38 -3.4e+38 -3.4e+38 -3.4e+38 -3.4e+38 -3.4e+38 -3.4e+38 -3.4e+38 -3.4e+38 -3.4e+38 -3.4e+38 -3.4e+38 -3.4e+38 -3.4e+38 -3.4e+38 -3.4e+38 -3.4e+38 -3.4e+38 -3.4e+38 -3.4e+38 -3.4e+38 -3.4e+38 -3.4e+38 -3.4e+38 7 8 8 10 13 19 17 17 23 30 33 28 29 31 35 46 63 75 85 90 96 97 94 88 61 26 18 15 16 16 15 14 15 16 17 18 18 19 20 20 20 20 20 20 19 20 20 20 20 21 21 22 22 22 23 23 25 25 26 26 27
-3.4e+38 -3.4e+38 -3.4e+38 -3.4e+38 -3.4e+38 -3.4e+38 -3.4e+38 -3.4e+38 -3.4e+38 -3.4e+38 -3.4e+38 -3.4e+38 -3.4e+38 -3.4e+38 -3.4e+38 -3.4e+38 -3.4e+38 -3.4e+38 -3.4e+38 -3.4e+38 -3.4e+38 -3.4e+38 -3.4e+38 -3.4e+38 -3.4e+38 -3.4e+38 -3.4e+38 7 8 8 9 8 9 12 17 23 27 33 32 29 31 35 42 57 73 81 89 93 97 96 92 75 37 23 22 19 21 20 16 16 16 17 18 18 18 20 20 20 20 19 19 20 20 20 20 20 20 20 22 22 23 23 23 23 25 26 26 26
