model/data/bioclim/bclim6.asc
NCOLS 300 
NROWS 300 
XLLCORNER -125.250000000003 
YLLCORNER 30.7499999999996 
CELLSIZE 0.041666666666667 
NODATA_value -32768 
[rows 0 to 38 of 300, columns 89 to 177 of 300]
-89 -88 -86 -88 -92 -92 -90 -85 -78 -74 -73 -70 -68 -73 -71 -65 -64 -64 -64 -64 -64 -64 -65 -66 -67 -66 -67 -68 -69 -71 -74 -76 -78 -77 -79 -78 -78 -79 -82 -84 -85 -84 -82 -80 -81 -82 -84 -85 -83 -82 -79 -80 -82 -82 -81 -80 -77 -77 -78 -78 -79 -82 -82 -80 -81 -82 -83 -85 -84 -85 -88 -87 -86 -85 -87 -93 -90 -88 -96 -100 -103 -106 -104 -98 -95 -91 -89 -88 -88
-88 -87 -85 -86 -89 -91 -86 -83 -80 -75 -70 -68 -67 -67 -69 -68 -64 -62 -63 -63 -65 -69 -68 -71 -72 -66 -66 -68 -71 -72 -73 -75 -76 -78 -79 -75 -76 -77 -79 -83 -86 -86 -86 -83 -81 -83 -84 -86 -86 -83 -83 -84 -84 -83 -82 -81 -79 -78 -77 -78 -81 -81 -79 -79 -80 -81 -83 -84 -84 -84 -86 -86 -85 -85 -86 -86 -85 -85 -89 -96 -106 -106 -102 -90 -87 -87 -87 -88 -88
-87 -87 -86 -85 -87 -87 -84 -81 -78 -74 -71 -68 -67 -65 -65 -65 -63 -62 -64 -68 -70 -75 -76 -76 -75 -68 -67 -70 -73 -71 -72 -73 -77 -80 -77 -75 -75 -75 -78 -83 -88 -85 -84 -80 -81 -83 -84 -85 -85 -84 -84 -84 -84 -85 -86 -84 -82 -79 -76 -77 -81 -83 -78 -78 -79 -80 -80 -81 -82 -82 -84 -84 -89 -88 -86 -90 -90 -89 -91 -95 -100 -100 -92 -86 -86 -88 -88 -89 -88
-87 -87 -86 -84 -84 -82 -81 -80 -76 -74 -71 -69 -68 -66 -66 -62 -62 -66 -73 -73 -77 -77 -79 -75 -71 -70 -70 -72 -73 -73 -74 -73 -77 -77 -76 -76 -74 -74 -79 -83 -84 -83 -81 -78 -79 -84 -84 -85 -84 -82 -82 -85 -85 -85 -84 -86 -88 -88 -80 -77 -81 -83 -80 -77 -77 -79 -81 -81 -82 -84 -83 -86 -99 -101 -95 -95 -104 -105 -102 -102 -100 -89 -86 -88 -87 -89 -90 -90 -88
-85 -84 -85 -87 -86 -85 -83 -80 -79 -77 -74 -72 -72 -71 -72 -66 -62 -70 -73 -73 -71 -67 -67 -72 -72 -71 -73 -76 -75 -73 -74 -72 -71 -73 -74 -73 -73 -73 -77 -83 -83 -81 -79 -77 -81 -85 -85 -85 -82 -80 -85 -85 -86 -86 -86 -86 -86 -88 -88 -83 -82 -86 -86 -80 -76 -77 -78 -80 -86 -88 -84 -87 -91 -100 -106 -101 -100 -99 -96 -88 -88 -88 -88 -88 -88 -89 -89 -92 -88
-83 -83 -86 -88 -89 -89 -89 -85 -82 -80 -76 -80 -85 -78 -77 -80 -78 -77 -64 -61 -58 -58 -59 -71 -73 -71 -76 -75 -74 -74 -72 -70 -69 -72 -73 -73 -74 -73 -81 -83 -83 -81 -77 -76 -83 -86 -85 -84 -80 -85 -86 -86 -86 -85 -85 -86 -87 -87 -87 -87 -85 -89 -91 -85 -77 -77 -77 -78 -79 -84 -88 -91 -98 -103 -110 -107 -101 -100 -90 -86 -84 -86 -88 -90 -88 -88 -87 -86 -85
-82 -82 -86 -90 -95 -96 -95 -90 -87 -82 -78 -79 -85 -84 -84 -86 -91 -90 -57 -55 -55 -57 -63 -72 -73 -74 -75 -74 -75 -73 -70 -70 -70 -70 -70 -70 -71 -79 -84 -83 -81 -80 -78 -77 -87 -87 -85 -81 -85 -87 -85 -86 -85 -84 -84 -85 -86 -86 -87 -87 -85 -86 -90 -86 -74 -77 -79 -80 -82 -85 -91 -97 -101 -105 -106 -110 -107 -93 -86 -85 -94 -98 -93 -90 -89 -87 -87 -86 -84
-84 -82 -86 -94 -100 -99 -95 -90 -87 -82 -78 -78 -82 -87 -87 -90 -94 -74 -54 -54 -55 -56 -63 -73 -67 -72 -75 -72 -74 -74 -71 -72 -71 -70 -70 -70 -71 -82 -90 -82 -80 -80 -78 -81 -86 -86 -81 -80 -85 -85 -84 -85 -85 -84 -84 -85 -83 -83 -83 -84 -88 -87 -90 -82 -73 -76 -81 -86 -90 -90 -90 -98 -107 -110 -112 -115 -95 -83 -83 -84 -103 -106 -100 -94 -90 -87 -86 -86 -85
-83 -82 -84 -90 -95 -92 -91 -89 -86 -81 -79 -79 -81 -84 -88 -90 -93 -61 -54 -54 -55 -56 -61 -70 -77 -69 -69 -71 -73 -72 -72 -73 -74 -72 -71 -71 -72 -78 -82 -80 -80 -79 -82 -82 -83 -81 -79 -77 -79 -83 -85 -84 -83 -80 -81 -83 -84 -84 -81 -82 -86 -89 -89 -75 -72 -78 -84 -93 -100 -100 -98 -100 -106 -113 -114 -97 -80 -85 -86 -87 -97 -103 -101 -95 -89 -85 -84 -85 -85
-84 -83 -83 -86 -91 -90 -89 -87 -84 -81 -79 -78 -81 -84 -87 -91 -96 -67 -56 -55 -55 -57 -59 -63 -72 -73 -68 -70 -72 -71 -71 -72 -73 -71 -72 -71 -71 -79 -79 -79 -79 -80 -82 -80 -79 -77 -76 -75 -74 -81 -82 -81 -79 -77 -78 -79 -79 -81 -81 -80 -82 -87 -86 -70 -71 -80 -89 -97 -104 -110 -105 -105 -112 -116 -110 -80 -80 -84 -84 -95 -103 -103 -102 -95 -90 -86 -83 -83 -83
-84 -83 -83 -87 -89 -90 -88 -86 -82 -80 -79 -78 -79 -82 -86 -91 -96 -74 -57 -56 -56 -57 -59 -61 -69 -71 -70 -70 -71 -70 -68 -68 -70 -71 -72 -74 -73 -77 -77 -77 -78 -78 -79 -79 -74 -71 -72 -72 -73 -78 -79 -78 -77 -77 -76 -76 -78 -77 -77 -79 -83 -81 -82 -76 -74 -83 -92 -101 -107 -114 -113 -113 -117 -117 -85 -81 -78 -81 -91 -102 -104 -104 -102 -98 -92 -91 -86 -83 -82
-84 -83 -83 -87 -90 -89 -87 -86 -83 -81 -80 -80 -80 -81 -86 -91 -95 -82 -60 -57 -57 -57 -58 -59 -64 -63 -68 -74 -72 -70 -67 -63 -65 -67 -69 -74 -77 -78 -75 -73 -73 -73 -75 -75 -71 -70 -70 -70 -75 -77 -77 -77 -76 -76 -76 -76 -76 -77 -75 -76 -78 -76 -83 -89 -80 -87 -100 -106 -114 -119 -126 -123 -124 -94 -80 -82 -78 -80 -84 -86 -87 -87 -91 -90 -87 -87 -85 -82 -81
-86 -84 -84 -85 -87 -87 -86 -85 -83 -82 -82 -81 -81 -82 -86 -88 -92 -93 -74 -65 -59 -59 -60 -59 -60 -60 -61 -74 -73 -70 -65 -62 -63 -63 -71 -76 -76 -75 -71 -69 -70 -70 -71 -70 -68 -69 -69 -70 -76 -76 -76 -76 -75 -74 -74 -74 -74 -74 -74 -75 -75 -78 -85 -91 -87 -86 -99 -110 -117 -123 -131 -131 -113 -81 -80 -88 -87 -75 -84 -86 -84 -81 -80 -80 -82 -83 -83 -81 -80
-88 -87 -87 -86 -86 -86 -86 -85 -84 -84 -83 -82 -82 -84 -85 -87 -90 -95 -94 -92 -82 -83 -75 -65 -59 -59 -60 -73 -75 -68 -62 -62 -62 -72 -77 -75 -73 -69 -68 -68 -68 -68 -68 -68 -67 -68 -77 -80 -76 -76 -76 -76 -76 -75 -74 -73 -74 -74 -74 -74 -75 -81 -88 -92 -92 -88 -90 -105 -116 -121 -131 -136 -100 -79 -76 -82 -83 -77 -87 -87 -84 -82 -81 -79 -79 -79 -80 -79 -80
-88 -87 -90 -87 -86 -86 -87 -86 -85 -85 -85 -84 -86 -90 -89 -89 -93 -95 -97 -99 -94 -88 -73 -82 -65 -60 -60 -66 -75 -69 -62 -62 -65 -80 -77 -75 -72 -68 -68 -69 -68 -67 -66 -66 -67 -71 -87 -77 -77 -76 -76 -77 -77 -77 -77 -75 -73 -74 -74 -74 -74 -81 -91 -92 -91 -90 -88 -92 -102 -120 -132 -133 -94 -75 -74 -74 -79 -89 -87 -83 -80 -79 -80 -80 -79 -78 -78 -78 -79
-88 -87 -88 -87 -86 -86 -88 -89 -86 -85 -84 -84 -86 -91 -94 -89 -89 -94 -96 -95 -93 -83 -74 -85 -72 -62 -62 -62 -64 -68 -63 -62 -67 -80 -76 -74 -73 -71 -69 -70 -66 -66 -66 -66 -70 -82 -79 -76 -76 -77 -76 -77 -78 -77 -76 -73 -73 -73 -74 -74 -75 -75 -87 -92 -92 -94 -96 -96 -102 -112 -124 -113 -81 -73 -73 -73 -82 -87 -83 -80 -78 -77 -78 -79 -79 -78 -78 -78 -79
-86 -87 -87 -87 -86 -85 -87 -87 -86 -84 -83 -83 -84 -86 -89 -89 -90 -97 -102 -94 -87 -77 -72 -85 -79 -68 -65 -62 -62 -64 -65 -62 -74 -81 -80 -83 -83 -77 -72 -66 -65 -65 -65 -77 -82 -78 -78 -77 -76 -76 -76 -77 -75 -73 -73 -73 -73 -73 -74 -74 -75 -75 -84 -95 -95 -97 -100 -102 -106 -111 -105 -96 -74 -72 -73 -73 -80 -83 -80 -78 -76 -77 -77 -78 -79 -78 -77 -78 -80
-84 -85 -86 -86 -86 -85 -84 -84 -84 -84 -83 -81 -82 -82 -84 -95 -98 -95 -97 -89 -83 -79 -76 -77 -88 -79 -71 -70 -65 -62 -62 -74 -88 -84 -81 -82 -84 -78 -73 -65 -64 -65 -84 -101 -86 -82 -81 -78 -77 -76 -77 -76 -74 -73 -74 -75 -75 -75 -74 -75 -75 -75 -77 -94 -101 -101 -103 -110 -116 -106 -80 -82 -73 -72 -72 -73 -84 -82 -77 -76 -76 -76 -77 -80 -79 -78 -78 -79 -81
-83 -85 -86 -85 -85 -84 -83 -85 -86 -84 -83 -82 -81 -81 -86 -94 -98 -91 -88 -85 -81 -77 -76 -76 -84 -85 -74 -70 -69 -67 -63 -82 -89 -84 -78 -75 -76 -73 -68 -64 -64 -65 -89 -101 -94 -90 -84 -80 -77 -76 -75 -75 -75 -75 -76 -76 -77 -77 -76 -74 -75 -75 -76 -77 -93 -102 -108 -112 -116 -87 -74 -74 -72 -72 -73 -75 -77 -76 -76 -76 -76 -76 -77 -80 -81 -78 -79 -80 -84
-84 -85 -85 -84 -84 -84 -84 -85 -85 -85 -84 -82 -80 -80 -80 -82 -84 -86 -86 -91 -85 -78 -77 -81 -84 -91 -80 -73 -75 -75 -66 -84 -89 -83 -77 -75 -73 -71 -68 -63 -62 -70 -101 -95 -96 -87 -83 -81 -79 -76 -75 -77 -81 -82 -81 -79 -79 -81 -81 -79 -75 -76 -76 -77 -86 -91 -92 -101 -95 -79 -72 -72 -72 -72 -73 -77 -76 -76 -76 -76 -77 -78 -79 -82 -84 -80 -83 -83 -83
-85 -86 -87 -86 -84 -85 -85 -86 -87 -87 -85 -83 -80 -78 -78 -78 -79 -80 -84 -91 -88 -81 -81 -85 -93 -93 -85 -80 -81 -72 -75 -96 -91 -85 -82 -77 -74 -73 -71 -63 -63 -84 -102 -84 -84 -83 -82 -81 -81 -76 -79 -83 -95 -96 -85 -84 -84 -84 -82 -82 -76 -76 -77 -77 -86 -87 -85 -92 -93 -78 -71 -72 -72 -76 -81 -81 -78 -76 -77 -77 -79 -80 -82 -83 -85 -87 -91 -92 -85
-81 -83 -86 -86 -87 -87 -87 -87 -86 -85 -85 -83 -80 -79 -78 -77 -81 -81 -82 -88 -95 -90 -84 -85 -90 -88 -84 -77 -78 -72 -77 -91 -94 -94 -85 -78 -76 -75 -75 -65 -63 -71 -83 -83 -83 -83 -83 -83 -81 -77 -82 -84 -92 -99 -95 -86 -84 -84 -82 -83 -81 -77 -77 -79 -89 -88 -91 -99 -90 -73 -71 -72 -75 -81 -87 -84 -80 -78 -78 -79 -81 -84 -91 -93 -94 -93 -92 -104 -94
-79 -79 -82 -84 -86 -87 -88 -87 -85 -84 -84 -83 -81 -80 -79 -83 -84 -83 -82 -85 -91 -93 -89 -83 -85 -81 -76 -73 -73 -73 -81 -89 -96 -101 -91 -81 -78 -79 -82 -75 -63 -61 -72 -82 -83 -83 -84 -84 -80 -79 -84 -86 -93 -95 -90 -86 -85 -86 -84 -84 -81 -78 -77 -91 -100 -95 -95 -92 -83 -73 -72 -72 -76 -78 -88 -89 -83 -85 -80 -82 -85 -90 -99 -105 -107 -97 -96 -103 -105
-78 -77 -80 -82 -83 -85 -85 -85 -84 -84 -83 -85 -85 -82 -82 -85 -84 -87 -82 -78 -86 -93 -89 -81 -78 -77 -74 -73 -74 -78 -89 -93 -90 -90 -85 -79 -78 -81 -87 -83 -61 -62 -66 -77 -85 -83 -84 -83 -80 -78 -81 -83 -91 -88 -87 -85 -84 -85 -86 -85 -83 -83 -82 -95 -98 -98 -95 -85 -77 -73 -72 -74 -77 -77 -84 -94 -86 -86 -82 -88 -88 -95 -104 -112 -115 -96 -91 -93 -100
-76 -75 -79 -79 -81 -82 -84 -85 -83 -83 -82 -84 -84 -83 -83 -82 -83 -87 -81 -77 -79 -89 -88 -83 -78 -76 -74 -73 -77 -84 -83 -83 -84 -80 -79 -77 -77 -81 -87 -81 -61 -63 -67 -75 -85 -85 -85 -80 -78 -79 -80 -85 -92 -91 -88 -87 -85 -86 -87 -89 -88 -86 -91 -92 -93 -91 -98 -86 -82 -74 -73 -76 -78 -82 -84 -89 -84 -83 -85 -88 -90 -94 -104 -110 -114 -99 -93 -91 -90
-75 -75 -75 -77 -77 -78 -81 -82 -82 -82 -81 -81 -82 -83 -82 -82 -83 -85 -80 -78 -77 -78 -81 -78 -75 -75 -74 -73 -74 -81 -87 -88 -86 -82 -79 -77 -77 -77 -81 -64 -61 -64 -70 -74 -84 -87 -86 -83 -78 -79 -81 -86 -89 -91 -90 -90 -88 -88 -91 -92 -90 -93 -92 -91 -90 -87 -100 -97 -90 -80 -74 -74 -76 -84 -86 -86 -89 -92 -95 -95 -97 -102 -109 -112 -117 -110 -105 -94 -90
-73 -74 -76 -78 -77 -76 -77 -77 -79 -81 -82 -81 -82 -81 -82 -82 -83 -85 -79 -82 -79 -77 -79 -78 -76 -75 -74 -73 -73 -80 -90 -89 -85 -84 -81 -81 -80 -81 -74 -61 -61 -62 -66 -81 -86 -87 -85 -82 -78 -80 -84 -89 -91 -92 -93 -95 -96 -94 -93 -92 -98 -100 -95 -92 -89 -87 -96 -109 -97 -93 -77 -74 -75 -79 -85 -95 -102 -102 -112 -104 -103 -107 -110 -115 -119 -118 -121 -103 -92
-75 -74 -77 -78 -82 -80 -76 -75 -77 -80 -81 -80 -82 -82 -82 -84 -85 -83 -83 -85 -82 -83 -84 -79 -76 -75 -74 -74 -73 -78 -86 -91 -86 -79 -83 -82 -80 -80 -63 -62 -63 -64 -66 -78 -84 -86 -84 -80 -79 -80 -90 -91 -91 -93 -94 -96 -100 -103 -97 -94 -98 -101 -100 -92 -87 -87 -92 -110 -111 -116 -86 -75 -76 -80 -90 -102 -109 -109 -119 -114 -108 -110 -108 -111 -113 -116 -119 -106 -93
-74 -75 -74 -75 -80 -84 -78 -74 -76 -79 -79 -79 -80 -81 -82 -83 -84 -84 -85 -83 -85 -86 -87 -80 -76 -75 -75 -74 -73 -75 -88 -102 -90 -84 -86 -83 -80 -72 -69 -68 -68 -64 -67 -88 -90 -85 -83 -80 -79 -85 -94 -94 -93 -92 -94 -96 -98 -98 -99 -103 -100 -92 -90 -87 -90 -88 -89 -102 -108 -104 -80 -75 -76 -80 -90 -102 -109 -114 -121 -120 -110 -106 -102 -99 -99 -100 -102 -107 -99
-71 -72 -72 -73 -74 -80 -82 -74 -75 -76 -77 -79 -80 -79 -81 -83 -83 -83 -83 -85 -86 -80 -82 -79 -76 -76 -75 -74 -74 -74 -84 -96 -98 -95 -94 -83 -78 -74 -73 -79 -76 -65 -69 -94 -89 -85 -85 -80 -79 -88 -94 -93 -94 -94 -95 -95 -94 -95 -96 -100 -98 -93 -90 -85 -89 -83 -86 -98 -100 -94 -74 -75 -77 -87 -94 -98 -101 -116 -123 -126 -108 -100 -97 -95 -95 -99 -96 -97 -97
-70 -72 -72 -72 -72 -75 -76 -77 -76 -76 -76 -77 -78 -79 -80 -82 -82 -82 -84 -85 -86 -85 -83 -84 -82 -76 -75 -75 -74 -74 -85 -92 -103 -102 -93 -81 -76 -75 -75 -81 -88 -71 -69 -90 -89 -85 -89 -82 -80 -91 -96 -96 -98 -98 -97 -96 -94 -95 -98 -98 -97 -96 -90 -89 -84 -80 -85 -96 -93 -76 -74 -77 -82 -93 -108 -103 -107 -106 -113 -122 -109 -100 -98 -98 -99 -100 -100 -95 -94
-70 -71 -71 -71 -71 -72 -74 -75 -76 -77 -76 -76 -78 -78 -79 -80 -80 -82 -83 -84 -84 -84 -84 -84 -80 -76 -76 -75 -75 -76 -88 -100 -92 -99 -82 -77 -75 -77 -79 -81 -93 -80 -76 -85 -86 -87 -87 -83 -83 -91 -92 -96 -99 -100 -97 -94 -94 -97 -100 -100 -97 -94 -86 -81 -82 -79 -81 -88 -78 -81 -76 -86 -87 -95 -109 -105 -103 -97 -100 -100 -104 -103 -102 -104 -102 -100 -97 -95 -94
-68 -69 -69 -69 -69 -71 -73 -73 -74 -74 -75 -75 -76 -77 -78 -80 -80 -82 -82 -83 -83 -83 -83 -83 -79 -77 -76 -76 -75 -78 -93 -95 -80 -74 -73 -75 -76 -77 -81 -84 -92 -83 -84 -88 -84 -91 -88 -87 -88 -90 -93 -99 -101 -101 -96 -94 -95 -96 -95 -96 -95 -93 -85 -81 -79 -78 -77 -77 -83 -83 -82 -88 -92 -105 -114 -116 -100 -90 -87 -91 -102 -107 -106 -105 -104 -98 -95 -97 -97
-67 -67 -68 -68 -68 -69 -72 -74 -73 -74 -74 -75 -76 -78 -79 -80 -82 -82 -82 -82 -82 -82 -82 -82 -80 -78 -77 -76 -77 -79 -81 -94 -82 -70 -69 -72 -76 -80 -86 -88 -87 -83 -86 -89 -82 -94 -93 -90 -89 -89 -94 -103 -105 -100 -98 -97 -98 -98 -97 -95 -94 -95 -98 -93 -82 -78 -77 -77 -89 -88 -87 -85 -92 -104 -112 -113 -107 -93 -86 -87 -95 -103 -109 -108 -110 -99 -96 -98 -98
-66 -67 -67 -67 -67 -68 -71 -74 -73 -73 -74 -75 -77 -77 -79 -80 -83 -82 -82 -82 -82 -83 -83 -82 -81 -79 -77 -77 -80 -86 -83 -81 -78 -69 -69 -71 -76 -80 -86 -90 -87 -82 -85 -86 -82 -95 -94 -91 -89 -89 -91 -94 -98 -98 -99 -99 -98 -98 -95 -94 -94 -94 -101 -101 -86 -79 -77 -78 -98 -111 -98 -84 -86 -96 -108 -107 -107 -93 -87 -87 -88 -108 -112 -110 -105 -98 -95 -95 -92
-65 -65 -66 -66 -67 -68 -70 -71 -72 -74 -74 -75 -76 -78 -79 -81 -82 -81 -82 -83 -83 -83 -83 -83 -81 -79 -78 -77 -80 -87 -87 -88 -75 -69 -68 -70 -79 -84 -85 -88 -82 -80 -82 -81 -87 -95 -92 -90 -91 -90 -94 -95 -96 -99 -99 -99 -101 -98 -95 -100 -96 -96 -101 -91 -83 -81 -82 -83 -101 -104 -96 -82 -82 -87 -97 -102 -103 -95 -87 -87 -86 -95 -110 -105 -103 -94 -93 -90 -83
-63 -64 -64 -65 -66 -67 -68 -69 -71 -73 -74 -76 -77 -79 -80 -80 -81 -82 -83 -84 -84 -84 -84 -83 -82 -80 -78 -77 -79 -88 -99 -88 -70 -68 -68 -71 -81 -85 -87 -87 -80 -80 -81 -87 -94 -91 -89 -89 -93 -91 -94 -95 -96 -100 -102 -101 -97 -96 -100 -103 -100 -103 -93 -82 -82 -89 -94 -98 -110 -113 -99 -80 -80 -83 -90 -98 -100 -98 -88 -86 -85 -87 -102 -99 -93 -89 -87 -82 -80
-69 -64 -64 -65 -66 -66 -67 -69 -71 -73 -75 -77 -78 -80 -80 -81 -82 -83 -83 -84 -84 -84 -84 -83 -83 -81 -79 -78 -80 -93 -101 -79 -69 -68 -68 -74 -80 -83 -89 -86 -80 -80 -85 -92 -91 -87 -86 -89 -95 -93 -93 -93 -96 -96 -99 -101 -101 -102 -101 -102 -99 -101 -87 -81 -87 -101 -108 -119 -119 -102 -90 -77 -78 -81 -88 -94 -95 -98 -90 -85 -84 -84 -91 -92 -89 -86 -81 -79 -79
-81 -75 -65 -65 -66 -67 -68 -69 -70 -72 -75 -77 -79 -80 -81 -82 -82 -83 -83 -84 -84 -85 -84 -84 -83 -82 -80 -78 -83 -92 -94 -76 -68 -67 -68 -75 -75 -80 -90 -89 -80 -81 -83 -88 -87 -85 -85 -88 -92 -93 -93 -95 -101 -100 -98 -99 -98 -99 -100 -105 -103 -98 -91 -86 -89 -106 -115 -123 -108 -102 -86 -76 -76 -78 -80 -84 -89 -93 -88 -84 -83 -82 -86 -99 -101 -84 -79 -78 -77
