model/data/bioclim/bclim11.asc
NCOLS 300 
NROWS 300 
XLLCORNER -125.25 
YLLCORNER 30.75 
CELLSIZE 0.0416666666666667 
NODATA_value -3.4e+38 
[rows 66 to 87 of 300, columns 49 to 97 of 300]
3.98266673088074 3.94400024414062 3.73333334922791 3.81533360481262 3.30600023269653 2.96200013160706 3.65333318710327 4.10799980163574 4.6473331451416 5.35400009155273 5.47200012207031 6.11600017547607 6.89333343505859 7.61600017547607 7.88666677474976 7.98866653442383 8.1366662979126 8.26933288574219 8.20666694641113 8.19733333587646 8.25399971008301 8.2093334197998 8.13333320617676 8.11066627502441 8.16933345794678 8.07666683197021 7.80466651916504 7.49399995803833 6.95799970626831 6.42266654968262 5.86466693878174 5.3473334312439 5.0406665802002 4.26133346557617 3.32933330535889 2.63599967956543 1.8953332901001 1.13999998569489 -0.0953332558274269 -1.73600006103516 -3.01800012588501 -2.99866676330566 -2.36266660690308 -1.84333336353302 -1.84133338928223 -1.96799993515015 -2.28866672515869 -2.48666667938232 -2.44933342933655
3.62666654586792 3.83133339881897 3.7313334941864 3.54933333396912 3.08266663551331 3.23666667938232 4.22333335876465 5.2093334197998 5.98933362960815 6.68000030517578 6.94000005722046 7.2480001449585 7.75 8.07333374023438 8.11266708374023 8.20666694641113 8.17666625976562 8.23200035095215 8.19733333587646 8.1986665725708 8.24266624450684 8.20666694641113 8.11066627502441 8.01200008392334 8.04533290863037 8.07533359527588 7.86866664886475 7.66199970245361 7.53333330154419 7.44600009918213 7.16600036621094 6.77466678619385 6.21266651153564 4.99733352661133 3.84000015258789 2.96133327484131 1.88733327388763 0.921999931335449 -0.414000034332275 -1.80933332443237 -1.72866666316986 -1.93800008296967 -1.75733327865601 -1.34266674518585 -1.00133335590363 -1.44133341312408 -1.72733318805695 -1.91599988937378 -1.89399993419647
3.28600001335144 2.83866667747498 3.25933337211609 3.41266679763794 3.31866645812988 4.08599996566772 4.87400007247925 5.72800016403198 6.12733316421509 6.99600028991699 7.59333324432373 7.7039999961853 7.96133327484131 8.19200038909912 8.3013334274292 8.34200000762939 8.21533393859863 8.15933322906494 8.17199993133545 8.19600009918213 8.24199962615967 8.23066711425781 8.17000007629395 8.0853328704834 8.08933353424072 8.15266704559326 8.13000011444092 8.11400032043457 7.85933351516724 7.38600015640259 6.98733329772949 6.70466661453247 6.37800025939941 5.5406665802002 3.96533346176147 2.63666677474976 1.6433333158493 0.799333274364471 -0.0793332234025002 -0.509999990463257 -0.402666717767715 -0.616000115871429 -0.799333393573761 -0.85533332824707 -0.664666652679443 -0.56466668844223 -0.628000020980835 -0.970666646957397 -1.16466665267944
3.06599998474121 2.56799983978271 2.95266652107239 3.0973334312439 3.76133346557617 4.65333318710327 5.13600015640259 5.94266700744629 6.89133358001709 7.52333354949951 7.66266679763794 7.9520001411438 8.0513334274292 8.25533294677734 8.38133335113525 8.35533332824707 8.34466648101807 8.29866695404053 8.17133331298828 8.12066650390625 8.1366662979126 8.14666652679443 8.16533279418945 8.15999984741211 8.24333381652832 8.22533321380615 8.37599945068359 8.21933364868164 7.71000003814697 6.96866655349731 6.4026665687561 6.42733335494995 6.1419997215271 5.63000011444092 4.73466682434082 3.73533320426941 2.35999989509583 1.1066666841507 0.544666767120361 0.403333276510239 0.256666749715805 -0.0893333777785301 -0.419999986886978 -0.614000022411346 -0.641333162784576 -0.512000024318695 -0.40666675567627 -0.347333431243896 -0.605999946594238
3.48066663742065 2.85733342170715 2.95466661453247 2.86600017547607 3.60800004005432 4.5053334236145 5.29266691207886 5.4573335647583 6.09600019454956 7.07933330535889 7.40333318710327 7.80200004577637 7.98466682434082 8.17533302307129 8.25733375549316 8.36999988555908 8.41199970245361 8.32400035858154 8.15200042724609 8.10533332824707 8.1646671295166 8.18599987030029 8.17866706848145 8.32533359527588 8.29399967193604 8.25066661834717 8.16066646575928 7.96533346176147 7.58466672897339 7.16333341598511 6.80933332443237 6.43200016021729 5.94533348083496 5.22866678237915 4.33400011062622 3.41200017929077 2.06933331489563 0.777999877929688 0.431333303451538 0.685333430767059 0.313333362340927 -0.0439999103546143 -0.0486667156219482 -0.301333278417587 -0.525999963283539 -0.395999997854233 -0.184666708111763 -0.00466656684875488 0.0233333110809326
3.63133335113525 3.30800008773804 3.30866670608521 2.88533329963684 2.63533329963684 3.35599994659424 4.45599985122681 4.54133319854736 5.4466667175293 6.6013331413269 7.22866678237915 7.72599983215332 7.88533306121826 8.22533321380615 8.33800029754639 8.27200031280518 8.23799991607666 8.12800025939941 8.03999996185303 8.14599990844727 8.26133346557617 8.29599952697754 8.33266639709473 8.38266658782959 8.31400012969971 8.23133277893066 7.9520001411438 7.75133323669434 7.48333311080933 7.20466661453247 6.90933322906494 6.46533346176147 6.08199977874756 5.52199983596802 4.60933351516724 3.66266655921936 2.46599984169006 1.38000011444092 0.757333338260651 1.08799993991852 0.429333209991455 0.289333432912827 0.30799999833107 0.0426666736602783 -0.118666648864746 -0.159333392977715 -0.048000019043684 0.523333370685577 0.916666686534882
3.68200016021729 3.48666667938232 3.4246666431427 3.2039999961853 2.77266669273376 2.63866662979126 3.08866667747498 3.33799982070923 4.6046667098999 5.8600001335144 7.01199960708618 7.5479998588562 7.87733364105225 7.97799968719482 8.11400032043457 8.19933319091797 8.13933372497559 8.01999950408936 8.12800025939941 8.31066703796387 8.40133285522461 8.41933345794678 8.4379997253418 8.40999984741211 8.39266681671143 8.4573335647583 8.25266647338867 8.16466617584229 7.92733335494995 7.78466653823853 7.47933340072632 7.06333303451538 6.76266670227051 5.95266675949097 4.5886664390564 3.68066668510437 3.07200002670288 2.81599998474121 2.16000008583069 1.23133337497711 0.783333301544189 0.849999964237213 0.335333436727524 -0.298666626214981 -0.543999969959259 -0.21399998664856 -0.0886666774749756 0.258666515350342 0.808000087738037
4.03000020980835 3.5019998550415 3.50133347511292 3.11666655540466 2.46533346176147 1.36133337020874 1.52733325958252 2.72200012207031 3.91799998283386 5.51000022888184 6.51200008392334 7.12533330917358 7.57399988174438 7.74399995803833 7.91666650772095 8.11533355712891 8.1366662979126 8.25466632843018 8.40533351898193 8.48866653442383 8.50133323669434 8.48533344268799 8.49600028991699 8.50333309173584 8.33800029754639 8.44066619873047 8.4573335647583 8.23866653442383 7.98333311080933 7.68200016021729 7.39466667175293 6.93466663360596 6.47799968719482 6.38533353805542 5.94733333587646 5.26866674423218 4.78000020980835 3.87400007247925 2.93600010871887 2.34599995613098 1.93866670131683 0.836666524410248 0.114666700363159 -0.475999981164932 -0.488666623830795 -0.0286664962768555 0.147333309054375 0.171333238482475 0.431333392858505
4.17133331298828 3.64733338356018 3.10866665840149 2.69066667556763 2.43333339691162 2.16599988937378 3.01466679573059 3.44533324241638 3.44866681098938 3.67866659164429 5.27533340454102 6.81666660308838 7.42533302307129 7.68200016021729 7.84333324432373 8.1133337020874 8.31866645812988 8.40266704559326 8.43866634368896 8.47266674041748 8.46599960327148 8.46533298492432 8.49199962615967 8.47333335876465 8.30599975585938 8.30799961090088 8.42599964141846 8.42266654968262 8.12533378601074 7.80933332443237 7.51000022888184 7.2519998550415 7.37666654586792 6.84533309936523 6.010666847229 5.15799999237061 4.45800018310547 4.39400005340576 3.35533332824707 2.55466675758362 1.46733331680298 0.693333327770233 0.0219999942928553 -0.563333332538605 -0.508000075817108 -0.0433333702385426 0.430000066757202 0.308000087738037 0.648666620254517
4.03200006484985 3.40199995040894 2.71266651153564 2.06733345985413 2.04200005531311 2.03066658973694 2.83799982070923 3.46066665649414 4.06799983978271 4.29733324050903 4.79933309555054 5.53399991989136 6.82866668701172 7.41066646575928 7.9026665687561 8.10999965667725 8.31933307647705 8.39599990844727 8.39133358001709 8.41933345794678 8.510666847229 8.56133365631104 8.53866672515869 8.43400001525879 8.29399967193604 8.26933288574219 8.27999973297119 8.46000003814697 8.38733386993408 8.09533309936523 7.92600011825562 7.84666681289673 7.70266675949097 7.0493335723877 6.34600019454956 5.68066644668579 5.5973334312439 4.78466653823853 3.34666681289673 2.56200003623962 1.80066657066345 1.04466664791107 0.318666607141495 -0.462000042200089 -0.68533331155777 -0.268666505813599 0.189333364367485 0.897999823093414 0.849999964237213
4.05933332443237 3.32266664505005 2.78133320808411 2.42733335494995 1.59200000762939 1.39800000190735 2.22133326530457 2.22333335876465 2.39266681671143 3.06400012969971 3.50200009346008 3.82466673851013 5.66933345794678 7.31866693496704 7.84866666793823 7.98199987411499 8.24733352661133 8.3866662979126 8.38000011444092 8.44799995422363 8.56333351135254 8.60799980163574 8.51133346557617 8.36600017547607 8.27466678619385 8.27266693115234 8.23733329772949 8.31799983978271 8.44266605377197 8.30066680908203 8.19933319091797 8.05266666412354 7.80000019073486 7.30200004577637 6.95599985122681 6.15799999237061 5.47733306884766 4.50666666030884 3.5053334236145 2.30666661262512 1.67133319377899 1.05399990081787 0.306666612625122 -0.502000033855438 -0.736000001430511 -0.462666600942612 0.592000007629395 1.56200003623962 2.01399993896484
4.50133323669434 3.26866674423218 3.43466663360596 3.01800012588501 2.46266674995422 1.40933334827423 1.20533335208893 1.80733335018158 1.1139999628067 2.23133325576782 2.51666665077209 3.24600005149841 4.88000011444092 6.68066692352295 7.71666669845581 8.08199977874756 8.3013334274292 8.47666645050049 8.53800010681152 8.55599975585938 8.56599998474121 8.57400035858154 8.46733379364014 8.34333324432373 8.29133319854736 8.30066680908203 8.30666637420654 8.33800029754639 8.43466663360596 8.49866676330566 8.38266658782959 8.24666690826416 8.03333282470703 7.51933336257935 6.59200000762939 5.24266672134399 4.94933319091797 4.80200004577637 3.83733320236206 2.99733328819275 2.03066682815552 1.24133336544037 0.39999994635582 -0.130000039935112 -0.0999999046325684 0.565333366394043 2.10066676139832 2.72266674041748 1.77333319187164
4.48799991607666 3.621333360672 3.7279999256134 3.84333324432373 3.5493335723877 2.11666655540466 1.66066670417786 2.85933351516724 3.00333333015442 2.98000001907349 2.1966667175293 2.68266677856445 4.47733354568481 6.25066661834717 7.67133331298828 8.18133354187012 8.38933372497559 8.45866680145264 8.53866672515869 8.55200004577637 8.53066635131836 8.52666664123535 8.43733310699463 8.34266662597656 8.3033332824707 8.34333324432373 8.35866641998291 8.35133361816406 8.42466640472412 8.47466659545898 8.56066703796387 8.40666675567627 8.19733333587646 7.53866672515869 6.69266653060913 5.66266679763794 5.31599998474121 5.12599992752075 4.62066650390625 3.71066665649414 3.04399991035461 1.96266674995422 1.11800014972687 0.904666662216187 0.881333291530609 1.6653333902359 3.22666668891907 1.09066689014435 0.14866678416729
4.8953332901001 4.13533353805542 2.90799999237061 3.15399980545044 4.4593334197998 3.86266660690308 2.74733328819275 3.38066649436951 3.86600017547607 2.97733330726624 2.28333330154419 2.58866667747498 4.52333307266235 6.15199995040894 7.8439998626709 8.30466651916504 8.42666721343994 8.4680004119873 8.52333354949951 8.51133346557617 8.49266624450684 8.47200012207031 8.39933300018311 8.33333301544189 8.29399967193604 8.32666683197021 8.33266639709473 8.27333354949951 8.32999992370605 8.43866634368896 8.46000003814697 8.3886661529541 8.18266677856445 7.87199974060059 7.25600004196167 6.25400018692017 6.14133310317993 5.51533317565918 5.36266660690308 4.30000019073486 4.01599979400635 2.86399984359741 2.34933352470398 2.13733339309692 2.65199995040894 3.96799993515015 2.99333333969116 0.736000061035156 -0.23066671192646
5.09600019454956 5.17266654968262 4.77866649627686 4.63933324813843 5.23600006103516 3.73266673088074 2.47933340072632 3.60199999809265 4.22466659545898 3.871333360672 4.18133354187012 4.37866640090942 4.94199991226196 6.64666652679443 8.12533283233643 8.44200038909912 8.48400020599365 8.51466655731201 8.53999996185303 8.49333381652832 8.46066665649414 8.46866703033447 8.4553337097168 8.41933345794678 8.33733367919922 8.32333278656006 8.34000015258789 8.28866672515869 8.29800033569336 8.31533336639404 8.24466705322266 8.23733329772949 8.26533317565918 8.03800010681152 7.64799976348877 7.13199996948242 7.22533321380615 6.22933340072632 5.67666673660278 5.18733310699463 4.91333341598511 4.07466650009155 3.16333341598511 3.16599988937378 4.32133340835571 3.26400017738342 2.16933345794678 1.10199999809265 0.663333237171173
6.05533313751221 6.08533334732056 5.3973331451416 5.78933334350586 4.8066668510437 2.94000005722046 2.4593334197998 3.58933353424072 4.06800031661987 4.16600036621094 4.4946665763855 5.02533340454102 6.03399991989136 7.60799980163574 8.25333309173584 8.45800018310547 8.42133331298828 8.60133361816406 8.63000011444092 8.47733306884766 8.40933322906494 8.48999977111816 8.55200004577637 8.54333305358887 8.45333290100098 8.35733318328857 8.34066677093506 8.27933311462402 8.23400020599365 8.18733310699463 8.14400005340576 8.15133380889893 8.23733329772949 8.22399997711182 8.03466701507568 7.81666660308838 7.44199991226196 7.31466674804688 6.27199983596802 6.08933353424072 5.58200025558472 4.44799995422363 4.4486665725708 5.12266683578491 4.0973334312439 2.75866675376892 1.76399993896484 1.1193333864212 0.736000001430511
6.25799989700317 6.260666847229 5.87466669082642 5.86199998855591 5.32999992370605 4.60333347320557 3.59999990463257 4.10400009155273 4.52466678619385 4.60399961471558 4.03333330154419 4.25133323669434 4.81933355331421 6.3439998626709 7.71466636657715 8.27733325958252 8.36600017547607 8.56799983978271 8.66266632080078 8.41800022125244 8.23600006103516 8.42399978637695 8.58333396911621 8.56400012969971 8.46399974822998 8.28933334350586 8.23600006103516 8.23466682434082 8.21466636657715 8.18400001525879 8.17733383178711 8.14866733551025 8.21399974822998 8.35733318328857 8.34866714477539 8.16199970245361 7.9026665687561 7.94066667556763 7.08933353424072 6.6560001373291 6.04666662216187 5.58733320236206 5.99866676330566 4.84200000762939 3.49066662788391 2.84400010108948 2.59533333778381 1.98199999332428 1.55933332443237
6.23733329772949 6.010666847229 5.35666656494141 4.96133327484131 5.35199975967407 5.24333333969116 4.06133317947388 2.7226665019989 3.49399995803833 4.83200025558472 5.43200016021729 5.48866653442383 4.78599977493286 5.52999973297119 6.86466646194458 7.98533344268799 8.2519998550415 8.44400024414062 8.61733341217041 8.44600009918213 8.26933288574219 8.45266628265381 8.46066665649414 8.40466690063477 8.36933326721191 8.28333377838135 8.23400020599365 8.25333309173584 8.23466682434082 8.15399932861328 8.16400051116943 8.23133373260498 8.36733341217041 8.49066638946533 8.49533367156982 8.37066650390625 8.21733379364014 8.1026668548584 7.56799983978271 7.33933353424072 6.92066669464111 6.50799989700317 5.81800031661987 5.05066680908203 5.2073335647583 4.39933347702026 4.11399984359741 3.37933325767517 3.65733337402344
6.16933345794678 5.95266675949097 5.60733366012573 4.96533346176147 4.11333322525024 4.45266675949097 4.86733341217041 2.79666662216187 1.72599995136261 3.14400005340576 4.94533348083496 6.21000003814697 6.1560001373291 6.0546669960022 6.81866645812988 7.96799993515015 8.14466667175293 8.41066646575928 8.66666698455811 8.62466621398926 8.62933349609375 8.60599994659424 8.41733360290527 8.29800033569336 8.35200023651123 8.31466674804688 8.26000022888184 8.24533367156982 8.20266628265381 8.14400005340576 8.12466621398926 8.1646671295166 8.32600021362305 8.45866680145264 8.50800037384033 8.47933292388916 8.37199974060059 8.18599987030029 8.14466667175293 8.02333354949951 7.5373330116272 7.32933330535889 6.71799993515015 6.36866664886475 6.10533332824707 5.48600006103516 5.34200000762939 4.76666688919067 3.97599983215332
6.02266645431519 6.24733352661133 6.05800008773804 5.40199995040894 4.94133329391479 3.6713330745697 4.49133348464966 3.76066660881042 2.00999999046326 2.48000001907349 4.07533311843872 5.7006664276123 6.27866649627686 6.87666654586792 7.48600006103516 8.21000003814697 8.24600028991699 8.37066650390625 8.43400001525879 8.66933345794678 8.75066661834717 8.60599994659424 8.41599941253662 8.27600002288818 8.27533340454102 8.25800037384033 8.2180004119873 8.19466686248779 8.18133354187012 8.15999984741211 8.17466640472412 8.20800018310547 8.24066638946533 8.28266716003418 8.47000026702881 8.65466690063477 8.61866664886475 8.61933326721191 8.64933300018311 8.44466686248779 8.17799949645996 7.88933324813843 7.15866661071777 6.88466691970825 5.99066686630249 5.38266658782959 5.6526665687561 4.51933336257935 3.62000012397766
5.77666664123535 5.996666431427 5.88333320617676 5.38733339309692 4.91200017929077 3.44400000572205 3.75600004196167 4.09466648101807 2.9060001373291 2.7960000038147 3.78933334350586 4.52400016784668 5.4573335647583 6.58933353424072 7.61333322525024 8.16933345794678 8.16066646575928 8.14599990844727 8.49200057983398 8.70600032806396 8.72866630554199 8.64999961853027 8.48999977111816 8.30933284759521 8.25399971008301 8.23333358764648 8.21066665649414 8.21466636657715 8.21333312988281 8.25733280181885 8.25466632843018 8.30866622924805 8.30399990081787 8.26266670227051 8.38066673278809 8.5959997177124 8.68400001525879 8.74466705322266 8.76799964904785 8.49666690826416 8.18733310699463 7.76333332061768 7.22800016403198 6.6593337059021 6.16599988937378 6.34133338928223 6.49066638946533 4.97466659545898 4.02133369445801
5.68400001525879 5.73799991607666 6.09533357620239 5.75733327865601 5.04933309555054 2.99466681480408 2.1159999370575 3.34800004959106 3.94933342933655 3.32066679000854 3.45666670799255 3.84066653251648 5.06666660308838 6.13666677474976 7.54333305358887 7.88733339309692 7.88866662979126 8.1879997253418 8.56733322143555 8.70399951934814 8.69066715240479 8.64066696166992 8.50666618347168 8.34200000762939 8.25066661834717 8.21199989318848 8.27466678619385 8.32600021362305 8.35333347320557 8.29800033569336 8.29800033569336 8.46533298492432 8.49199962615967 8.45133399963379 8.53000068664551 8.60666656494141 8.61133289337158 8.67199993133545 8.64200019836426 8.35666656494141 8.12733364105225 8.18866634368896 7.77333354949951 7.22533321380615 7.20666694641113 7.32200002670288 6.55600023269653 5.39266633987427 4.57533359527588
