model/data/bioclim/bclim3.asc
NCOLS 300 
NROWS 300 
XLLCORNER -125.25 
YLLCORNER 30.75 
CELLSIZE 0.0416666666666667 
NODATA_value -3.4e+38 
[rows 22 to 43 of 300, columns 147 to 195 of 300]
43.1464767456055 43.291675567627 43.4475746154785 43.6733207702637 43.4494209289551 41.7921524047852 40.5883255004883 41.3034744262695 41.6273803710938 42.5562973022461 43.5691566467285 44.1580123901367 44.2895164489746 44.1677131652832 43.889533996582 43.8826217651367 43.4654541015625 43.068733215332 43.0766220092773 43.35009765625 43.4907302856445 43.398853302002 43.3670043945312 43.3547134399414 42.5244407653809 41.8199729919434 41.6038589477539 42.379093170166 42.8929634094238 42.7044792175293 42.6445236206055 43.3002243041992 43.493408203125 43.0240707397461 42.5736846923828 42.614875793457 43.2266464233398 43.4421272277832 43.5826416015625 43.552791595459 43.6040573120117 43.5715522766113 43.5092582702637 43.5217819213867 43.4598159790039 43.1185493469238 42.7367095947266 42.5697593688965 42.2306671142578
42.9059257507324 42.931812286377 43.0001831054688 43.1613349914551 42.7820816040039 41.0275382995605 40.6447525024414 40.9990425109863 41.6495056152344 43.0087547302246 43.7548675537109 44.0885353088379 44.2301712036133 44.0126647949219 43.7669372558594 43.7646789550781 43.3842163085938 42.8054237365723 43.2767677307129 43.6481666564941 43.5303077697754 43.3026161193848 43.3540802001953 43.0476531982422 42.0774116516113 41.1446838378906 40.6566543579102 42.1979904174805 43.1500778198242 43.5297393798828 43.1698837280273 43.332633972168 43.493091583252 43.130069732666 42.5561332702637 42.2697372436523 42.7749481201172 42.9262542724609 43.0968475341797 43.1614112854004 43.2297782897949 43.2654685974121 43.2053451538086 43.211555480957 43.2484245300293 43.0644378662109 42.7502861022949 42.553337097168 42.2456817626953
42.6907081604004 42.462646484375 42.4666519165039 42.5716972351074 41.6991844177246 41.1693878173828 41.2978363037109 41.7441864013672 41.2407264709473 42.5147933959961 43.2851066589355 43.9122734069824 44.1534004211426 44.1925048828125 43.9237022399902 43.4991836547852 43.105110168457 42.9390830993652 43.2979888916016 43.425365447998 43.2567481994629 43.2488327026367 43.1922225952148 42.8500175476074 42.0585556030273 41.2947196960449 40.5838966369629 41.9972534179688 42.8201904296875 43.4104919433594 43.6884689331055 43.684944152832 43.6689682006836 43.2775001525879 42.5225715637207 41.9095573425293 42.0875968933105 42.2186813354492 42.373779296875 42.3826484680176 42.4824295043945 42.609317779541 42.733642578125 42.7613105773926 42.8347091674805 42.8146018981934 42.6670875549316 42.3964996337891 42.1274566650391
42.2343978881836 41.9834861755371 42.1082878112793 41.5778999328613 41.4043884277344 41.3183441162109 41.5520057678223 41.937370300293 40.9374046325684 41.1613540649414 42.2604293823242 43.2906875610352 43.8209342956543 44.4096603393555 44.3262214660645 43.5372123718262 43.0637969970703 42.9184646606445 42.7328758239746 42.4321517944336 42.1706581115723 42.4538154602051 42.5070877075195 41.9784889221191 41.3296546936035 40.7132682800293 40.0546569824219 40.8345756530762 41.4125823974609 42.5618476867676 43.2620658874512 43.6931953430176 43.7466316223145 43.1168174743652 42.2527656555176 41.8577995300293 41.4246559143066 41.4717674255371 41.5950698852539 41.5839500427246 41.6657562255859 41.9281311035156 42.2132453918457 42.3526763916016 42.5017776489258 42.5554389953613 42.4610290527344 42.1701469421387 41.975341796875
41.4264945983887 41.6363983154297 41.1874351501465 40.8562088012695 41.0015525817871 41.0894241333008 41.4321670532227 41.802001953125 41.0739212036133 39.5236358642578 41.0243110656738 41.7358360290527 43.2401885986328 44.1191482543945 44.2944068908691 43.7475852966309 42.9375648498535 42.0961418151855 41.454345703125 41.1047096252441 40.1974716186523 41.2758178710938 41.7888793945312 41.4283828735352 40.9955062866211 40.2351493835449 39.7889976501465 39.7252464294434 39.5973358154297 41.530403137207 42.8987464904785 43.5381164550781 43.7059783935547 43.2866287231445 42.3611106872559 42.1468849182129 40.9471702575684 40.6949653625488 40.6889610290527 40.6936111450195 40.526180267334 41.0184898376465 41.7290458679199 42.0890617370605 42.2414093017578 42.3230819702148 42.2831993103027 42.0975799560547 41.8980751037598
40.2825889587402 40.8749580383301 40.7168350219727 40.4962463378906 40.5194435119629 41.1882247924805 41.5496864318848 41.8335456848145 41.5517311096191 39.5169448852539 38.9523277282715 38.6453094482422 42.0689582824707 43.6474990844727 43.8963813781738 43.5188102722168 42.7180671691895 41.5360374450684 40.3468284606934 39.8006896972656 38.7340431213379 39.7193222045898 40.8017311096191 40.9780807495117 41.1666488647461 41.0165596008301 40.8368797302246 40.535457611084 40.1904983520508 41.4874458312988 42.8176689147949 43.4922485351562 43.7417945861816 43.478443145752 42.9864501953125 42.4519119262695 41.0077209472656 40.1143264770508 40.1432037353516 40.1481475830078 40.0652847290039 40.6254501342773 41.4009017944336 41.7687110900879 42.0217742919922 42.2118873596191 42.1815032958984 42.0655364990234 41.9248123168945
39.7600440979004 39.5289535522461 39.8455963134766 40.7922401428223 41.252628326416 41.6693305969238 41.4357604980469 41.8206405639648 41.858081817627 40.3801231384277 39.494800567627 40.2338981628418 42.87451171875 43.7208404541016 43.7757568359375 43.3486938476562 42.6499862670898 41.5360870361328 40.1352195739746 38.9331893920898 38.0040321350098 38.3270530700684 40.2032661437988 41.2494354248047 41.8592185974121 42.2642517089844 42.4346656799316 42.2614555358887 42.094783782959 41.8247413635254 42.4355964660645 43.5057754516602 43.9162292480469 43.6459083557129 43.2505302429199 42.6320610046387 41.6408958435059 40.4716911315918 40.0126533508301 40.1528358459473 40.1877517700195 40.4806900024414 40.9776268005371 41.3145027160645 41.7795104980469 42.0465888977051 42.0862426757812 41.9687881469727 41.7848358154297
39.9513359069824 39.7822494506836 40.18310546875 40.8418197631836 41.2780838012695 41.6940040588379 41.6819038391113 42.2539939880371 42.0282096862793 40.8057136535645 40.6638107299805 41.3513412475586 43.1423683166504 43.4986610412598 43.485897064209 42.7119903564453 41.8155746459961 41.3826904296875 40.6984367370605 38.9374008178711 37.6058654785156 37.3430786132812 40.1174583435059 41.6429634094238 42.1368980407715 42.3925094604492 42.5911445617676 42.446418762207 42.6674385070801 42.705696105957 42.899284362793 43.7934684753418 44.2576446533203 44.021484375 43.6265716552734 42.9843864440918 42.1643829345703 41.1205863952637 41.0763130187988 40.8163642883301 40.3515930175781 40.5215682983398 40.6166610717773 41.1330413818359 41.5651397705078 41.9092102050781 42.0850067138672 41.8677253723145 41.7428131103516
39.6830787658691 39.8661155700684 40.2043991088867 40.4591789245605 41.2250709533691 41.5364570617676 42.0081977844238 42.4273796081543 42.1221618652344 41.1838073730469 41.6367492675781 42.8140983581543 43.1659278869629 43.2118530273438 42.9295043945312 41.9902572631836 40.3038291931152 40.354606628418 39.7200775146484 39.7203598022461 39.1406745910645 38.3718070983887 39.9176940917969 41.3383979797363 41.7465057373047 41.8836441040039 41.9426383972168 41.9325561523438 42.1091041564941 42.6075553894043 42.8958473205566 43.728199005127 44.3471641540527 44.2687339782715 43.7960929870605 43.1745185852051 42.469596862793 41.9677467346191 41.711238861084 41.2722511291504 41.4081993103027 41.3195571899414 40.923755645752 41.0745124816895 41.4317588806152 41.8528709411621 42.092456817627 41.9543266296387 41.8126945495605
39.5559272766113 39.5516510009766 40.0417976379395 40.6152725219727 41.4065551757812 41.8571624755859 42.0993995666504 42.4308700561523 42.3177490234375 42.0022850036621 42.4371528625488 42.2859878540039 42.7571640014648 42.4636268615723 42.2698783874512 41.5989608764648 40.1324310302734 39.877872467041 40.0352325439453 40.8660774230957 40.809009552002 40.7961692810059 40.5618019104004 40.8263206481934 41.0145645141602 41.1669616699219 41.7294654846191 42.1569671630859 42.608081817627 42.8596267700195 43.0726509094238 43.5564994812012 43.9945297241211 44.1204566955566 43.7337837219238 43.1061973571777 42.3358726501465 41.6944885253906 41.5504264831543 40.7903480529785 41.048511505127 41.5075721740723 41.4207420349121 41.3443298339844 41.6031303405762 41.8481025695801 41.9432792663574 41.9138488769531 41.7899017333984
40.1793746948242 40.3615379333496 40.6503829956055 40.9866752624512 41.3033065795898 41.6371574401855 41.9700241088867 42.3568954467773 42.4561500549316 42.3005332946777 41.9804039001465 41.9558601379395 42.2297630310059 41.8495254516602 41.4791069030762 40.4364204406738 39.282398223877 38.6174659729004 40.0664367675781 41.3810920715332 41.9461402893066 41.8818664550781 40.9398345947266 40.3790245056152 40.3339996337891 40.7400207519531 41.3585052490234 42.194709777832 42.6427116394043 42.6852722167969 42.800838470459 43.1887283325195 43.8876571655273 44.0306243896484 43.4595794677734 42.7757186889648 41.7346649169922 40.5994415283203 40.6805686950684 40.4001350402832 40.1662368774414 40.5903549194336 40.9011459350586 40.4046401977539 40.9325866699219 41.5879402160645 41.8521690368652 41.7866401672363 41.6949043273926
39.6940383911133 40.3875427246094 40.8818550109863 40.8491287231445 40.3079414367676 40.7589683532715 41.5892143249512 42.1317672729492 42.1670455932617 41.9377059936523 41.1887435913086 41.1282119750977 41.394229888916 41.4793510437012 41.193675994873 40.1239852905273 39.098388671875 38.7218780517578 39.415599822998 41.1383399963379 42.188232421875 42.4303741455078 41.7538566589355 40.8104591369629 39.9258613586426 40.1100234985352 40.3959770202637 41.713062286377 42.301197052002 42.2902145385742 42.2891159057617 42.8067321777344 43.797908782959 43.8292922973633 43.2629051208496 42.5921249389648 41.4565238952637 40.4414749145508 39.7032318115234 39.4334411621094 39.6474189758301 39.973014831543 40.1764335632324 39.3234672546387 40.0728149414062 41.0955543518066 41.7104644775391 41.7031745910645 41.6338844299316
40.0101470947266 40.3739967346191 40.5377655029297 40.7855033874512 39.9864349365234 39.9333724975586 41.2716598510742 41.84765625 41.9357604980469 41.7798805236816 40.409309387207 38.9263725280762 39.876766204834 41.1141204833984 41.2272071838379 40.7901382446289 39.5495338439941 39.3226165771484 39.5503234863281 41.1862831115723 42.2880935668945 42.674488067627 42.2045745849609 40.3093338012695 39.2748680114746 39.5458488464355 40.5089225769043 41.5465660095215 42.0981788635254 42.1877174377441 42.5255966186523 42.9919624328613 43.5561370849609 43.5268058776855 43.1221008300781 42.5100555419922 41.1618881225586 39.5388221740723 39.0750961303711 39.487491607666 39.726001739502 40.0081176757812 40.4069862365723 39.5668449401855 39.8475646972656 40.7962913513184 41.3619956970215 41.3872413635254 41.4625434875488
39.8434524536133 39.3775672912598 39.9554443359375 40.1633605957031 40.0649948120117 41.1229095458984 41.3120574951172 41.3116836547852 41.205265045166 41.0162391662598 39.7229690551758 39.0978851318359 39.7545547485352 41.0129013061523 41.3585586547852 41.3410301208496 40.7156295776367 40.1345443725586 40.1219787597656 41.1666145324707 42.210506439209 42.6952590942383 42.6734390258789 41.6274261474609 40.0227928161621 40.5886573791504 41.1301536560059 42.136775970459 42.4450492858887 42.7152214050293 43.0947647094727 43.4607048034668 43.4555358886719 43.1145668029785 42.8637390136719 42.1768188476562 41.0065231323242 39.4030570983887 39.4050369262695 40.1136932373047 40.344554901123 40.2464561462402 40.4987678527832 40.0741539001465 40.0799407958984 40.6900749206543 41.1091918945312 41.2026100158691 41.2840766906738
38.6865196228027 38.3430786132812 39.0408020019531 39.1899375915527 40.6802177429199 41.5260810852051 41.1944847106934 40.5157279968262 39.8737144470215 39.2644119262695 38.0621185302734 38.1912651062012 39.7209930419922 41.4101753234863 41.7027778625488 41.6818580627441 41.4103889465332 40.8579025268555 40.6379280090332 40.9225234985352 42.0029373168945 42.5926818847656 42.9665451049805 42.6601448059082 41.4112167358398 41.4826774597168 42.1220932006836 42.6685218811035 42.9646530151367 43.3510704040527 43.5433502197266 43.6195449829102 43.2526473999023 42.7273635864258 42.2404861450195 41.1357345581055 39.572566986084 38.1874542236328 39.6172332763672 40.484260559082 40.3259315490723 39.8333511352539 40.1006355285645 40.218807220459 40.2286949157715 40.5693244934082 40.7797431945801 40.9312400817871 41.0134925842285
38.085277557373 37.8136596679688 38.5918312072754 39.1659851074219 40.5981292724609 41.1239967346191 40.7712135314941 39.4262733459473 38.0210838317871 36.526439666748 36.880989074707 38.9903106689453 40.5824737548828 41.70654296875 42.0516967773438 42.2407913208008 41.8808097839355 41.5066986083984 41.2788009643555 41.1303672790527 41.9266624450684 42.4975051879883 42.6735572814941 42.7407684326172 42.1123313903809 41.9338722229004 41.9405708312988 42.5774459838867 43.1757621765137 43.5378494262695 43.7278137207031 43.4203491210938 42.8726196289062 42.2929229736328 41.0371208190918 39.4875602722168 37.9489479064941 37.7070274353027 39.0213203430176 40.0031356811523 40.1612014770508 39.7689399719238 39.9891014099121 39.9825820922852 40.2834625244141 40.6336097717285 40.5948219299316 40.4151458740234 40.5546607971191
38.237720489502 37.5212593078613 37.8968467712402 38.9141006469727 39.8160514831543 40.3215599060059 40.3343238830566 38.8304862976074 37.5109062194824 36.7186813354492 38.3698883056641 38.9455757141113 40.3962554931641 41.5770149230957 42.1541290283203 42.5132141113281 42.4414443969727 42.221996307373 41.917552947998 41.6404800415039 42.0373878479004 42.4230003356934 42.4789505004883 42.5290679931641 42.2589340209961 41.4465675354004 41.028003692627 42.5107727050781 43.2423515319824 43.5369720458984 43.6864624023438 43.3736381530762 42.7398796081543 41.637279510498 40.4102592468262 39.5106010437012 38.8158149719238 39.5345001220703 39.339038848877 39.3440399169922 39.2077903747559 40.4954261779785 41.0160942077637 40.6690139770508 40.4723930358887 40.5231513977051 40.6411361694336 40.5576248168945 40.5143737792969
38.1768989562988 37.9844970703125 38.2287559509277 38.5683517456055 38.7196083068848 39.6310081481934 40.0329170227051 39.4886817932129 38.0192451477051 38.8727645874023 39.6496391296387 38.8107681274414 40.1362571716309 41.2577323913574 41.8550720214844 42.067066192627 42.2241096496582 42.4724769592285 42.2602882385254 41.7295761108398 41.8762893676758 42.3532104492188 42.43603515625 42.5179138183594 42.5822906494141 41.8456840515137 41.7985229492188 42.722240447998 43.1711120605469 43.3578987121582 43.5448226928711 43.3926887512207 42.8235511779785 41.0090866088867 39.2438125610352 38.155647277832 40.037841796875 41.2803993225098 41.5422096252441 40.5331993103027 40.1263198852539 40.8562088012695 41.5458068847656 41.0729179382324 40.4487266540527 40.602970123291 40.8607521057129 40.7851066589355 40.5654754638672
38.2898025512695 38.4184112548828 38.3707809448242 37.8670387268066 37.6162719726562 38.6976470947266 39.5781898498535 39.6068878173828 39.4502029418945 40.3837852478027 40.3419532775879 39.3124465942383 39.8190956115723 41.0769081115723 41.6390037536621 41.8941917419434 42.0517082214355 42.3856048583984 42.3996124267578 42.0166358947754 42.1481323242188 42.416088104248 42.3437728881836 42.4826545715332 42.6631698608398 42.0058555603027 42.1639213562012 42.7439117431641 43.0658264160156 43.2115325927734 43.2481575012207 43.2923545837402 43.0062561035156 40.849235534668 38.6156387329102 38.7673416137695 40.9341468811035 42.3674392700195 42.9674377441406 42.8677215576172 41.4778861999512 41.9237937927246 41.673454284668 41.0162773132324 39.6660461425781 40.2710990905762 40.6642456054688 40.4122314453125 40.2856407165527
37.9791641235352 38.1817665100098 37.7820701599121 37.1728439331055 37.0537376403809 38.3684768676758 39.3356323242188 39.9568023681641 40.2617340087891 40.4727668762207 40.5266151428223 40.0876388549805 40.746150970459 41.3923225402832 41.5807228088379 41.7669296264648 41.6369552612305 41.9206047058105 42.362907409668 42.370677947998 42.4397964477539 42.4843826293945 42.4289894104004 42.6984672546387 42.7760391235352 42.1149559020996 42.5725173950195 43.0852813720703 43.1054267883301 43.0211334228516 43.1725921630859 43.3168640136719 42.9995307922363 41.5760879516602 38.8967933654785 38.491340637207 41.4810066223145 43.2087631225586 43.9189643859863 43.8506317138672 43.1312217712402 42.066707611084 41.4148025512695 40.5339889526367 40.2511024475098 40.8485565185547 41.1830253601074 41.3617782592773 40.8620681762695
38.9225158691406 38.7288475036621 37.5241584777832 36.4793739318848 36.5725021362305 38.230770111084 39.6954193115234 40.0060234069824 40.264274597168 40.4526786804199 40.6581954956055 40.9565315246582 41.2756042480469 41.4248809814453 41.4314193725586 41.3985061645508 40.7461395263672 41.5055809020996 42.3048858642578 42.6099700927734 42.6474952697754 42.6448936462402 42.606819152832 42.7749557495117 42.9779052734375 42.6669692993164 43.06591796875 43.2479019165039 43.1268768310547 42.9547691345215 43.0686874389648 43.0250396728516 42.3457794189453 40.0103225708008 37.8634376525879 39.3246383666992 42.0558395385742 43.5217361450195 44.3099327087402 44.3166656494141 43.4088363647461 42.6470108032227 41.8427886962891 41.5245056152344 41.696044921875 41.76513671875 41.7562828063965 41.9113731384277 41.3858947753906
39.1123695373535 38.8433532714844 37.7338943481445 37.0910835266113 38.007698059082 39.2187576293945 40.0136032104492 40.2008590698242 40.2026710510254 40.2763938903809 40.4579467773438 40.6673622131348 41.0733795166016 41.3368148803711 41.3596229553223 41.2933921813965 40.5307197570801 41.4408378601074 42.0312461853027 42.4620971679688 42.6811904907227 42.7701263427734 42.705265045166 42.7541236877441 42.9357948303223 42.9221153259277 43.2471809387207 43.2948150634766 43.1707496643066 43.0696983337402 43.0471267700195 42.9294395446777 42.1691741943359 38.9044952392578 38.0811729431152 40.9076728820801 42.698112487793 43.5459747314453 44.1977500915527 44.3828811645508 43.5424728393555 42.9947776794434 42.6273727416992 42.478759765625 42.4346351623535 42.271312713623 42.1461868286133 42.1516189575195 41.789363861084
