model/data/bioclim/bclim9.asc
NCOLS 300 
NROWS 300 
XLLCORNER -125.250000000003 
YLLCORNER 30.7499999999996 
CELLSIZE 0.041666666666667 
NODATA_value -32768 
[rows 228 to 265 of 300, columns 172 to 257 of 300]
209 209 209 211 212 213 214 214 216 218 219 216 202 204 219 229 233 231 232 237 238 241 242 241 245 248 249 249 224 223 216 190 173 164 156 187 231 261 249 227 250 254 256 258 260 260 258 251 235 218 210 196 186 198 205 193 188 209 210 224 225 232 250 256 259 261 262 263 264 264 260 253 257 259 262 261 248 249 259 259 260 259 258 256 255 259
208 207 207 208 208 209 209 210 212 215 218 218 213 211 204 214 230 237 236 237 238 240 241 243 244 245 247 242 237 236 202 191 179 181 176 165 187 235 222 251 241 241 252 257 258 259 260 256 246 236 227 226 221 224 227 222 223 232 240 241 242 243 241 243 249 249 256 258 261 263 264 263 263 264 263 262 259 246 254 259 260 260 259 259 259 259
-32768 205 205 204 204 204 205 207 208 211 214 217 219 215 209 212 219 232 237 234 233 237 240 242 240 235 237 239 231 220 201 193 181 175 184 174 167 207 204 216 253 223 247 254 257 259 259 259 254 242 235 236 242 238 233 231 231 227 231 232 235 237 229 219 226 230 241 253 257 260 262 263 264 263 263 262 261 255 255 259 260 260 260 259 259 260
-32768 -32768 -32768 202 201 202 205 205 205 207 211 214 217 219 217 216 214 211 226 234 234 234 239 241 240 239 237 232 228 220 188 187 188 176 176 183 172 197 201 203 215 217 221 251 257 258 259 259 258 254 249 245 242 224 214 217 223 226 229 232 234 236 230 218 213 217 232 241 251 256 260 261 262 262 262 262 262 261 259 260 261 260 260 259 259 259
-32768 -32768 -32768 -32768 -32768 197 200 201 201 204 207 210 213 216 214 214 218 218 220 228 235 237 238 240 240 240 238 234 233 197 191 186 191 191 191 184 182 186 177 182 194 185 211 225 242 256 258 259 260 259 259 256 251 244 227 212 222 230 237 237 235 234 231 220 208 205 219 232 246 251 256 258 260 260 260 261 260 259 259 260 261 261 260 259 259 259
-32768 -32768 -32768 -32768 -32768 -32768 -32768 199 199 201 203 206 209 213 215 218 218 215 219 224 228 234 237 238 239 241 233 238 235 230 193 192 190 190 193 188 192 185 164 150 157 193 219 209 234 250 255 258 260 260 261 261 258 258 256 250 248 245 238 231 229 228 227 226 223 219 220 229 239 246 251 254 256 257 257 257 258 256 254 259 261 261 260 259 259 257
-32768 -32768 -32768 -32768 -32768 -32768 -32768 -32768 197 198 201 204 207 210 213 215 213 216 222 226 228 229 233 237 238 236 240 242 215 206 195 188 184 182 189 196 203 206 190 189 197 193 195 224 244 235 253 257 259 260 260 260 260 260 261 260 258 247 226 218 220 222 224 225 223 221 223 225 233 234 243 249 249 250 252 256 257 255 258 260 261 261 260 259 257 256
-32768 -32768 -32768 -32768 -32768 -32768 -32768 -32768 -32768 -32768 199 201 203 206 210 211 208 216 220 223 225 228 228 231 233 220 218 226 205 207 196 187 182 181 181 188 200 222 217 217 222 221 211 200 199 210 244 253 257 259 260 259 260 262 260 260 260 256 237 234 225 231 231 231 231 226 224 228 231 234 238 244 247 251 253 255 256 257 259 260 261 260 260 259 257 255
-32768 -32768 -32768 -32768 -32768 -32768 -32768 -32768 -32768 -32768 -32768 199 201 204 206 210 212 215 217 220 223 226 228 229 233 220 207 207 212 213 194 196 190 184 180 176 187 200 237 238 242 260 272 221 212 221 222 241 247 258 258 259 259 261 261 260 261 261 258 253 248 247 246 240 240 232 231 231 234 238 242 245 246 249 251 253 253 254 257 259 261 260 260 258 256 253
-32768 -32768 -32768 -32768 -32768 -32768 -32768 -32768 -32768 -32768 -32768 -32768 200 202 204 206 208 211 214 217 220 224 228 231 234 235 219 203 174 174 176 186 189 188 185 179 180 191 226 239 268 261 269 242 262 217 242 234 249 255 257 258 258 259 261 261 260 261 261 260 257 255 253 251 246 235 237 233 237 240 244 246 248 250 252 253 253 250 252 256 260 261 259 256 254 250
-32768 -32768 -32768 -32768 -32768 -32768 -32768 -32768 -32768 -32768 -32768 -32768 -32768 -32768 201 203 205 208 211 214 218 222 225 228 229 234 237 222 207 175 177 186 190 196 193 184 168 179 194 223 273 279 272 241 239 227 215 234 248 252 254 256 258 258 259 259 260 261 261 261 260 258 257 255 253 245 235 237 239 242 244 246 249 250 251 253 254 254 254 255 260 261 259 255 248 248
-32768 -32768 -32768 -32768 -32768 -32768 -32768 -32768 -32768 -32768 -32768 -32768 -32768 -32768 -32768 201 202 206 209 212 215 219 222 225 227 226 231 235 222 216 186 185 196 197 196 188 179 177 185 225 276 279 240 239 234 238 240 244 247 250 253 255 256 257 258 258 259 259 260 261 260 259 258 257 254 252 243 242 241 241 242 244 247 248 249 251 253 254 256 257 259 260 259 253 245 245
-32768 -32768 -32768 -32768 -32768 -32768 -32768 -32768 -32768 -32768 -32768 -32768 -32768 -32768 -32768 200 201 203 207 209 212 215 219 221 223 226 228 224 213 208 210 184 194 194 192 192 186 182 190 223 269 278 279 280 281 242 243 245 248 250 252 253 254 256 257 257 258 258 259 259 259 260 259 257 256 254 250 243 238 237 238 240 244 245 246 248 250 251 252 255 258 260 259 253 251 248
-32768 -32768 -32768 -32768 -32768 -32768 -32768 -32768 -32768 -32768 -32768 -32768 -32768 -32768 -32768 -32768 200 202 205 207 210 213 217 220 220 224 223 223 221 223 214 210 184 185 180 185 189 192 192 197 234 267 274 277 278 280 283 285 247 248 249 250 251 254 256 257 257 257 258 258 259 259 259 258 257 255 254 251 243 238 237 235 237 241 242 245 248 248 248 253 255 258 257 254 250 251
-32768 -32768 -32768 -32768 -32768 -32768 -32768 -32768 -32768 -32768 -32768 -32768 -32768 -32768 -32768 -32768 -32768 202 204 206 209 212 216 220 224 226 222 224 226 238 219 217 185 186 179 173 194 202 209 223 232 247 262 268 274 279 282 283 285 247 248 249 251 253 255 256 256 256 256 257 257 258 258 258 257 256 255 254 252 250 249 244 237 235 236 241 246 247 248 250 252 259 256 252 251 253
-32768 -32768 -32768 -32768 -32768 -32768 -32768 -32768 -32768 -32768 -32768 -32768 -32768 -32768 -32768 -32768 -32768 -32768 203 206 208 210 214 219 223 228 229 229 232 235 224 224 193 190 183 178 189 212 211 219 218 237 244 233 242 260 279 283 284 286 288 289 290 252 253 254 255 255 255 256 256 256 257 257 257 257 256 255 255 254 253 251 250 245 242 243 246 244 244 247 254 258 255 254 254 256
-32768 -32768 -32768 -32768 -32768 -32768 -32768 -32768 -32768 -32768 -32768 -32768 -32768 -32768 -32768 -32768 -32768 -32768 203 205 208 210 213 218 223 225 225 225 228 232 226 221 193 193 181 177 184 196 194 214 212 204 209 222 222 229 267 280 282 285 286 287 288 248 249 251 253 254 254 254 254 255 255 256 257 256 256 256 255 255 255 254 252 250 249 248 248 242 242 249 254 258 259 256 254 258
-32768 -32768 -32768 -32768 -32768 -32768 -32768 -32768 -32768 -32768 -32768 -32768 -32768 -32768 -32768 -32768 -32768 -32768 -32768 205 208 210 213 215 220 222 218 223 227 230 231 225 228 218 181 173 171 184 200 207 212 203 194 209 234 240 263 273 274 279 285 286 287 247 247 248 250 252 252 253 253 254 255 255 256 256 256 256 256 255 255 255 254 252 251 250 249 248 246 247 251 255 258 259 257 260
-32768 -32768 -32768 -32768 -32768 -32768 -32768 -32768 -32768 -32768 -32768 -32768 -32768 -32768 -32768 -32768 -32768 -32768 -32768 205 207 210 211 213 217 220 218 219 227 230 226 234 238 192 210 168 169 174 196 221 227 237 241 243 251 262 268 268 265 258 264 284 285 285 245 246 248 250 251 251 251 252 254 254 255 256 256 256 256 256 254 254 254 253 252 251 251 250 249 249 250 250 253 255 255 258
-32768 -32768 -32768 -32768 -32768 -32768 -32768 -32768 -32768 -32768 -32768 -32768 -32768 -32768 -32768 -32768 -32768 -32768 -32768 204 205 208 211 213 216 219 220 223 226 226 219 235 227 221 184 166 172 169 175 201 225 226 230 248 256 259 265 269 268 267 274 282 284 285 284 246 288 249 251 251 251 252 253 254 255 255 256 256 256 256 256 254 254 254 253 252 252 251 250 249 250 250 250 251 255 257
-32768 -32768 -32768 -32768 -32768 -32768 -32768 -32768 -32768 -32768 -32768 -32768 -32768 -32768 -32768 -32768 -32768 -32768 -32768 202 204 206 209 212 214 217 221 225 225 228 225 231 228 222 211 177 173 171 167 169 198 201 223 236 254 262 264 268 271 273 277 280 282 284 286 287 289 249 250 250 251 252 253 254 254 255 256 256 256 256 256 255 254 254 254 253 252 251 245 245 249 251 253 251 251 258
-32768 -32768 -32768 -32768 -32768 -32768 -32768 -32768 -32768 -32768 -32768 -32768 -32768 -32768 -32768 -32768 -32768 -32768 -32768 201 203 206 208 211 213 218 222 225 227 226 229 225 212 216 206 180 176 178 168 160 165 194 206 228 251 260 261 266 269 269 274 278 281 283 285 288 289 250 250 250 250 251 253 253 254 255 255 255 256 256 256 256 256 254 254 253 253 252 250 246 249 252 254 255 257 257
-32768 -32768 -32768 -32768 -32768 -32768 -32768 -32768 -32768 -32768 -32768 -32768 -32768 -32768 -32768 -32768 -32768 -32768 -32768 200 203 204 207 211 213 215 220 223 223 224 227 225 225 216 210 180 178 177 170 167 168 176 190 218 244 246 250 256 257 255 269 276 279 282 284 287 289 291 250 250 250 251 252 253 254 254 255 255 255 256 256 255 255 255 254 254 253 253 252 250 251 253 256 258 260 260
-32768 -32768 -32768 -32768 -32768 -32768 -32768 -32768 -32768 -32768 -32768 -32768 -32768 -32768 -32768 -32768 -32768 -32768 -32768 -32768 203 204 207 210 212 215 217 221 224 225 224 223 218 217 217 179 175 177 181 178 182 180 189 199 231 233 242 254 261 265 270 274 276 279 283 286 287 289 290 249 250 250 252 253 253 254 255 256 255 256 256 255 255 255 255 254 254 253 253 252 253 255 257 259 260 261
-32768 -32768 -32768 -32768 -32768 -32768 -32768 -32768 -32768 -32768 -32768 -32768 -32768 -32768 -32768 -32768 -32768 -32768 -32768 199 201 204 205 208 211 214 216 219 221 220 218 214 209 220 217 181 179 184 188 188 187 182 191 194 209 221 230 246 254 262 268 271 273 277 280 283 285 287 289 248 249 250 251 252 253 254 255 256 256 256 256 255 255 255 255 254 253 253 253 252 253 255 257 259 260 261
-32768 -32768 -32768 -32768 -32768 -32768 -32768 -32768 -32768 -32768 -32768 -32768 -32768 -32768 -32768 -32768 -32768 -32768 -32768 199 199 203 205 207 209 213 215 213 217 222 223 214 212 221 221 190 187 187 188 189 190 188 191 198 201 212 210 229 239 251 259 267 270 274 277 280 283 285 287 288 248 249 250 251 253 254 255 255 255 256 256 255 255 255 255 254 254 253 253 252 253 254 256 258 259 260
-32768 -32768 -32768 -32768 -32768 -32768 -32768 -32768 -32768 -32768 -32768 -32768 -32768 -32768 -32768 -32768 -32768 -32768 -32768 -32768 -32768 -32768 203 206 208 210 212 215 216 219 222 222 211 224 216 189 188 186 191 193 193 192 191 198 203 212 209 212 224 243 252 259 268 271 274 277 277 281 285 287 288 289 249 251 252 253 254 255 255 256 255 256 256 256 255 255 254 254 254 253 253 254 255 258 258 259
-32768 -32768 -32768 -32768 -32768 -32768 -32768 -32768 -32768 -32768 -32768 -32768 -32768 -32768 -32768 -32768 -32768 -32768 -32768 -32768 -32768 -32768 201 203 207 209 211 214 213 204 209 221 224 224 219 192 188 190 192 191 189 191 193 197 204 211 212 203 165 234 252 259 264 269 272 274 271 278 283 285 286 288 290 291 251 253 254 295 255 255 255 256 255 255 255 254 254 253 254 253 253 254 254 256 257 257
-32768 -32768 -32768 -32768 -32768 -32768 -32768 -32768 -32768 -32768 -32768 -32768 -32768 -32768 -32768 -32768 -32768 -32768 -32768 -32768 -32768 -32768 200 201 205 207 208 211 213 212 217 225 223 215 223 197 196 196 193 191 191 193 195 196 200 207 207 200 158 217 244 254 259 265 271 275 276 277 279 283 285 286 288 290 291 292 293 294 294 254 255 255 255 255 254 254 254 253 253 253 253 253 254 255 256 256
-32768 -32768 -32768 -32768 -32768 -32768 -32768 -32768 -32768 -32768 -32768 -32768 -32768 -32768 -32768 -32768 -32768 -32768 -32768 -32768 -32768 -32768 -32768 200 203 207 209 212 215 216 214 223 223 222 221 191 188 187 186 189 192 194 195 195 195 198 200 196 156 169 225 229 244 262 268 273 276 278 275 276 282 284 286 288 289 290 291 292 293 253 254 254 254 254 253 254 253 253 253 253 253 253 253 254 254 255
-32768 -32768 -32768 -32768 -32768 -32768 -32768 -32768 -32768 -32768 -32768 -32768 -32768 -32768 -32768 -32768 -32768 -32768 -32768 -32768 -32768 -32768 -32768 199 199 202 206 211 212 215 219 221 225 227 195 188 188 196 190 189 192 193 194 193 193 190 192 193 156 159 156 157 183 253 265 270 273 275 277 271 268 275 282 285 287 289 290 290 252 252 253 253 253 253 253 253 253 253 253 252 253 252 253 253 253 253
-32768 -32768 -32768 -32768 -32768 -32768 -32768 -32768 -32768 -32768 -32768 -32768 -32768 -32768 -32768 -32768 -32768 -32768 191 -32768 -32768 -32768 -32768 199 199 200 202 207 212 214 213 213 214 222 200 198 198 197 195 190 188 192 194 192 194 190 191 190 149 152 150 149 156 241 263 268 271 273 275 275 217 215 230 279 283 287 287 289 251 251 252 253 252 252 252 252 252 252 252 251 252 252 252 253 253 252
-32768 -32768 -32768 -32768 -32768 -32768 -32768 -32768 -32768 -32768 -32768 -32768 -32768 -32768 -32768 -32768 -32768 -32768 -32768 -32768 192 -32768 -32768 200 201 201 202 204 206 207 211 217 221 204 206 205 202 202 198 190 191 191 194 193 188 186 184 186 189 146 148 146 151 191 261 267 269 271 273 275 274 223 206 224 279 245 285 287 250 250 251 251 251 251 251 251 251 251 251 251 251 251 252 252 252 252
-32768 -32768 -32768 -32768 -32768 -32768 -32768 -32768 -32768 -32768 -32768 -32768 -32768 -32768 -32768 -32768 -32768 -32768 -32768 -32768 -32768 -32768 -32768 -32768 201 202 203 203 203 204 210 211 213 195 201 205 199 198 201 200 196 194 190 188 188 185 184 185 144 144 144 144 148 185 261 265 267 269 271 273 275 273 222 205 222 278 284 247 248 249 249 250 250 250 250 250 250 250 250 250 251 251 251 251 252 251
-32768 -32768 -32768 -32768 -32768 -32768 -32768 -32768 -32768 -32768 -32768 -32768 -32768 -32768 -32768 -32768 -32768 -32768 -32768 -32768 -32768 -32768 -32768 -32768 200 200 201 202 202 203 206 203 202 170 182 200 202 202 195 193 198 194 190 188 188 187 185 182 140 140 141 142 147 185 257 262 264 266 269 271 273 272 270 228 220 229 282 246 247 247 248 249 249 249 249 249 249 249 249 249 249 250 250 250 251 251
-32768 -32768 -32768 -32768 -32768 -32768 -32768 -32768 -32768 -32768 -32768 -32768 -32768 -32768 -32768 -32768 -32768 -32768 -32768 -32768 -32768 -32768 -32768 -32768 -32768 200 202 201 204 205 205 206 206 179 184 186 196 201 200 199 193 187 182 178 181 183 180 180 136 137 138 141 167 232 251 258 262 264 267 268 270 271 269 268 224 235 280 243 245 245 246 247 247 247 248 248 248 248 248 248 249 249 249 249 250 250
-32768 -32768 -32768 -32768 -32768 -32768 -32768 -32768 -32768 -32768 -32768 -32768 -32768 -32768 -32768 -32768 -32768 -32768 -32768 -32768 -32768 -32768 -32768 -32768 -32768 -32768 -32768 205 205 206 207 206 209 211 184 186 194 199 196 195 191 184 181 174 178 180 179 137 134 131 134 135 142 178 240 252 258 262 264 266 268 270 269 220 224 236 278 242 243 244 245 245 245 246 246 247 247 247 247 247 248 248 248 248 248 249
-32768 -32768 -32768 -32768 -32768 -32768 -32768 -32768 -32768 -32768 -32768 -32768 -32768 -32768 -32768 -32768 -32768 -32768 -32768 -32768 -32768 -32768 -32768 -32768 -32768 -32768 -32768 -32768 203 203 205 206 210 212 186 193 191 191 194 190 188 189 181 175 177 176 180 134 133 129 129 129 129 144 185 246 254 259 261 264 266 268 268 262 221 234 239 240 241 242 243 243 244 245 245 245 246 246 246 246 247 247 247 247 248 247
