model/data/bioclim/bclim13.asc
NCOLS 300 
NROWS 300 
XLLCORNER -125.250000000003 
YLLCORNER 30.7499999999996 
CELLSIZE 0.041666666666667 
NODATA_value -32768 
[rows 0 to 40 of 300, columns 92 to 183 of 300]
87 102 99 91 72 58 52 50 47 44 50 47 41 40 39 38 37 35 35 33 33 32 31 30 29 29 29 29 30 30 29 29 28 28 28 30 31 32 32 30 30 30 31 32 32 31 31 30 30 31 31 31 30 29 29 29 29 29 29 29 28 28 28 28 29 29 29 31 30 30 30 30 33 32 31 34 36 38 39 38 35 34 32 31 30 30 31 32 32 31 31 29
81 92 98 80 70 63 54 49 47 45 45 47 45 42 40 39 38 38 39 37 38 37 31 30 29 30 30 29 29 28 30 30 27 27 27 28 31 33 32 32 31 30 31 32 32 33 32 31 32 32 31 31 31 30 29 29 29 30 29 28 28 28 28 29 29 29 29 30 30 30 30 30 30 29 30 31 34 39 39 37 31 30 30 30 30 30 30 32 32 30 28 30
79 84 84 73 66 61 55 51 48 47 46 45 45 43 42 42 43 42 45 44 43 40 33 31 32 32 30 29 29 30 31 28 27 26 26 28 31 34 32 31 30 30 31 31 32 32 32 31 32 32 32 33 32 31 30 29 29 30 30 28 28 28 28 28 28 28 29 29 29 31 31 30 31 31 31 31 33 35 35 32 29 29 30 30 30 30 30 30 30 30 30 32
77 75 70 68 65 59 56 53 51 49 48 48 45 44 46 49 48 49 48 48 43 39 35 34 34 33 31 31 29 30 29 27 27 26 26 28 31 31 30 29 28 29 31 31 32 31 31 31 32 32 32 32 33 33 33 30 29 30 31 29 28 28 28 29 28 29 30 29 30 36 36 33 33 38 38 36 36 35 30 29 30 29 30 30 30 29 29 29 27 28 30 31
85 83 78 72 67 64 60 57 54 54 53 54 49 46 50 50 49 46 43 41 42 40 37 38 38 35 32 31 28 27 27 28 27 27 27 28 30 31 29 28 28 30 32 32 32 31 30 32 32 32 32 32 32 33 33 33 31 31 32 32 30 28 28 28 29 31 31 30 31 32 36 39 36 35 35 33 30 30 29 30 29 29 30 30 31 29 29 28 28 27 29 30
93 93 92 88 76 70 65 60 65 72 61 59 61 58 56 47 44 41 39 37 42 42 38 41 38 35 33 31 28 27 27 27 27 28 27 30 31 31 29 28 28 31 33 32 32 30 32 32 32 32 32 32 33 33 33 33 33 32 33 34 32 29 28 29 29 29 30 32 32 35 37 41 39 36 35 31 29 28 29 29 30 30 30 29 29 29 28 28 27 28 29 30
101 117 117 110 89 80 69 63 64 71 69 67 68 74 71 46 43 41 39 40 44 42 41 40 38 37 34 30 28 27 27 27 27 27 30 33 31 31 30 29 29 33 33 32 30 32 33 32 32 32 32 32 32 33 33 33 33 32 33 34 33 29 30 30 30 30 31 33 35 37 38 39 41 39 32 29 29 32 34 31 30 30 29 29 29 28 28 28 28 29 29 30
121 136 128 110 90 81 69 63 63 68 73 71 74 78 60 46 43 41 40 41 45 39 41 41 37 36 35 31 31 28 28 28 28 27 33 40 32 30 30 30 31 33 32 31 30 32 32 32 32 32 32 32 32 31 32 32 32 33 33 34 32 29 30 31 32 33 33 32 35 39 41 42 44 33 28 29 29 36 38 34 32 30 30 29 29 29 28 28 28 28 29 29
98 118 101 95 88 77 68 65 64 67 70 74 75 78 50 46 44 42 40 40 44 47 40 38 37 36 34 32 31 31 29 29 28 28 31 32 31 31 31 32 32 32 31 31 30 30 32 32 32 31 30 31 32 32 32 31 32 33 34 34 31 30 31 32 34 37 36 35 36 39 42 43 35 28 29 29 30 33 36 35 32 30 29 29 29 29 29 28 27 28 29 28
84 99 93 86 81 73 67 65 64 67 69 72 76 82 54 46 44 42 41 40 40 44 43 37 37 37 34 32 32 31 29 29 29 28 32 32 32 32 32 32 32 31 30 30 29 29 31 31 31 30 30 30 30 31 31 31 31 32 33 33 30 30 32 33 35 38 41 38 38 42 44 41 28 28 29 29 32 36 36 35 32 30 29 28 28 28 28 28 27 27 26 28
84 92 91 84 77 70 67 65 64 65 67 71 77 82 59 46 44 42 41 39 39 42 42 39 38 37 34 31 30 30 30 30 31 30 32 31 31 31 32 32 32 30 28 29 29 29 31 31 31 30 30 30 30 30 30 30 31 32 32 32 32 31 32 34 37 40 44 43 43 45 45 30 28 27 28 31 35 36 36 35 33 31 31 30 28 28 28 28 27 27 27 28
83 94 86 80 76 70 67 66 66 66 67 71 78 80 65 47 44 42 40 39 38 40 37 39 41 39 36 32 28 28 29 29 31 32 32 31 30 30 30 31 31 29 28 28 28 30 31 31 30 30 30 30 30 30 30 30 30 31 31 32 34 32 33 37 39 43 47 52 50 50 33 28 29 27 28 29 29 30 30 31 31 30 30 30 28 28 28 27 27 28 28 29
76 79 78 75 73 70 69 68 67 67 68 71 73 76 76 56 49 43 42 41 38 37 35 35 42 40 36 31 29 28 28 31 34 32 32 30 29 29 29 29 29 28 28 28 29 31 30 30 30 30 29 29 29 29 29 30 30 30 31 33 34 33 33 36 42 46 50 56 57 44 28 28 30 29 26 29 29 29 28 28 28 29 29 29 28 28 28 28 28 28 28 28
77 76 74 73 71 70 70 69 68 68 70 71 71 74 79 77 73 61 60 52 42 37 36 35 42 42 36 31 29 28 33 36 34 31 29 29 29 29 29 29 28 28 28 32 33 31 30 30 30 30 29 29 29 29 29 29 30 30 31 33 34 34 33 33 39 45 49 57 62 36 28 27 28 28 27 29 29 29 28 28 27 28 28 28 28 28 28 28 28 28 28 29
78 73 73 74 73 71 71 72 70 72 77 76 74 77 78 80 81 73 65 51 56 41 37 36 38 43 37 31 30 32 41 37 34 31 30 29 30 29 28 28 28 28 29 36 32 31 31 30 31 30 30 30 29 29 29 29 29 30 31 34 34 33 33 32 33 37 48 58 59 33 27 26 26 27 30 29 28 28 27 28 28 28 27 27 28 28 28 28 28 28 29 29
74 72 72 78 80 72 70 69 69 72 79 82 74 73 77 78 75 72 60 51 59 47 39 38 36 36 38 33 31 33 41 38 35 33 31 30 30 29 28 28 28 30 35 33 32 31 31 31 31 31 30 30 29 29 29 29 29 29 29 32 33 33 34 34 34 37 41 50 43 28 26 26 26 28 29 28 27 27 27 27 28 28 28 27 28 28 28 29 29 28 29 30
72 69 68 70 72 71 67 66 67 69 71 74 73 73 81 86 74 65 56 50 59 53 44 40 37 36 36 36 32 39 42 41 42 41 35 31 29 28 28 28 33 35 34 33 32 31 31 31 31 30 29 28 28 28 28 28 29 29 29 31 34 34 35 36 37 38 40 38 34 26 26 26 26 27 28 27 27 26 26 27 27 28 28 28 28 29 30 30 30 29 28 29
68 66 65 65 65 65 65 64 64 65 67 68 82 85 78 79 69 62 57 54 54 61 52 45 43 39 36 35 42 51 46 42 42 43 37 33 29 28 28 37 48 36 35 34 33 32 31 31 30 29 29 29 29 28 28 28 28 28 29 29 34 36 36 37 40 44 38 28 29 25 25 25 25 28 27 26 26 26 26 27 28 28 28 28 28 29 30 32 32 30 29 30
65 64 63 63 64 67 64 63 63 63 65 70 80 84 74 68 65 60 57 55 53 58 58 48 44 42 40 36 48 51 47 41 38 38 35 31 29 28 28 41 48 42 38 35 33 32 30 30 29 29 29 29 29 29 29 28 28 28 28 28 29 34 36 39 41 44 31 26 26 25 25 25 25 26 25 26 26 26 26 26 28 28 28 28 29 30 31 31 32 29 29 30
62 62 62 61 64 64 63 63 62 62 63 65 67 67 68 67 70 64 57 55 58 59 62 53 47 47 46 40 50 52 46 42 39 37 35 32 29 29 32 49 44 43 36 34 34 32 30 30 30 31 31 30 29 29 29 29 29 28 28 28 28 30 32 32 36 33 28 26 26 25 25 25 26 25 25 25 25 26 26 27 28 29 28 30 30 30 31 31 31 30 31 32
64 61 61 62 64 68 69 66 62 60 61 62 63 63 63 65 70 66 60 59 61 66 64 57 53 52 45 46 59 54 49 45 41 38 37 34 30 29 40 51 36 35 35 34 33 33 30 31 32 37 36 31 30 30 30 29 29 27 27 28 28 30 30 30 32 32 28 26 25 25 26 27 26 25 25 25 25 26 26 27 28 29 30 31 31 30 31 31 32 32 32 33
65 66 67 68 68 66 65 66 63 60 60 62 63 64 63 64 67 72 66 61 60 63 60 57 51 51 46 48 56 57 56 48 43 40 39 37 32 31 34 38 36 35 34 34 33 32 30 32 31 35 38 35 31 29 29 29 29 28 27 27 28 31 30 31 34 31 26 26 25 26 27 28 27 25 25 25 25 26 27 29 30 31 31 31 35 32 31 31 32 33 33 32
60 66 70 71 68 62 63 64 63 63 62 63 65 66 64 63 64 69 70 65 60 60 56 53 50 49 48 51 55 59 61 53 45 42 41 42 37 31 30 33 36 36 35 34 33 32 31 32 32 35 35 32 30 29 30 29 28 28 27 27 31 34 32 32 31 29 26 26 25 26 26 29 29 26 27 25 26 27 28 32 35 37 31 31 34 35 32 31 32 36 38 34
55 58 60 60 61 60 61 62 66 66 63 64 66 65 67 63 59 64 69 65 58 56 54 52 52 51 52 56 58 54 53 49 44 43 43 45 42 32 31 32 35 37 35 35 34 31 30 30 31 34 31 30 29 29 29 28 28 28 28 27 32 33 33 32 29 27 26 26 26 26 26 27 30 27 27 25 27 27 30 34 40 42 31 30 30 32 32 30 31 35 39 35
52 54 55 59 61 59 59 59 63 64 64 63 63 64 66 61 58 59 66 63 60 56 54 53 53 53 55 53 52 52 48 47 45 43 44 46 42 32 32 33 35 37 37 36 33 31 30 30 31 34 33 31 30 29 29 29 29 29 28 30 30 30 30 33 29 28 26 26 26 27 27 28 29 27 26 26 27 28 30 34 38 41 31 30 29 29 30 30 31 35 39 36
49 49 50 53 56 57 57 57 58 60 62 62 62 63 64 60 58 57 57 59 56 54 54 53 53 53 54 56 55 53 50 48 46 44 43 43 36 33 33 34 35 38 38 36 34 31 31 31 32 32 33 31 31 29 29 30 30 29 30 29 29 29 28 33 32 30 28 26 26 26 28 28 28 29 29 30 30 31 34 37 39 43 38 35 30 29 29 29 31 36 37 38
50 49 48 48 49 52 55 57 57 59 60 61 61 62 63 59 60 58 56 57 56 54 54 53 53 52 54 58 56 53 51 49 48 46 45 41 35 34 33 34 38 39 38 36 34 31 31 32 33 33 32 33 33 33 31 30 29 32 33 30 29 28 28 31 38 31 31 27 26 26 27 28 31 34 34 39 35 34 36 38 42 44 44 46 34 29 28 28 30 35 34 40
49 57 53 47 47 49 54 55 56 59 59 60 62 62 60 61 62 59 60 59 56 54 54 53 53 53 54 56 57 54 50 50 48 46 45 38 37 36 35 34 37 38 38 36 33 31 31 34 34 33 33 33 34 35 37 32 30 32 33 33 28 27 28 29 38 38 42 29 27 27 27 29 34 37 37 44 40 37 38 37 39 40 42 45 36 28 28 28 28 30 32 40
45 53 61 51 46 48 52 53 53 55 58 58 60 60 60 61 60 61 61 61 57 54 54 54 54 53 54 57 65 55 52 52 49 47 43 41 40 38 35 35 41 41 38 36 33 32 33 36 35 34 33 33 33 33 33 33 35 32 28 27 26 27 28 28 34 37 35 28 27 27 27 29 34 37 41 46 45 38 36 33 32 32 32 34 36 32 27 27 28 28 30 35
41 43 54 57 46 47 48 50 52 54 54 57 59 59 59 58 60 60 56 57 56 54 54 54 54 54 54 56 60 61 57 56 50 47 45 43 43 41 36 36 45 41 38 37 33 32 35 37 35 34 33 33 32 31 30 30 33 31 27 27 26 27 26 27 31 32 32 28 28 28 29 31 32 33 41 47 49 37 33 31 30 30 32 30 31 30 27 27 27 28 29 31
40 42 45 48 49 48 48 49 51 52 53 55 56 56 57 58 59 60 59 57 58 57 53 54 54 54 54 56 58 64 62 56 50 48 46 44 44 45 39 37 43 41 38 38 34 32 36 37 37 36 35 34 32 30 30 31 30 29 28 26 26 26 26 27 30 30 28 28 28 29 30 37 34 36 36 40 46 37 33 32 31 32 33 33 30 29 27 27 27 27 28 30
40 41 44 46 47 49 49 49 49 51 52 53 54 54 56 57 58 58 58 58 57 55 53 53 54 54 55 57 63 57 61 52 50 48 47 46 45 48 42 39 41 40 39 38 35 34 36 36 36 38 37 33 31 29 31 32 32 29 27 25 25 25 26 27 28 28 29 28 29 29 31 37 35 34 32 33 33 35 34 34 35 34 33 31 30 29 28 27 27 27 28 31
41 42 44 46 46 47 47 48 49 50 50 51 53 53 54 55 55 55 55 55 56 54 52 53 53 54 55 59 60 54 54 53 51 49 47 46 46 48 43 42 42 39 41 38 36 35 35 36 38 38 37 33 30 30 30 28 28 26 25 24 25 25 26 26 27 28 28 28 29 30 35 40 41 33 29 28 29 34 36 36 36 35 32 31 31 31 31 28 27 28 30 34
43 43 44 46 49 47 47 48 49 50 50 51 53 54 54 53 53 53 54 54 54 53 52 52 53 54 55 55 59 55 57 55 52 49 48 48 47 46 43 43 43 38 42 40 38 36 35 36 41 41 37 34 33 32 32 30 26 24 26 29 27 25 26 26 27 29 29 29 29 30 35 38 39 36 30 27 27 31 34 38 38 39 33 32 33 33 33 27 28 29 30 35
44 44 45 47 50 48 48 48 49 50 50 51 52 54 52 52 52 52 53 53 53 52 51 51 52 54 57 55 54 55 55 54 51 49 48 48 48 46 43 43 41 39 43 42 39 36 35 35 35 36 35 35 34 32 32 28 25 25 26 31 31 25 25 26 26 32 38 32 28 29 31 36 36 36 30 27 27 28 37 40 39 36 33 32 32 31 30 28 28 29 32 37
46 46 46 47 48 48 49 49 49 50 51 51 52 52 51 52 52 52 51 52 52 51 50 50 51 53 56 56 56 53 53 52 50 49 49 48 47 45 42 42 40 41 43 40 38 37 36 36 36 35 36 35 34 35 31 28 32 28 28 32 26 25 26 26 27 32 34 31 28 28 29 32 33 34 31 28 27 27 31 39 36 35 31 31 31 28 28 28 29 30 33 36
48 48 48 48 48 48 49 49 50 50 51 52 51 51 51 52 52 51 50 51 52 50 49 49 50 52 57 62 56 51 51 50 49 49 49 48 47 44 42 41 42 43 41 39 37 38 36 36 35 35 37 37 35 32 30 33 34 32 33 28 25 25 27 29 31 38 39 33 28 28 28 30 32 33 32 28 28 27 28 35 34 31 30 30 28 28 28 29 31 32 36 41
50 50 49 49 49 49 50 51 51 51 52 52 51 51 51 51 50 50 49 50 50 50 50 49 49 52 59 63 52 49 49 48 49 49 48 49 47 44 42 43 44 42 39 37 37 39 37 36 34 35 34 35 35 35 35 34 34 31 32 26 25 26 32 36 44 44 33 29 27 27 28 29 31 31 32 29 27 27 27 30 31 30 29 28 28 28 29 30 33 36 42 50
52 52 51 51 50 50 51 51 52 53 52 52 52 51 50 50 50 50 49 49 49 49 50 49 48 54 59 59 51 49 48 48 48 47 48 49 48 43 42 42 42 40 38 37 37 38 37 35 36 39 37 34 34 33 33 32 36 34 30 27 26 27 35 41 48 37 33 29 27 27 27 27 28 29 30 29 27 27 27 29 34 35 29 28 28 28 29 31 34 38 42 47
54 54 53 53 52 52 52 53 53 53 53 53 52 51 51 50 50 49 48 48 48 48 49 48 48 52 57 63 54 49 48 47 46 46 47 48 47 43 42 41 40 40 38 37 37 37 38 37 34 37 37 36 35 33 31 33 35 33 32 32 29 28 31 39 34 31 35 29 26 26 26 26 27 27 30 29 27 27 27 27 31 33 29 28 28 28 29 31 36 43 47 39
57 56 55 54 54 53 53 53 53 53 53 53 52 51 50 50 50 50 49 49 47 46 47 45 48 52 56 58 55 48 47 46 45 44 45 50 49 44 42 41 40 40 40 39 38 38 39 37 34 33 33 33 36 35 33 31 31 32 36 38 31 29 30 33 28 29 33 31 27 26 26 26 26 26 29 29 27 26 27 27 31 32 29 28 28 28 29 31 38 46 43 36
