model/data/bioclim/bclim6.asc
NCOLS 300 
NROWS 300 
XLLCORNER -125.25 
YLLCORNER 30.75 
CELLSIZE 0.0416666666666667 
NODATA_value -3.4e+38 
[rows 198 to 219 of 300, columns 192 to 239 of 300]
-1.00800001621246 -0.944000005722046 -0.791999995708466 -0.488000005483627 -0.236000001430511 -0.120000004768372 -0.0560000017285347 0.224000006914139 0.436000019311905 0.476000010967255 0.76800000667572 0.935999989509583 0.527999997138977 0.175999999046326 0.184000000357628 0.304000020027161 0.38400000333786 0.508000016212463 0.736000001430511 0.864000022411346 1.25600004196167 1.74000000953674 1.90799999237061 1.82400000095367 1.51199996471405 1.02799999713898 0.948000013828278 1.12800002098083 1.46800005435944 1.89600002765656 1.97200000286102 1.74000000953674 1.43599998950958 1.29999995231628 1.40399992465973 1.60800004005432 1.64399993419647 1.57599997520447 1.56400001049042 1.53999996185303 1.20000004768372 0.740000009536743 2.09999990463257 2.44400000572205 2.69199991226196 2.76799988746643 2.92000007629395 3.0239999294281
-0.88400000333786 -0.851999998092651 -0.708000004291534 -0.439999997615814 -0.11600000411272 0.208000004291534 0.19200000166893 0.400000005960464 0.688000023365021 0.959999978542328 1.02400004863739 1.2039999961853 0.899999976158142 0.495999991893768 0.184000000357628 0.212000012397766 0.439999997615814 0.53600001335144 0.65200001001358 0.819999992847443 1.04799997806549 1.40400004386902 1.60000002384186 1.82799994945526 1.74800002574921 1.49600005149841 1.58000004291534 1.75600004196167 1.60399997234344 1.65199995040894 1.79199993610382 2.01200008392334 1.92799997329712 1.24000000953674 1.15600001811981 1.34399998188019 1.28400003910065 1.14400005340576 1.48000001907349 1.75600004196167 1.21200001239777 1.24000000953674 2.51999998092651 2.89600014686584 2.90400004386902 2.96399998664856 3.11999988555908 3.18799996376038
-0.828000009059906 -0.907999992370605 -0.864000022411346 -0.551999986171722 -0.0720000043511391 0.291999995708466 0.356000006198883 0.432000011205673 0.587999999523163 0.600000023841858 0.667999982833862 0.675999999046326 0.472000002861023 0.256000012159348 0.104000002145767 0.259999990463257 0.639999985694885 0.763999998569489 0.712000012397766 0.763999998569489 0.736000001430511 0.800000011920929 1.17200005054474 1.78799998760223 2.06399989128113 2.09999990463257 2.31200003623962 2.18400001525879 1.66799998283386 1.30799996852875 1.41199994087219 1.79199993610382 1.60399997234344 1.1360000371933 1.18799996376038 1.28799998760223 1.14400005340576 1.11199998855591 1.49600005149841 1.78400003910065 1.27600002288818 1.98000001907349 2.72399997711182 2.93600010871887 2.91200017929077 3.05999994277954 3.21200013160706 3.26399993896484
-0.73199999332428 -0.624000012874603 -0.667999982833862 -0.480000019073486 -0.26800000667572 -0.0120000001043081 0.288000017404556 0.519999980926514 0.523999989032745 0.439999997615814 0.560000002384186 0.675999999046326 0.663999974727631 0.639999985694885 0.407999992370605 0.284000009298325 0.555999994277954 0.712000012397766 0.620000004768372 0.600000023841858 0.555999994277954 0.65200001001358 1.23199999332428 1.82000005245209 2.18799996376038 2.1159999370575 2.08399987220764 2.09999990463257 1.92400002479553 1.65199995040894 1.47200000286102 1.50399994850159 1.38399994373322 1.44000005722046 1.64400005340576 1.62000000476837 1.19599997997284 1.09200000762939 1.39999997615814 1.50400006771088 1.22800004482269 2.51999998092651 2.88000011444092 2.80399990081787 2.86400008201599 3.05999994277954 3.1399998664856 3.07200002670288
-0.495999991893768 -0.172000005841255 -0.184000000357628 -0.15200001001358 -0.180000007152557 -0.196000009775162 -0.0760000050067902 0.128000006079674 0.0360000021755695 0.0480000004172325 0.291999995708466 0.492000013589859 0.624000012874603 0.952000021934509 0.976000010967255 0.592000007629395 0.620000004768372 0.712000012397766 0.568000018596649 0.564000010490417 0.643999993801117 0.916000008583069 1.28799998760223 1.83599996566772 2.21600008010864 2.05200004577637 1.62399995326996 1.63999998569489 2.04399991035461 2.18799996376038 1.93999993801117 1.76399993896484 1.75999999046326 1.99199998378754 2.03999996185303 1.5440000295639 0.800000011920929 0.547999978065491 1.31200003623962 1.77199995517731 2.41599988937378 2.99200010299683 3.07599997520447 2.9760000705719 3.18400001525879 3.41199994087219 3.27999997138977 2.9520001411438
-0.236000001430511 0.0199999995529652 0.0399999991059303 -0.0640000030398369 -0.275999993085861 -0.448000013828278 -0.516000032424927 -0.483999997377396 -0.53600001335144 -0.667999982833862 -0.65200001001358 -0.727999985218048 -0.404000014066696 0.551999986171722 0.88400000333786 0.860000014305115 0.935999989509583 0.959999978542328 0.76800000667572 0.76800000667572 0.892000019550323 1.08799993991852 1.05599999427795 1.47200000286102 1.96800005435944 2.04399991035461 1.65600001811981 1.53200006484985 1.96800005435944 2.42400002479553 2.52799987792969 2.42799997329712 2.2720000743866 2.30399990081787 2.1800000667572 2.12800002098083 1.66799998283386 1.6360000371933 2.11999988555908 2.37199997901917 2.89199995994568 3.18400001525879 3.3840000629425 3.60400009155273 3.74000000953674 4.00400018692017 3.6800000667572 3.13199996948242
-0.00800000037997961 -0.0560000017285347 -0.180000007152557 -0.276000022888184 -0.30799999833107 -0.408000022172928 -0.607999980449677 -0.740000009536743 -0.856000006198883 -0.972000002861023 -0.980000019073486 -0.836000025272369 -0.508000016212463 -0.096000000834465 -0.124000005424023 -0.096000000834465 0.448000013828278 0.791999995708466 0.800000011920929 0.903999984264374 1.26399993896484 1.567999958992 1.20000004768372 1.11600005626678 1.47599995136261 1.74399995803833 1.81200003623962 1.90799999237061 2.29200005531311 2.7039999961853 2.93199992179871 3.03600001335144 2.83599996566772 2.72000002861023 2.60800004005432 2.64800000190735 2.55999994277954 2.63199996948242 2.8439998626709 3.02799987792969 3.33599996566772 3.4760000705719 3.7279999256134 4.1560001373291 4.36800003051758 4.38399982452393 3.73200011253357 3.2279999256134
-0.296000003814697 -0.363999992609024 -0.492000013589859 -0.564000010490417 -0.587999999523163 -0.46000000834465 -0.568000018596649 -0.903999984264374 -1.08800005912781 -1.2039999961853 -1.58000004291534 -1.00399994850159 -0.836000025272369 -0.948000013828278 -1.08800005912781 -1.1599999666214 -0.635999977588654 -0.140000000596046 0.428000003099442 0.871999979019165 1.29200005531311 1.27600002288818 1.00399994850159 1.09599995613098 1.41600000858307 1.87599992752075 2.2720000743866 2.64800000190735 2.78800010681152 2.88000011444092 3.21600008010864 3.50399994850159 3.48399996757507 3.53999996185303 3.53200006484985 3.41600012779236 3.14800000190735 3.03999996185303 3.48399996757507 3.64400005340576 3.72399997711182 3.64400005340576 4.09999990463257 4.68400001525879 4.6560001373291 4.23600006103516 3.60800004005432 3.27999997138977
-0.519999980926514 -0.699999988079071 -0.675999999046326 -0.671999990940094 -0.663999974727631 -0.472000002861023 -0.607999980449677 -0.836000025272369 -1.13199996948242 -0.991999983787537 -0.89599996805191 -1.09599995613098 -0.523999989032745 -0.875999987125397 -1.25999999046326 -1.16400003433228 -0.708000004291534 -0.128000006079674 0.356000006198883 0.73199999332428 1.36000001430511 1.24000000953674 0.776000022888184 0.875999987125397 1.08800005912781 1.73599994182587 2.59200000762939 3.15599989891052 3.32800006866455 3.37199997901917 3.6800000667572 4.06799983978271 4.28399991989136 4.36800003051758 4.46799993515015 4.51999998092651 4.13600015640259 3.74000000953674 3.86800003051758 4.43599987030029 4.52400016784668 4.26800012588501 4.2480001449585 4.46000003814697 4.46000003814697 4.1560001373291 3.73200011253357 3.52800011634827
-0.695999979972839 -0.871999979019165 -0.716000020503998 -0.564000010490417 -0.783999979496002 -0.635999977588654 -0.38400000333786 -0.416000008583069 -0.508000016212463 -0.787999987602234 -0.896000027656555 -0.452000021934509 -0.416000008583069 -0.772000014781952 -0.572000026702881 -0.340000003576279 -0.156000003218651 0.408000022172928 0.639999985694885 0.843999981880188 1.31599998474121 1.2039999961853 1.08800005912781 1.01999998092651 1.16400003433228 1.72800004482269 2.63599991798401 3.2720000743866 3.40000009536743 3.4760000705719 3.81200003623962 4.28000020980835 4.48000001907349 4.49599981307983 4.58799982070923 4.73199987411499 5 4.86800003051758 4.50400018692017 4.61600017547607 4.96799993515015 4.97599983215332 4.48799991607666 4.08799982070923 4.07200002670288 4.03599977493286 4.09600019454956 3.94000005722046
-0.835999965667725 -0.727999985218048 -0.671999990940094 -0.632000029087067 -0.632000029087067 -0.620000004768372 -0.38400000333786 -0.540000021457672 -0.624000012874603 -0.748000025749207 -0.787999987602234 -0.555999994277954 -0.560000002384186 -0.388000011444092 -0.340000003576279 -0.30799999833107 0.0480000004172325 0.124000005424023 0.159999996423721 0.523999989032745 0.836000025272369 0.664000034332275 0.699999988079071 0.948000013828278 1.33200001716614 1.7039999961853 2.1800000667572 2.91199994087219 3.35199999809265 3.53200006484985 3.78399991989136 4.01599979400635 4.05999994277954 4.08400011062622 4.23999977111816 4.41200017929077 4.51599979400635 4.54400014877319 4.37200021743774 4.26800012588501 4.27199983596802 4.47200012207031 4.31199979782104 3.9760000705719 3.98399996757507 4.16400003433228 4.44400024414062 4.22399997711182
-0.832000017166138 -1 -0.800000011920929 -0.671999990940094 -0.576000034809113 -0.376000016927719 -0.379999995231628 -1.10000002384186 -1.22000002861023 -1.02400004863739 -0.948000013828278 -0.783999979496002 -0.568000018596649 -0.184000000357628 -0.108000002801418 -0.240000009536743 -0.156000003218651 0.0399999991059303 0.124000005424023 0.428000003099442 0.675999999046326 0.703999996185303 1.06000006198883 1.25600004196167 1.4559999704361 1.70800006389618 2.04399991035461 2.64400005340576 3.17199993133545 3.62400007247925 4.09600019454956 4.27600002288818 4.08400011062622 3.96799993515015 4.03999996185303 4.12400007247925 3.85599994659424 3.88000011444092 3.76799988746643 3.63199996948242 3.49600005149841 3.66000008583069 4.02400016784668 4.40799999237061 4.68800020217896 4.53600025177002 4.16400003433228 4.17600011825562
-0.716000020503998 -0.944000005722046 -0.807999968528748 -0.372000008821487 -0.356000006198883 -0.216000005602837 -0.796000003814697 -1.432000041008 -1.50800001621246 -1.29199993610382 -1.07200002670288 -0.819999992847443 -0.360000014305115 -0.00399999972432852 -0.108000002801418 -0.296000003814697 -0.108000002801418 0.248000010848045 0.759999990463257 1.2039999961853 1.3400000333786 1.24800002574921 1.15600001811981 1.38399994373322 1.67200005054474 1.76399993896484 1.92799997329712 2.31200003623962 2.86400008201599 3.38800001144409 3.87999987602234 4.35599994659424 4.42799997329712 4.00799989700317 3.91600012779236 4.26800012588501 4.51599979400635 4.22800016403198 3.84400010108948 3.57599997520447 3.43200016021729 3.55999994277954 4.16799974441528 4.97599983215332 5.03999996185303 4.4520001411438 3.94000005722046 3.98799991607666
-0.688000023365021 -0.916000008583069 -0.972000002861023 -0.748000025749207 -0.628000020980835 -0.699999988079071 -0.860000014305115 -1.10000002384186 -1.22800004482269 -1.18400001525879 -0.991999983787537 -0.891999959945679 -0.564000010490417 -0.272000014781952 -0.404000014066696 -0.548000037670135 -0.26800000667572 0.291999995708466 0.620000004768372 1.067999958992 1.12000000476837 1.05999994277954 1.03200006484985 1.21200001239777 1.42799997329712 1.88800001144409 2.07999992370605 2.31599998474121 2.77600002288818 3.17199993133545 3.44400000572205 3.92799997329712 4.3439998626709 4.28800010681152 4.38399982452393 4.64799976348877 4.88000011444092 4.69600009918213 4.38399982452393 3.98399996757507 3.72399997711182 3.7039999961853 4.03599977493286 4.63199996948242 4.78800010681152 4.2039999961853 4.02799987792969 4.23199987411499
-0.560000002384186 -1.3400000333786 -1.3639999628067 -1.48000001907349 -1.65600001811981 -1.16799998283386 -0.976000010967255 -0.959999978542328 -0.944000005722046 -0.903999984264374 -0.807999968528748 -0.695999979972839 -0.476000010967255 -0.296000003814697 -0.596000015735626 -0.807999968528748 -0.527999997138977 -0.0520000010728836 0.328000009059906 1.04799997806549 0.763999998569489 0.508000016212463 0.896000027656555 1.17200005054474 1.43599998950958 1.82799994945526 2.09200000762939 2.33999991416931 2.67599987983704 2.77999997138977 3.07599997520447 3.41199994087219 3.82800006866455 4.06799983978271 4.27199983596802 4.60400009155273 4.85599994659424 4.55599975585938 4.36800003051758 4.12799978256226 4.17999982833862 4.0479998588562 3.81599998474121 3.90799999237061 4.06799983978271 3.9760000705719 4.04400014877319 4.32000017166138
-0.555999994277954 -1.25999999046326 -1.82000005245209 -2.40799999237061 -2.88800001144409 -3.33200001716614 -2.81200003623962 -2.36800003051758 -2.21199989318848 -1.77199995517731 -1.87600004673004 -1.08399999141693 -0.65200001001358 -0.467999994754791 -0.579999983310699 -0.780000030994415 -0.692000031471252 -0.532000005245209 -0.0760000050067902 0.564000010490417 0.456000000238419 0.260000020265579 0.368000000715256 0.812000036239624 1.35599994659424 1.61600005626678 1.60399997234344 1.83200001716614 2.27999997138977 2.52799987792969 2.78399991989136 3.08399987220764 3.13599991798401 3.37599992752075 3.59999990463257 4.13199996948242 4.56400012969971 4.35200023651123 3.94000005722046 3.86800003051758 4.22800016403198 4.19600009918213 3.71199989318848 3.45600008964539 3.48399996757507 3.71200013160706 4.17199993133545 4.3600001335144
-1.35599994659424 -1.52799999713898 -1.69200003147125 -2.61199998855591 -3.46399998664856 -4.41599988937378 -4.97200012207031 -5.2039999961853 -5.29199981689453 -4.82000017166138 -3.72000002861023 -2.53200006484985 -2.48399996757507 -1.76800000667572 -1.61199998855591 -1.32400000095367 -1.08399999141693 -0.759999990463257 -0.228000000119209 0.180000007152557 0.276000022888184 0.38400000333786 0.351999998092651 0.544000029563904 1.15199995040894 1.40799999237061 1.23599994182587 1.37999999523163 1.96000003814697 2.6800000667572 3.00799989700317 3.17599987983704 3.18400001525879 3.10399985313416 2.89599990844727 3.45600008964539 4.05200004577637 4.01999998092651 3.69199991226196 3.59999990463257 3.8199999332428 4.06400012969971 3.75999999046326 3.40000009536743 3.42400002479553 3.7279999256134 4.37200021743774 4.48400020599365
-1.13199996948242 -1.67599999904633 -1.92400002479553 -2.68400001525879 -3.7039999961853 -4.40000009536743 -5.40000009536743 -5.93599987030029 -5.99200010299683 -5.88000011444092 -5.48000001907349 -4.87200021743774 -4.60400009155273 -3.75600004196167 -2.50399994850159 -1.94400000572205 -1.38399994373322 -0.980000019073486 -0.351999998092651 -0.00800000037997961 0.0640000030398369 0.467999994754791 0.479999989271164 0.551999986171722 0.931999981403351 1.22399997711182 1.26399993896484 1.40400004386902 1.96000003814697 2.64800000190735 2.98000001907349 3.07999992370605 3.11199998855591 3.3600001335144 3.29999995231628 3.66000008583069 3.81200003623962 3.7960000038147 3.6800000667572 3.39600014686584 3.40000009536743 3.95600008964539 4.06400012969971 3.68400001525879 3.5479998588562 3.62400007247925 4.07600021362305 4.42399978637695
0.416000008583069 -0.219999998807907 -1.22000002861023 -2.34800004959106 -3.39199995994568 -3.18400001525879 -3.96799993515015 -4.7519998550415 -4.88800001144409 -5.35599994659424 -5.81199979782104 -6.15999984741211 -6.15199995040894 -5.2519998550415 -3.29200005531311 -2.11199998855591 -1.40799999237061 -0.992000043392181 -0.420000016689301 -0.108000002801418 -0.15200001001358 0.272000014781952 0.488000005483627 0.60400003194809 0.755999982357025 1.15600001811981 1.36799991130829 1.49199998378754 1.83200001716614 2.18400001525879 2.46799993515015 2.71199989318848 2.84400010108948 3.21199989318848 3.64400005340576 3.67199993133545 3.53600001335144 3.39599990844727 3.78399991989136 3.33200001716614 3.07599997520447 3.48399996757507 4.0959997177124 4.07200002670288 3.65599989891052 3.41200017929077 3.64400005340576 4.31599998474121
3.34400010108948 2.65199995040894 1.22399997711182 -1.19209286886246e-09 -0.664000034332275 -0.635999977588654 -1.57200002670288 -2.74000000953674 -3.64400005340576 -4.65199995040894 -5.64400005340576 -6.14400005340576 -6.26800012588501 -5.56400012969971 -3.59200000762939 -1.89999997615814 -1.12000000476837 -0.755999982357025 -0.412000000476837 -0.068000003695488 0.0240000002086163 0.275999993085861 0.667999982833862 0.631999969482422 0.504000008106232 1.05999994277954 1.27999997138977 1.37599992752075 1.567999958992 1.72800004482269 2.07599997520447 2.39199995994568 2.55999994277954 2.64400005340576 2.75200009346008 2.78799986839294 2.86800003051758 3.18400001525879 3.42000007629395 3.32800006866455 2.98000001907349 2.93199992179871 3.7039999961853 4.38399982452393 4 3.50399994850159 3.54800009727478 4.28800010681152
4.24000024795532 3.7039999961853 3.07599997520447 2.50399994850159 2.26799988746643 0.779999971389771 -1.41999995708466 -3.96799993515015 -5.73600006103516 -6.40000009536743 -6.55200004577637 -6.08400011062622 -5.55200004577637 -4.51200008392334 -2.74399995803833 -1.10399997234344 -0.30799999833107 -0.0360000021755695 0.104000002145767 0.0799999982118607 0.18800000846386 0.351999998092651 0.699999988079071 0.583999991416931 0.412000000476837 0.972000002861023 1.22000002861023 1.44400000572205 1.70799994468689 1.82000005245209 2.09599995613098 2.42799997329712 2.6399998664856 2.65599989891052 2.46799993515015 2.33200001716614 2.34800004959106 2.62400007247925 2.88800001144409 3.19600009918213 3.14800000190735 3.01999998092651 3.66000008583069 4.42400026321411 4.30800008773804 3.79200005531311 3.61199998855591 4.06400012969971
4.18400001525879 3.94799995422363 3.85599994659424 3.55999994277954 2.55200004577637 1.08000004291534 -0.392000019550323 -2.92799997329712 -4.81199979782104 -6.98799991607666 -7.5479998588562 -6.11999988555908 -4.31599998474121 -2.19600009918213 -0.995999991893768 0.124000005424023 1.02799999713898 1.41199994087219 0.920000016689301 0.324000000953674 0.0240000002086163 -0.131999999284744 0.244000002741814 0.416000008583069 0.46000000834465 0.648000001907349 0.980000019073486 1.17599999904633 1.62800002098083 2.09200000762939 2.46000003814697 2.84400010108948 3.01600003242493 3.05599999427795 2.92400002479553 2.83599996566772 2.92000007629395 3.14400005340576 3.21200013160706 3.24799990653992 3.28399991989136 3.25200009346008 3.56400012969971 4.1399998664856 4.2519998550415 4.11999988555908 3.85199999809265 4.00400018692017
