model/data/bioclim/bclim1.asc
NCOLS 300 
NROWS 300 
XLLCORNER -125.250000000003 
YLLCORNER 30.7499999999996 
CELLSIZE 0.041666666666667 
NODATA_value -32768 
[rows 38 to 75 of 300, columns 174 to 260 of 300]
88 95 95 95 93 88 72 60 51 39 46 43 47 48 64 69 65 64 65 66 66 67 69 71 71 71 72 73 74 73 73 73 73 72 71 70 70 70 71 71 69 68 66 53 51 54 52 45 32 37 40 48 52 49 45 44 39 41 49 54 44 39 41 31 43 43 50 50 52 54 51 46 48 49 58 65 65 60 56 52 39 39 54 60 64 70 67
91 96 96 96 94 88 64 48 37 58 69 68 53 52 66 75 70 66 67 69 70 70 71 71 71 71 74 73 74 73 73 73 73 72 71 70 70 69 72 71 71 68 64 46 58 58 49 42 32 41 46 51 52 49 41 41 42 40 48 53 47 44 43 45 49 51 53 48 44 44 42 42 51 57 60 64 65 61 55 47 35 44 57 62 68 71 68
89 97 97 96 95 88 61 40 46 68 78 83 79 66 76 77 71 58 66 69 69 71 72 74 75 75 74 73 73 73 73 72 72 72 71 69 69 69 72 68 67 66 66 61 62 59 45 39 31 31 48 51 51 49 45 46 47 44 46 51 53 48 45 48 52 55 56 53 46 36 31 35 45 53 57 60 63 62 56 48 42 57 62 68 71 71 70
94 97 97 97 96 91 74 47 40 72 85 87 87 84 75 72 67 65 71 73 78 77 75 78 75 75 74 72 72 72 72 71 70 71 71 69 68 67 70 59 58 60 63 57 56 53 49 32 11 27 50 53 52 47 47 52 45 42 48 50 54 53 45 39 51 57 58 55 51 38 30 32 43 51 56 59 61 61 57 49 57 65 67 70 67 62 67
98 98 98 97 96 88 61 35 49 74 87 89 89 87 83 74 72 75 79 79 84 81 75 81 75 72 74 71 70 71 72 68 68 71 69 66 64 57 65 67 65 66 67 60 63 60 48 22 25 44 52 55 55 49 48 52 53 49 49 52 53 53 47 40 51 56 58 56 54 44 34 31 37 48 55 58 60 61 57 52 65 69 70 68 59 53 60
98 99 98 98 96 82 44 37 66 81 89 91 91 88 88 84 83 84 85 84 86 85 80 69 69 73 73 70 69 70 71 68 68 67 60 51 56 52 63 56 56 62 63 67 68 65 54 41 32 48 55 56 57 53 46 49 57 57 51 54 48 45 48 47 52 57 59 58 57 53 45 34 36 48 55 58 58 62 62 63 68 69 68 65 58 58 65
98 99 99 98 95 87 65 44 68 84 90 92 92 87 83 87 88 89 88 87 86 82 77 67 63 65 70 67 68 69 70 67 63 58 58 56 60 54 54 51 52 55 57 67 70 67 62 51 41 45 56 59 59 56 48 49 56 60 57 54 44 37 46 51 50 58 60 59 59 56 52 48 44 50 55 57 52 61 65 66 66 68 68 66 65 65 66
91 97 99 99 90 86 84 70 73 90 93 93 90 75 78 86 89 89 87 84 85 81 72 58 52 56 63 63 60 65 66 64 64 65 67 67 67 61 54 38 37 44 54 65 70 69 63 43 39 44 56 59 60 60 55 54 60 62 61 52 45 43 47 50 49 56 61 60 60 57 52 54 43 44 52 52 55 61 63 60 61 66 67 65 64 62 62
79 93 99 99 90 77 82 89 92 94 94 94 90 81 79 88 89 88 84 76 81 79 71 64 54 48 59 62 50 59 62 69 74 74 74 72 68 62 55 40 52 57 65 69 70 67 54 34 44 51 58 60 61 61 61 61 63 63 61 57 54 50 47 48 53 60 62 62 61 59 58 53 38 47 54 56 56 53 52 55 60 65 66 64 63 59 55
77 93 99 98 89 69 81 93 94 95 95 94 90 79 83 89 88 82 81 77 83 82 77 66 52 48 54 56 55 60 71 77 78 76 72 71 70 69 58 54 57 66 70 71 69 63 51 48 53 57 61 62 62 62 63 62 60 60 61 61 60 58 53 55 61 63 63 63 63 61 61 61 57 50 58 59 58 53 44 53 58 63 65 65 62 58 52
80 92 98 98 89 65 74 92 95 95 95 94 84 68 85 87 77 66 80 85 86 84 80 75 66 46 41 57 70 74 78 80 78 76 75 76 75 73 68 65 60 66 70 68 58 56 59 60 58 62 63 64 64 65 62 57 54 57 60 64 63 60 59 59 62 64 63 64 64 63 63 63 61 51 53 58 54 53 48 55 59 61 61 63 63 58 47
76 90 98 98 90 62 78 92 95 96 96 92 79 73 84 77 56 62 83 88 88 86 83 77 71 70 80 78 79 80 81 81 78 73 69 71 75 72 69 67 59 58 61 60 54 63 65 58 60 63 64 61 65 64 60 51 48 54 60 63 66 61 61 62 64 65 65 64 64 64 64 63 58 51 60 57 49 56 58 59 55 54 56 60 62 59 53
83 94 98 99 93 77 86 93 95 96 96 92 78 82 82 64 52 71 87 90 91 89 88 88 89 89 82 76 80 80 79 74 70 71 71 70 74 73 70 65 56 49 54 53 65 70 66 60 50 59 64 66 65 62 57 53 53 58 64 67 66 61 61 62 64 65 65 65 65 65 65 64 62 62 63 60 52 56 60 61 51 44 43 53 59 62 62
92 97 100 99 96 89 89 95 96 96 96 95 92 90 78 64 80 88 92 92 92 92 91 91 90 81 77 78 77 74 76 76 73 71 74 73 76 75 71 63 51 51 56 61 70 73 67 58 47 58 64 66 64 58 47 54 62 65 66 69 61 59 64 63 65 66 66 66 65 63 61 61 63 63 61 57 56 61 64 63 59 51 43 52 59 62 64
96 99 99 98 93 86 93 97 97 97 97 96 94 80 79 89 94 95 94 94 93 93 92 91 90 87 78 67 72 78 82 80 75 79 81 78 78 75 74 67 54 48 53 69 72 73 66 59 61 65 67 66 62 55 51 61 66 69 68 70 63 65 68 68 68 67 66 64 56 41 52 52 62 59 52 46 52 63 66 66 62 48 50 58 63 66 65
91 93 93 90 86 77 93 97 96 94 96 97 94 81 87 95 96 96 95 95 94 93 93 92 90 86 76 64 76 82 85 84 83 83 82 79 76 78 79 74 63 62 68 75 76 70 61 61 67 70 65 65 60 54 55 65 70 71 71 71 67 69 70 69 68 67 65 59 40 15 44 57 63 60 54 42 46 60 68 68 66 46 46 59 67 68 66
97 94 94 96 93 90 96 93 89 82 91 97 96 90 93 95 95 96 96 95 95 94 93 92 91 85 76 76 81 85 86 86 85 84 82 79 79 83 80 79 67 71 76 78 77 65 57 65 72 68 63 63 59 59 64 71 73 74 73 72 71 72 71 69 68 66 61 51 31 17 51 62 65 63 59 47 48 61 69 69 64 44 38 61 70 70 66
100 98 96 98 98 97 93 85 73 63 80 92 95 95 86 89 92 96 96 95 95 95 94 93 92 87 86 85 83 86 86 86 79 82 81 78 84 84 82 76 68 75 79 80 76 70 58 66 73 70 64 60 59 64 72 75 76 73 74 74 74 74 72 70 69 63 53 35 15 18 56 66 67 67 63 59 59 66 69 70 63 38 43 68 71 71 69
100 99 98 98 98 97 91 74 50 51 71 85 90 85 82 88 94 97 96 96 95 95 95 94 93 91 90 84 82 84 83 85 72 80 79 82 88 87 87 79 69 80 82 82 79 75 71 73 74 69 64 65 70 73 76 76 63 65 73 75 75 73 73 72 70 62 45 33 15 20 58 67 68 69 68 67 68 70 71 71 67 43 54 70 72 72 71
100 93 89 90 98 98 89 65 54 37 66 82 87 82 90 95 97 97 96 96 96 96 95 95 93 93 89 84 82 82 82 82 80 82 84 89 89 90 90 83 75 82 84 81 79 81 79 80 76 71 67 74 77 78 79 72 70 73 75 75 74 73 74 72 69 61 58 56 43 37 54 69 70 70 70 70 71 71 71 71 70 52 61 73 73 73 72
97 79 66 81 97 98 92 79 58 58 62 76 85 88 95 95 92 92 92 95 95 96 95 95 94 93 85 74 77 78 78 77 78 88 90 90 90 90 89 85 81 81 82 82 83 84 84 81 77 71 76 80 81 79 76 73 76 75 74 75 74 74 72 70 65 44 49 61 58 44 54 70 71 71 71 71 72 72 72 72 71 58 66 73 74 74 74
92 77 72 82 98 98 96 87 64 70 51 71 92 95 90 78 74 84 83 89 93 95 96 95 95 93 87 66 70 72 74 78 88 91 91 91 91 90 89 84 77 72 81 84 87 86 86 83 78 80 84 83 80 73 72 77 78 76 74 73 73 73 68 58 43 25 42 64 64 51 63 71 72 72 72 70 67 72 73 73 73 60 66 74 74 75 74
94 87 77 73 95 99 98 95 82 69 67 83 94 89 74 71 83 87 85 85 88 91 94 95 95 95 91 74 66 73 85 91 92 91 91 91 90 89 88 80 70 64 81 86 88 88 88 85 81 85 78 80 77 76 79 79 78 76 74 72 71 67 57 46 26 28 61 67 66 54 65 71 72 73 73 71 64 72 73 74 73 67 69 75 75 75 75
99 96 91 75 87 98 99 97 88 69 75 90 91 80 83 87 89 89 85 78 65 74 90 94 95 95 95 91 88 92 93 92 92 90 87 89 90 87 87 82 72 74 83 86 88 86 82 80 81 76 69 81 79 82 80 79 78 77 74 69 60 40 32 23 18 58 68 69 68 64 68 71 72 73 73 72 62 71 74 73 67 50 66 75 75 76 76
100 97 87 71 84 96 98 98 95 84 80 88 87 81 82 88 92 88 77 60 59 61 81 91 96 95 95 95 94 92 84 79 76 78 82 88 90 88 88 85 82 78 80 84 85 80 74 69 70 73 78 82 81 82 81 79 77 76 67 43 26 31 23 16 39 67 70 70 69 66 68 67 71 72 73 67 60 71 71 68 54 38 58 75 76 76 76
96 80 71 68 86 95 97 98 95 83 81 83 74 57 75 88 92 87 70 56 57 60 78 87 95 95 95 95 94 91 77 69 79 87 89 90 90 89 88 88 87 85 85 89 84 80 71 68 72 78 83 83 82 78 81 79 77 73 66 47 24 15 9 28 57 70 71 71 70 69 68 66 70 71 69 52 49 62 66 60 43 49 64 76 76 76 76
90 68 61 68 85 90 89 95 96 92 86 78 58 53 80 92 94 90 80 75 72 76 88 93 95 95 95 95 95 92 85 79 86 89 87 88 90 90 91 90 89 88 85 82 89 83 78 71 76 81 82 79 79 76 82 79 78 76 72 62 47 26 15 48 68 72 72 72 71 70 67 61 68 68 63 45 30 51 55 53 57 65 73 76 77 77 77
91 67 66 74 80 73 76 89 91 94 88 75 62 73 88 94 96 95 92 90 87 85 95 96 96 96 95 95 94 92 84 78 84 85 89 91 91 91 90 86 83 86 78 76 87 84 68 52 69 78 75 77 76 79 83 82 79 76 62 40 30 23 30 64 73 73 73 72 72 71 66 64 69 68 62 36 41 51 49 56 67 73 76 77 77 77 77
102 92 82 87 76 65 70 83 89 93 90 71 58 85 94 97 98 97 97 96 96 95 97 96 96 95 91 82 80 80 79 68 77 88 91 92 92 91 89 81 82 89 78 80 88 87 79 64 69 73 71 74 69 80 84 82 80 75 56 31 16 30 53 71 74 74 74 73 72 72 70 71 71 69 66 59 58 63 63 67 73 76 77 77 77 77 77
106 103 98 87 69 59 79 92 96 97 86 63 57 91 98 99 98 98 96 96 97 97 96 95 93 86 68 60 73 69 67 73 84 90 93 93 91 87 88 89 91 85 76 84 89 89 81 72 58 66 67 73 75 82 84 84 82 76 61 43 23 52 72 75 75 75 74 73 73 73 72 72 72 72 70 68 67 69 71 74 76 77 75 75 77 78 78
107 106 103 94 77 63 85 96 101 96 72 41 71 95 99 99 99 98 87 94 98 97 96 94 89 74 52 44 68 63 69 82 88 92 94 94 94 93 93 92 89 76 77 86 90 89 78 68 52 61 71 76 80 83 84 83 82 70 54 32 27 67 76 76 76 76 75 73 72 72 69 69 72 72 69 63 68 72 74 76 77 73 65 67 73 77 78
108 107 106 100 86 64 83 99 101 93 72 51 77 96 100 100 98 92 87 96 98 98 96 93 84 65 53 52 71 75 75 86 91 94 95 95 95 94 89 77 64 66 80 87 90 88 82 73 61 68 75 79 82 84 85 82 80 74 63 52 53 76 77 77 76 75 73 71 70 70 70 63 72 64 63 66 70 72 75 77 75 66 50 60 70 75 77
108 108 106 96 82 69 79 99 102 85 81 70 82 96 99 97 87 77 85 95 98 98 95 87 78 68 63 54 73 79 82 88 94 95 96 96 94 87 70 63 63 76 83 88 91 89 84 71 61 70 77 81 84 85 84 82 79 73 65 58 64 78 78 77 75 71 63 63 64 67 71 73 70 53 55 65 71 74 76 76 73 65 50 57 62 73 78
109 109 105 83 61 68 90 102 98 75 79 90 95 95 86 86 78 71 81 91 95 98 93 83 70 63 75 74 79 81 88 93 96 97 97 91 82 72 61 65 77 83 86 89 91 89 85 72 64 61 75 82 85 85 84 81 76 60 45 47 73 79 78 76 74 69 62 52 50 56 70 72 65 42 41 59 73 76 75 73 70 66 63 65 66 74 77
109 109 107 96 87 87 101 107 98 80 89 101 100 88 75 81 83 85 79 84 94 98 92 79 73 76 84 85 89 87 93 96 97 97 90 73 71 71 64 78 84 87 89 90 91 89 80 76 72 68 76 82 85 86 84 81 74 60 31 35 78 78 74 73 72 71 62 52 40 51 66 70 66 49 40 54 71 74 76 74 69 65 65 65 63 70 72
109 109 108 99 81 94 105 110 103 90 101 107 99 76 54 68 77 84 90 94 97 98 93 78 71 78 90 93 93 95 96 96 94 84 66 62 73 77 77 83 87 89 90 90 87 82 67 68 78 80 79 78 83 82 84 79 71 53 25 44 80 78 70 57 62 68 64 60 59 55 60 70 69 55 37 55 66 72 75 76 72 67 71 68 61 65 66
109 108 105 92 78 98 101 111 113 107 111 111 95 71 64 73 72 80 90 98 99 98 89 68 71 82 93 93 89 93 89 87 79 77 57 66 79 84 86 88 89 88 88 88 83 76 61 76 83 84 84 79 81 83 83 77 65 47 36 72 80 79 74 56 57 63 66 63 63 65 67 71 69 61 38 52 51 72 77 77 76 75 74 70 66 64 66
108 105 100 84 86 107 110 115 117 116 115 104 96 80 79 87 88 88 95 99 99 95 81 60 80 91 93 85 88 88 82 76 80 86 71 77 83 87 88 88 87 88 87 86 78 74 65 80 85 85 85 80 80 85 82 77 65 36 46 80 80 79 75 69 56 58 67 68 66 70 71 72 71 61 33 28 39 70 77 78 77 76 74 71 66 61 62
