model/data/bioclim/bclim5.asc
NCOLS 300 
NROWS 300 
XLLCORNER -125.250000000003 
YLLCORNER 30.7499999999996 
CELLSIZE 0.041666666666667 
NODATA_value -32768 
[rows 38 to 75 of 300, columns 0 to 85 of 300]
-32768 -32768 -32768 -32768 -32768 -32768 -32768 -32768 -32768 -32768 -32768 -32768 -32768 -32768 -32768 -32768 -32768 -32768 -32768 -32768 -32768 -32768 -32768 -32768 -32768 -32768 207 209 220 228 235 239 250 253 262 256 242 222 240 275 262 281 301 315 293 265 289 259 212 235 274 300 286 292 309 309 314 309 300 294 289 273 293 301 322 328 327 323 321 317 295 251 229 257 256 261 265 271 272 275 276 277 274 267 267 260
-32768 -32768 -32768 -32768 -32768 -32768 -32768 -32768 -32768 -32768 -32768 -32768 -32768 -32768 -32768 -32768 -32768 -32768 -32768 -32768 -32768 -32768 -32768 -32768 -32768 -32768 -32768 205 214 220 235 240 247 240 232 252 225 233 264 286 261 306 306 304 278 236 242 254 222 220 254 250 214 262 315 308 315 321 308 311 296 278 254 285 309 326 325 324 322 316 309 290 264 258 239 248 259 266 269 272 273 269 249 254 254 245
-32768 -32768 -32768 -32768 -32768 -32768 -32768 -32768 -32768 -32768 -32768 -32768 -32768 -32768 -32768 -32768 -32768 -32768 -32768 -32768 -32768 -32768 -32768 -32768 -32768 -32768 -32768 204 206 222 229 240 245 246 246 229 233 231 254 271 296 310 277 286 257 218 224 230 225 225 227 205 228 264 303 313 317 324 319 297 285 285 267 295 316 324 323 323 321 316 307 296 279 266 239 241 255 232 241 263 263 254 244 244 239 240
-32768 -32768 -32768 -32768 -32768 -32768 -32768 -32768 -32768 -32768 -32768 -32768 -32768 -32768 -32768 -32768 -32768 -32768 -32768 -32768 -32768 -32768 -32768 -32768 -32768 -32768 -32768 -32768 208 211 218 240 233 249 254 246 244 255 252 281 283 310 286 250 234 224 235 276 255 258 224 220 234 258 280 309 321 323 307 276 262 277 264 289 307 321 322 322 317 310 296 281 273 258 212 225 248 236 224 238 251 249 245 249 254 257
-32768 -32768 -32768 -32768 -32768 -32768 -32768 -32768 -32768 -32768 -32768 -32768 -32768 -32768 -32768 -32768 -32768 -32768 -32768 -32768 -32768 -32768 -32768 -32768 -32768 -32768 -32768 -32768 210 215 224 235 246 248 262 261 262 256 248 269 288 311 303 260 255 274 263 300 272 251 221 228 228 238 249 273 317 323 310 291 258 261 264 286 296 293 313 315 309 297 276 255 238 229 232 236 236 237 228 243 251 261 261 265 267 269
-32768 -32768 -32768 -32768 -32768 -32768 -32768 -32768 -32768 -32768 -32768 -32768 -32768 -32768 -32768 -32768 -32768 -32768 -32768 -32768 -32768 -32768 -32768 -32768 -32768 -32768 -32768 -32768 211 222 228 232 243 251 259 257 255 257 250 252 266 304 305 282 301 307 306 274 225 227 256 272 245 223 242 269 307 320 298 297 269 263 263 257 238 263 292 306 297 287 264 223 179 164 202 233 234 246 248 250 267 268 268 272 276 279
-32768 -32768 -32768 -32768 -32768 -32768 -32768 -32768 -32768 -32768 -32768 -32768 -32768 -32768 -32768 -32768 -32768 -32768 -32768 -32768 -32768 -32768 -32768 -32768 -32768 -32768 -32768 -32768 210 218 230 232 245 247 249 233 255 257 255 274 267 303 319 310 316 286 260 229 223 245 247 273 244 238 231 244 294 314 308 279 283 280 268 237 205 240 256 287 287 280 260 221 153 134 197 235 258 270 275 276 273 261 265 276 277 281
-32768 -32768 -32768 -32768 -32768 -32768 -32768 -32768 -32768 -32768 -32768 -32768 -32768 -32768 -32768 -32768 -32768 -32768 -32768 -32768 -32768 -32768 -32768 -32768 -32768 -32768 -32768 -32768 210 215 230 239 242 250 252 246 263 252 271 292 294 307 304 308 319 286 237 230 225 285 281 256 284 268 212 253 295 299 303 277 290 276 250 220 215 221 217 248 277 278 273 245 215 206 228 250 267 279 285 286 262 256 263 277 278 283
-32768 -32768 -32768 -32768 -32768 -32768 -32768 -32768 -32768 -32768 -32768 -32768 -32768 -32768 -32768 -32768 -32768 -32768 -32768 -32768 -32768 -32768 -32768 -32768 -32768 -32768 -32768 206 210 218 231 238 246 251 254 250 262 270 280 280 311 315 270 279 312 306 287 274 283 311 306 274 299 261 224 222 268 293 302 292 286 263 236 223 240 217 201 230 271 284 288 271 253 254 263 277 285 289 290 291 285 279 275 276 273 283
-32768 -32768 -32768 -32768 -32768 -32768 -32768 -32768 -32768 -32768 -32768 -32768 -32768 -32768 -32768 -32768 -32768 -32768 -32768 -32768 -32768 -32768 -32768 -32768 -32768 -32768 -32768 206 211 220 233 240 247 253 260 267 257 279 290 299 311 299 266 256 303 311 317 314 288 262 276 283 272 227 218 211 246 265 265 240 244 243 257 263 244 220 228 248 273 288 297 293 272 278 293 297 299 297 294 293 289 288 287 278 277 286
-32768 -32768 -32768 -32768 -32768 -32768 -32768 -32768 -32768 -32768 -32768 -32768 -32768 -32768 -32768 -32768 -32768 -32768 -32768 -32768 -32768 -32768 -32768 -32768 -32768 -32768 -32768 205 214 218 232 240 247 253 259 269 264 273 290 280 302 296 262 242 280 279 311 323 315 301 262 251 266 258 239 227 234 222 223 212 234 257 287 255 231 227 239 246 247 260 271 309 290 291 306 306 306 298 288 283 283 283 285 277 282 287
-32768 -32768 -32768 -32768 -32768 -32768 -32768 -32768 -32768 -32768 -32768 -32768 -32768 -32768 -32768 -32768 -32768 -32768 -32768 -32768 -32768 -32768 -32768 -32768 -32768 -32768 200 204 218 222 228 239 247 252 255 269 276 284 278 273 284 283 287 239 234 258 294 299 312 308 281 283 297 251 221 214 222 229 214 229 244 262 291 256 248 234 232 243 270 269 302 317 292 294 313 307 307 287 271 263 258 258 270 272 282 287
-32768 -32768 -32768 -32768 -32768 -32768 -32768 -32768 -32768 -32768 -32768 -32768 -32768 -32768 -32768 -32768 -32768 -32768 -32768 -32768 -32768 -32768 -32768 -32768 -32768 -32768 199 203 213 227 232 237 246 249 258 268 269 284 271 284 274 240 255 251 233 239 257 258 297 307 310 314 283 243 218 226 236 253 245 236 265 301 291 265 266 263 248 254 285 309 326 299 280 300 303 299 298 277 260 278 295 289 288 269 269 276
-32768 -32768 -32768 -32768 -32768 -32768 -32768 -32768 -32768 -32768 -32768 -32768 -32768 -32768 -32768 -32768 -32768 -32768 -32768 -32768 -32768 -32768 -32768 -32768 -32768 -32768 199 205 212 221 233 239 245 249 255 268 277 284 285 284 254 239 223 251 271 270 273 235 254 276 272 295 299 274 226 242 249 249 278 289 291 302 249 260 277 252 242 246 283 320 310 284 304 311 306 308 296 288 284 307 300 282 275 266 274 282
-32768 -32768 -32768 -32768 -32768 -32768 -32768 -32768 -32768 -32768 -32768 -32768 -32768 -32768 -32768 -32768 -32768 -32768 -32768 -32768 -32768 -32768 -32768 -32768 -32768 -32768 197 203 213 222 231 240 246 253 252 259 273 285 284 285 278 252 225 242 282 287 289 251 241 247 250 242 262 279 246 242 226 211 238 260 306 318 279 284 249 254 249 274 318 333 323 297 304 328 315 295 288 303 313 329 315 301 279 270 284 299
-32768 -32768 -32768 -32768 -32768 -32768 -32768 -32768 -32768 -32768 -32768 -32768 -32768 -32768 -32768 -32768 -32768 -32768 -32768 -32768 -32768 -32768 -32768 -32768 -32768 -32768 -32768 202 207 217 228 240 245 251 257 252 266 277 293 296 296 292 253 251 256 304 273 290 278 255 277 255 206 221 216 224 214 225 220 265 305 325 318 316 287 279 273 313 342 323 312 282 322 315 300 282 320 309 323 338 335 300 279 285 298 310
-32768 -32768 -32768 -32768 -32768 -32768 -32768 -32768 -32768 -32768 -32768 -32768 -32768 -32768 -32768 -32768 -32768 -32768 -32768 -32768 -32768 -32768 -32768 -32768 -32768 -32768 -32768 200 206 218 231 239 242 253 258 253 253 265 291 295 297 275 265 260 289 308 298 274 242 257 286 238 193 212 228 238 215 222 260 280 317 332 325 294 277 287 319 346 328 323 312 297 322 341 315 312 327 310 329 313 314 312 289 302 299 295
-32768 -32768 -32768 -32768 -32768 -32768 -32768 -32768 -32768 -32768 -32768 -32768 -32768 -32768 -32768 -32768 -32768 -32768 -32768 -32768 -32768 -32768 -32768 -32768 -32768 -32768 195 198 205 214 233 237 246 254 260 256 265 278 289 294 283 281 263 278 313 301 287 267 221 260 293 261 214 238 237 263 206 226 274 313 312 326 316 295 281 301 336 344 349 345 323 326 337 323 318 337 332 319 327 312 302 283 283 285 296 298
-32768 -32768 -32768 -32768 -32768 -32768 -32768 -32768 -32768 -32768 -32768 -32768 -32768 -32768 -32768 -32768 -32768 -32768 -32768 -32768 -32768 -32768 -32768 -32768 -32768 -32768 192 197 204 211 226 237 247 252 262 258 258 270 280 299 305 302 278 313 300 283 268 246 249 273 304 299 248 277 250 290 246 270 309 321 312 323 299 281 300 301 320 323 355 344 333 335 349 321 334 338 330 318 329 328 303 279 266 281 292 296
-32768 -32768 -32768 -32768 -32768 -32768 -32768 -32768 -32768 -32768 -32768 -32768 -32768 -32768 -32768 -32768 -32768 -32768 -32768 -32768 -32768 -32768 -32768 -32768 -32768 186 190 196 204 219 221 235 247 252 258 265 238 261 282 291 302 300 312 306 296 276 270 303 276 280 319 303 291 290 237 273 303 323 330 330 324 314 294 309 307 299 335 347 356 355 347 355 348 318 343 337 337 347 335 333 306 287 280 275 288 293
-32768 -32768 -32768 -32768 -32768 -32768 -32768 -32768 -32768 -32768 -32768 -32768 -32768 -32768 -32768 -32768 -32768 -32768 -32768 -32768 -32768 -32768 -32768 -32768 -32768 184 189 196 206 221 232 234 244 254 250 264 262 236 262 280 304 287 311 290 305 309 310 298 276 279 326 326 324 269 234 262 313 316 324 329 316 308 307 329 308 318 328 347 359 355 354 348 325 342 351 346 347 341 327 330 308 280 271 272 279 281
-32768 -32768 -32768 -32768 -32768 -32768 -32768 -32768 -32768 -32768 -32768 -32768 -32768 -32768 -32768 -32768 -32768 -32768 -32768 -32768 -32768 -32768 -32768 -32768 182 185 190 197 204 223 235 241 243 255 254 244 268 236 255 274 301 279 285 301 296 319 326 321 311 300 334 337 337 302 294 316 320 326 321 335 299 300 310 335 325 311 308 342 361 361 359 356 358 358 352 350 341 343 341 327 300 275 255 257 270 272
-32768 -32768 -32768 -32768 -32768 -32768 -32768 -32768 -32768 -32768 -32768 -32768 -32768 -32768 -32768 -32768 -32768 -32768 -32768 -32768 -32768 -32768 -32768 182 184 188 193 201 209 223 236 242 248 255 252 237 249 256 274 276 299 299 269 257 266 278 281 327 334 321 289 296 343 335 316 339 326 329 339 322 300 313 335 331 308 313 338 361 360 355 359 350 360 357 355 350 349 342 337 317 297 277 261 256 264 267
-32768 -32768 -32768 -32768 -32768 -32768 -32768 -32768 -32768 -32768 -32768 -32768 -32768 -32768 -32768 -32768 -32768 -32768 -32768 -32768 -32768 -32768 -32768 183 186 192 196 203 213 225 237 243 247 257 253 236 241 243 260 263 281 306 294 280 285 285 283 285 280 287 273 279 318 333 326 335 336 339 333 313 309 328 346 328 335 315 346 362 362 366 366 365 365 365 364 359 356 349 337 323 311 295 278 268 266 260
-32768 -32768 -32768 -32768 -32768 -32768 -32768 -32768 -32768 -32768 -32768 -32768 -32768 -32768 -32768 -32768 -32768 -32768 -32768 -32768 -32768 -32768 183 185 188 193 202 214 223 230 236 243 247 256 265 268 271 261 249 247 246 292 314 303 304 305 309 296 262 272 285 271 304 329 338 342 328 305 304 319 314 328 341 351 352 340 357 365 366 367 368 367 368 366 364 363 361 357 349 340 330 311 293 278 260 251
-32768 -32768 -32768 -32768 -32768 -32768 -32768 -32768 -32768 -32768 -32768 -32768 -32768 -32768 -32768 -32768 -32768 -32768 -32768 -32768 -32768 182 184 187 191 195 200 211 225 232 236 245 252 258 264 261 254 271 262 263 236 264 307 316 298 300 299 314 295 287 302 306 305 300 325 334 335 321 307 306 298 289 280 332 350 353 362 366 367 368 368 368 368 367 366 364 361 355 348 342 329 317 301 285 267 256
-32768 -32768 -32768 -32768 -32768 -32768 -32768 -32768 -32768 -32768 -32768 -32768 -32768 -32768 -32768 -32768 -32768 -32768 -32768 -32768 -32768 182 185 189 193 197 202 210 219 230 238 245 249 252 254 265 256 255 275 270 269 245 293 309 288 270 279 297 318 324 325 319 309 284 287 323 313 307 285 265 277 289 295 308 344 354 359 364 367 368 368 368 369 368 367 365 362 358 345 331 330 313 289 284 283 277
-32768 -32768 -32768 -32768 -32768 -32768 -32768 -32768 -32768 -32768 -32768 -32768 -32768 -32768 -32768 -32768 -32768 -32768 -32768 -32768 181 183 188 195 198 200 204 211 219 227 238 247 252 256 265 275 278 269 269 277 273 249 262 300 270 269 268 279 313 320 306 302 298 292 297 317 304 290 277 287 313 332 328 342 354 358 362 366 368 369 369 368 369 367 365 362 357 350 344 331 312 295 291 288 286 280
-32768 -32768 -32768 -32768 -32768 -32768 -32768 -32768 -32768 -32768 -32768 -32768 -32768 -32768 -32768 -32768 -32768 -32768 -32768 -32768 182 185 189 196 203 207 212 215 225 233 239 248 256 262 269 276 274 275 274 274 280 281 246 293 302 278 270 275 284 310 315 306 310 285 263 293 299 297 311 308 328 344 355 359 361 361 364 365 365 368 369 369 368 367 366 362 357 348 338 321 308 307 302 294 287 278
-32768 -32768 -32768 -32768 -32768 -32768 -32768 -32768 -32768 -32768 -32768 -32768 -32768 -32768 -32768 -32768 -32768 -32768 -32768 -32768 182 186 191 196 203 210 217 221 227 232 239 249 258 262 266 275 263 273 274 257 253 289 280 275 291 264 270 282 293 295 310 304 296 274 267 291 312 328 340 342 346 355 360 361 363 363 364 364 364 366 367 368 368 368 366 361 355 353 354 349 343 333 316 304 291 275
-32768 -32768 -32768 -32768 -32768 -32768 -32768 -32768 -32768 -32768 -32768 -32768 -32768 -32768 -32768 -32768 -32768 -32768 -32768 -32768 184 187 195 200 206 212 217 224 230 237 244 250 258 262 271 278 278 262 261 273 257 281 280 281 291 279 288 299 296 281 265 285 296 287 296 302 327 329 344 355 355 358 360 362 364 365 365 366 366 366 367 367 368 368 365 362 361 359 355 350 346 338 325 299 277 264
-32768 -32768 -32768 -32768 -32768 -32768 -32768 -32768 -32768 -32768 -32768 -32768 -32768 -32768 -32768 -32768 -32768 -32768 -32768 -32768 -32768 188 192 198 206 213 217 221 231 239 246 253 260 266 263 272 284 285 278 264 248 257 278 289 272 261 298 284 277 267 252 277 281 297 316 318 331 346 354 355 359 359 359 362 363 363 365 365 366 367 367 367 366 367 365 365 363 358 349 339 341 331 322 311 297 278
-32768 -32768 -32768 -32768 -32768 -32768 -32768 -32768 -32768 -32768 -32768 -32768 -32768 -32768 -32768 -32768 -32768 -32768 -32768 -32768 -32768 190 193 198 205 213 220 224 231 240 242 254 263 268 277 283 286 289 294 269 239 245 266 283 291 287 258 288 299 290 263 270 269 294 310 324 318 332 350 353 356 358 359 359 361 363 364 365 365 365 365 365 366 366 365 363 361 356 350 344 338 326 316 305 291 271
-32768 -32768 -32768 -32768 -32768 -32768 -32768 -32768 -32768 -32768 -32768 -32768 -32768 -32768 -32768 -32768 -32768 -32768 -32768 -32768 -32768 190 196 202 206 213 221 227 231 239 245 253 263 272 279 280 292 294 298 290 269 245 257 283 278 289 286 242 271 297 287 288 266 257 275 307 298 318 341 349 355 355 358 362 362 363 363 363 363 364 365 365 366 366 362 357 354 349 344 339 333 326 321 309 295 278
-32768 -32768 -32768 -32768 -32768 -32768 -32768 -32768 -32768 -32768 -32768 -32768 -32768 -32768 -32768 -32768 -32768 -32768 -32768 -32768 -32768 192 197 203 209 215 221 229 236 242 244 255 265 273 281 284 288 295 305 308 301 274 258 278 298 292 300 285 276 279 286 294 282 264 255 274 271 300 326 346 354 357 357 359 361 362 362 362 363 365 365 366 365 366 363 358 358 354 351 347 341 338 327 305 294 286
-32768 -32768 -32768 -32768 -32768 -32768 -32768 -32768 -32768 -32768 -32768 -32768 -32768 -32768 -32768 -32768 -32768 -32768 -32768 -32768 -32768 -32768 -32768 204 209 213 219 229 237 244 250 252 267 271 277 287 280 280 305 310 307 306 284 281 304 307 296 300 297 282 269 288 277 247 225 231 254 284 322 339 347 353 355 357 360 361 361 363 363 364 365 365 366 366 365 361 356 353 349 344 335 326 326 321 315 311
-32768 -32768 -32768 -32768 -32768 -32768 -32768 -32768 -32768 -32768 -32768 -32768 -32768 -32768 -32768 -32768 -32768 -32768 -32768 -32768 -32768 -32768 -32768 -32768 211 216 219 221 235 245 252 258 265 278 284 285 277 277 293 310 299 288 285 291 307 315 302 289 295 290 270 264 257 252 243 274 276 269 267 310 343 351 354 356 358 361 362 362 363 364 365 365 365 365 364 363 358 352 347 341 336 339 331 320 307 298
-32768 -32768 -32768 -32768 -32768 -32768 -32768 -32768 -32768 -32768 -32768 -32768 -32768 -32768 -32768 -32768 -32768 -32768 -32768 -32768 -32768 -32768 -32768 -32768 -32768 -32768 222 229 233 243 252 260 269 275 286 286 280 271 296 303 313 312 310 301 302 307 311 287 283 278 262 251 241 247 240 256 276 298 299 305 318 343 349 356 358 361 362 362 362 363 363 364 364 363 363 362 361 354 350 347 344 340 330 322 313 320
