model/data/bioclim/bclim6.asc
NCOLS 300 
NROWS 300 
XLLCORNER -125.25 
YLLCORNER 30.75 
CELLSIZE 0.0416666666666667 
NODATA_value -3.4e+38 
[rows 88 to 109 of 300, columns 144 to 191 of 300]
-5.67199993133545 -5.77199983596802 -5.84800004959106 -5.88399982452393 -5.97599983215332 -6.15199995040894 -6.5 -6.94399976730347 -7.23199987411499 -7.29200029373169 -7.30800008773804 -7.4040002822876 -7.50799989700317 -7.55599975585938 -7.65599966049194 -7.72799968719482 -7.76000022888184 -7.55200004577637 -7.56400012969971 -7.51599979400635 -7.52400016784668 -7.50400018692017 -7.34000015258789 -7.3600001335144 -7.01999998092651 -6.76000022888184 -7.03200006484985 -7.4040002822876 -7.3120002746582 -7.35200023651123 -7.03600025177002 -7.95599985122681 -8.63199996948242 -8.29199981689453 -8.29599952697754 -8.81599998474121 -9.37600040435791 -9.60400009155273 -9.30799961090088 -8.69999980926514 -7.92799997329712 -7.60400009155273 -7.86800003051758 -8.1879997253418 -8.16400051116943 -8.00399971008301 -7.70800018310547 -7.46400022506714
-5.51599979400635 -5.58400011062622 -5.61199998855591 -5.61599969863892 -5.71600008010864 -6.15199995040894 -6.64799976348877 -6.95599985122681 -7.01999998092651 -7.06400012969971 -7.33200025558472 -7.40799999237061 -7.40000009536743 -7.54400014877319 -7.68400001525879 -7.6399998664856 -7.6879997253418 -7.61199998855591 -7.48400020599365 -7.30000019073486 -7.12400007247925 -7.35199975967407 -7.79199981689453 -7.44000005722046 -6.94400024414062 -6.8120002746582 -7.16400003433228 -7.43599987030029 -7.28800010681152 -7.38400030136108 -7.25600004196167 -8.21199989318848 -8.58399963378906 -8.26399993896484 -8.4399995803833 -8.86800003051758 -8.9680004119873 -8.78800010681152 -8.26399993896484 -7.61999988555908 -7.54400014877319 -8.2480001449585 -8.73200035095215 -8.65200042724609 -8.2480001449585 -7.86399984359741 -7.83200025558472 -7.84800004959106
-5.47200012207031 -5.6560001373291 -5.75600004196167 -5.72399997711182 -5.63199996948242 -6.08799982070923 -6.61999988555908 -6.9040002822876 -6.9520001411438 -6.99200010299683 -7.1879997253418 -7.26800012588501 -7.3120002746582 -7.47200012207031 -7.51200008392334 -7.61599969863892 -7.7519998550415 -7.6879997253418 -7.31599998474121 -6.97200012207031 -6.85200023651123 -7.27199983596802 -7.64400005340576 -7.2519998550415 -6.9520001411438 -7.02799987792969 -7.32399988174438 -7.27600002288818 -7.01999998092651 -7.08400011062622 -7.44000005722046 -7.83599996566772 -8.05599975585938 -8.08800029754639 -8.24400043487549 -8.3439998626709 -8.27600002288818 -7.92399978637695 -7.57200002670288 -7.43200016021729 -7.94400024414062 -8.88800048828125 -9.27200031280518 -8.8120002746582 -8.12800025939941 -7.87599992752075 -7.82800006866455 -8.08399963378906
-5.84800004959106 -5.86400032043457 -5.72800016403198 -5.59999990463257 -5.66400003433228 -6.05599975585938 -6.27199983596802 -6.64400005340576 -7.03999996185303 -7.1879997253418 -7.21600008010864 -7.23199987411499 -7.28399991989136 -7.38800001144409 -7.38400030136108 -7.39599990844727 -7.44000005722046 -7.41599988937378 -7.1399998664856 -6.96400022506714 -7.09600019454956 -7.32000017166138 -7.39599990844727 -7.24399995803833 -7.28800010681152 -7.50400018692017 -7.57200002670288 -7.0479998588562 -6.82800006866455 -7.00799989700317 -7.51200008392334 -7.57200002670288 -7.74399995803833 -7.88000011444092 -8.03200054168701 -8.11999988555908 -8.26399993896484 -7.92799997329712 -7.7480001449585 -7.92400026321411 -8.41199970245361 -9.13599967956543 -9.47200012207031 -8.98799991607666 -7.94000005722046 -7.67999982833862 -7.90799999237061 -8.35999965667725
-6.25600004196167 -6.27199983596802 -5.9520001411438 -5.87599992752075 -6.14800024032593 -6.27199983596802 -6.14400005340576 -6.40799999237061 -7.08400011062622 -7.42400026321411 -7.45599985122681 -7.37200021743774 -7.1879997253418 -7.12799978256226 -7.28800010681152 -7.25600004196167 -7.17600011825562 -7.23999977111816 -7.17199993133545 -7.08799982070923 -7.20800018310547 -7.38000011444092 -7.46000003814697 -7.65199995040894 -7.92400026321411 -8.10000038146973 -8.01200008392334 -7.29199981689453 -6.88800001144409 -7.09200000762939 -7.48799991607666 -7.26399993896484 -7.81599998474121 -7.9040002822876 -8.26399993896484 -8.88000011444092 -9.02000045776367 -8.38399982452393 -8.11999988555908 -8.29599952697754 -8.64400005340576 -9.19200038909912 -9.53999996185303 -9.26000022888184 -8.00800037384033 -7.63199996948242 -8.07600021362305 -8.52799987792969
-6.30800008773804 -6.72800016403198 -6.71999979019165 -6.7960000038147 -6.92399978637695 -6.77199983596802 -6.49200010299683 -6.5479998588562 -7.09200000762939 -7.56799983978271 -7.58799982070923 -7.30399990081787 -6.80000019073486 -6.76800012588501 -7.14799976348877 -7.22800016403198 -7.21999979019165 -7.4040002822876 -7.32400035858154 -7.03599977493286 -6.91599988937378 -7.34000015258789 -7.8439998626709 -8.19200038909912 -8.40799999237061 -8.42000007629395 -8.22799968719482 -7.92000007629395 -7.14400005340576 -7.38000011444092 -7.57200002670288 -7.69600009918213 -8.13199996948242 -8.03999996185303 -8.26000022888184 -8.9680004119873 -9.30000019073486 -8.84799957275391 -8.33199977874756 -8.42000007629395 -8.9040002822876 -9.32800006866455 -9.73200035095215 -9.47200012207031 -8.24400043487549 -7.87200021743774 -8.19999980926514 -8.42000007629395
-6.38000011444092 -6.77600002288818 -6.98000001907349 -7.15999984741211 -7.34800004959106 -7.12799978256226 -6.74399995803833 -6.61999988555908 -6.95599985122681 -7.42799997329712 -7.48799991607666 -7.07999992370605 -6.51200008392334 -6.80399990081787 -7.28800010681152 -7.09600019454956 -6.96400022506714 -7.13600015640259 -7.17999982833862 -6.89200019836426 -6.93599987030029 -7.49200010299683 -8.08399963378906 -8.52000045776367 -8.54800033569336 -8.35200023651123 -8.1560001373291 -8.08800029754639 -7.58400011062622 -8.11999988555908 -8.32800006866455 -8.41199970245361 -8.37199974060059 -8.04800033569336 -8.21199989318848 -8.65999984741211 -9.12399959564209 -8.85200023651123 -8.30399990081787 -8.65200042724609 -9.2480001449585 -9.62399959564209 -9.92399978637695 -9.27999973297119 -8.11600017547607 -7.84800004959106 -8.06799983978271 -8.13199996948242
-6.30800008773804 -6.57200002670288 -6.76399993896484 -6.84800004959106 -6.96399974822998 -6.82800006866455 -6.69999980926514 -6.60799980163574 -6.62400007247925 -6.86399984359741 -6.98000001907349 -6.92000007629395 -6.9040002822876 -7.11600017547607 -7.53200006484985 -7.34800004959106 -7.05599975585938 -6.89200019836426 -6.88800001144409 -6.82000017166138 -7.02799987792969 -7.43599987030029 -7.98000001907349 -8.49199962615967 -8.39200019836426 -8.11200046539307 -8.04800033569336 -8.09600067138672 -8.04400062561035 -8.43599987030029 -8.55599975585938 -8.38799953460693 -8.03600025177002 -8.21599960327148 -8.2519998550415 -8.31999969482422 -8.70400047302246 -8.50800037384033 -8.35599994659424 -8.94400024414062 -9.42000007629395 -9.42800045013428 -9.17599964141846 -8.61999988555908 -8.19999980926514 -7.90799999237061 -7.98799991607666 -7.99200010299683
-6.34400033950806 -6.22399997711182 -6.15999984741211 -6.22399997711182 -6.40000009536743 -6.46000003814697 -6.64400005340576 -6.61999988555908 -6.46799993515015 -6.52400016784668 -6.59200000762939 -6.57999992370605 -6.82000017166138 -7.10799980163574 -7.34800004959106 -7.21199989318848 -6.94400024414062 -6.78399991989136 -6.73199987411499 -7.10799980163574 -7.3600001335144 -7.55599975585938 -7.99200010299683 -8.26799964904785 -8.04399967193604 -7.84000015258789 -7.90799999237061 -7.78000020980835 -7.77600002288818 -8.09200000762939 -8.18400001525879 -7.98000001907349 -7.80800008773804 -8.18400001525879 -8.26799964904785 -8.28800010681152 -8.47999954223633 -8.52799987792969 -8.84000015258789 -9.16800022125244 -9.0959997177124 -8.5959997177124 -8.17199993133545 -8.10400009155273 -8 -7.99200010299683 -8.08400058746338 -7.88000011444092
-6.57599973678589 -6.3600001335144 -6.32800006866455 -6.52400016784668 -6.86800003051758 -6.81599998474121 -6.70800018310547 -6.71600008010864 -6.71199989318848 -6.75600004196167 -6.73999977111816 -6.68400001525879 -6.92400026321411 -7.16799974441528 -7.25600004196167 -7.30000019073486 -7.02799987792969 -6.85599994659424 -6.85599994659424 -7.01599979400635 -7.22399997711182 -7.47599983215332 -7.80000019073486 -7.92400026321411 -7.77600002288818 -7.71199989318848 -8.13199996948242 -7.90000009536743 -7.88000011444092 -8.22799968719482 -8.14799976348877 -7.95600032806396 -8.00399971008301 -8.31599998474121 -8.49199962615967 -8.56400012969971 -8.71599960327148 -8.89599990844727 -9.06799983978271 -9.19600009918213 -8.64400005340576 -8.03200054168701 -8.18000030517578 -8.26000022888184 -7.84000015258789 -8.03999996185303 -8.01200008392334 -7.82000017166138
-6.89200019836426 -7.19999980926514 -7.39599990844727 -7.31199979782104 -7.2039999961853 -7.21600008010864 -7.09999990463257 -6.99200010299683 -7.04400014877319 -7.11599969863892 -6.9520001411438 -6.73199987411499 -6.94000005722046 -7.24000024795532 -7.1879997253418 -7.11599969863892 -6.91200017929077 -7.00400018692017 -7.19600009918213 -7.18400001525879 -7.19999980926514 -7.34000015258789 -7.54400014877319 -7.64400005340576 -7.59200000762939 -7.8439998626709 -8.48400020599365 -8.26799964904785 -8.22000026702881 -8.59200000762939 -8.53999996185303 -8.30000019073486 -8.36800003051758 -8.37599945068359 -8.68400001525879 -9.20800018310547 -9.3439998626709 -9.18400001525879 -9.08800029754639 -8.91600036621094 -8.52000045776367 -8.43599987030029 -8.94799995422363 -8.39599990844727 -8.03200054168701 -8.32800006866455 -8.26799964904785 -8.03600025177002
-7.13199996948242 -7.5959997177124 -7.77600002288818 -7.7039999961853 -7.59999990463257 -7.36399984359741 -7.28800010681152 -7.2960000038147 -7.15999984741211 -6.94799995422363 -6.77199983596802 -6.76399993896484 -6.76399993896484 -6.85599994659424 -6.99200010299683 -7.00799989700317 -6.92799997329712 -7 -7.2039999961853 -7.30000019073486 -7.2480001449585 -7.30800008773804 -7.49200010299683 -7.54400014877319 -7.61600017547607 -8.15999984741211 -8.80000019073486 -8.52799987792969 -8.38000011444092 -8.36800003051758 -8.27600002288818 -8.20399951934814 -8.24400043487549 -8.17599964141846 -8.65999984741211 -9.44000053405762 -9.76399993896484 -9.53600025177002 -9.22799968719482 -8.96000003814697 -8.93599987030029 -9.00399971008301 -8.50399971008301 -8.33600044250488 -8.5 -8.61999988555908 -8.42799949645996 -8.47599983215332
-6.9520001411438 -7.52400016784668 -7.8600001335144 -7.94400024414062 -7.84800004959106 -7.46400022506714 -7.1560001373291 -7.07999992370605 -6.99599981307983 -6.89200019836426 -6.94400024414062 -7.03999996185303 -6.90799999237061 -6.6879997253418 -6.77600002288818 -7.03999996185303 -7.27199983596802 -7.38000011444092 -7.36800003051758 -7.38400030136108 -7.33200025558472 -7.38400030136108 -7.53999996185303 -7.66799974441528 -7.76399993896484 -7.88000011444092 -8.10000038146973 -8.06799983978271 -8.13599967956543 -8.04399967193604 -8.03999996185303 -8.03600025177002 -8.05599975585938 -7.9520001411438 -8.41199970245361 -9.15200042724609 -9.77600002288818 -9.61600017547607 -9.23600006103516 -8.99600028991699 -9.32400035858154 -9.08399963378906 -8.83199977874756 -8.92000007629395 -8.85999965667725 -8.77999973297119 -8.48799991607666 -8.77200031280518
-6.78399991989136 -7.24399995803833 -7.67600011825562 -7.77600002288818 -7.61600017547607 -7.21999979019165 -6.90000009536743 -6.84400033950806 -6.85200023651123 -6.89599990844727 -6.94799995422363 -6.98400020599365 -6.8439998626709 -6.57599973678589 -6.69199991226196 -7.10799980163574 -7.43200016021729 -7.59200000762939 -7.46000003814697 -7.2960000038147 -7.11599969863892 -7.08799982070923 -7.19600009918213 -7.30000019073486 -7.26399993896484 -7.25999975204468 -7.44000005722046 -7.60799980163574 -7.85599994659424 -7.91599988937378 -7.95599985122681 -7.81599998474121 -7.82399988174438 -7.96000003814697 -8.2480001449585 -8.67199993133545 -9.29599952697754 -9.49199962615967 -9.27999973297119 -9.14799976348877 -9.27200031280518 -8.98799991607666 -9.06400012969971 -9.11999988555908 -9.04400062561035 -8.86800003051758 -8.66800022125244 -9.23999977111816
-6.6399998664856 -6.8439998626709 -7.34800004959106 -7.42400026321411 -7.21999979019165 -6.98000001907349 -6.90799999237061 -6.95599985122681 -6.82800006866455 -6.72800016403198 -6.94000005722046 -6.99200010299683 -6.93599987030029 -6.91200017929077 -7.01999998092651 -7.25600004196167 -7.47200012207031 -7.57200002670288 -7.28000020980835 -6.95599985122681 -6.67999982833862 -6.66799974441528 -6.78800010681152 -6.85200023651123 -6.92000007629395 -6.96799993515015 -7.02400016784668 -7.33599996566772 -7.7519998550415 -7.92000007629395 -7.88400030136108 -7.64400005340576 -7.44799995422363 -7.6399998664856 -8.14000034332275 -8.71199989318848 -9.17199993133545 -9.35599994659424 -9.21199989318848 -8.95199966430664 -8.80799961090088 -8.85999965667725 -9.21599960327148 -9.28800010681152 -9.14799976348877 -9.12800025939941 -9.5 -9.4680004119873
-6.69999980926514 -6.85599994659424 -7.30000019073486 -7.35200023651123 -7.17999982833862 -7 -7.02799987792969 -7.44399976730347 -7.44799995422363 -6.86399984359741 -6.80800008773804 -7.02799987792969 -7.15999984741211 -7.25600004196167 -7.15599966049194 -7.15999984741211 -7.22399997711182 -7.32000017166138 -7.0479998588562 -6.6399998664856 -6.36400032043457 -6.85599994659424 -7.43599987030029 -7.52799987792969 -7.42799997329712 -7.15999984741211 -6.97200012207031 -7.21600008010864 -7.52799987792969 -7.67199993133545 -7.67999982833862 -7.67199993133545 -7.51999998092651 -7.47599983215332 -8.11200046539307 -8.80799961090088 -8.99600028991699 -9.1560001373291 -9.0600004196167 -8.79599952697754 -8.67599964141846 -8.92000007629395 -9.28800010681152 -9.32800006866455 -9.31999969482422 -9.68400001525879 -10.2159996032715 -9.43599987030029
-6.94799995422363 -6.98799991607666 -7.38000011444092 -7.44799995422363 -7.29200029373169 -7.13199996948242 -7.09999990463257 -7.32800006866455 -7.58400011062622 -7.46799993515015 -6.6560001373291 -6.64400005340576 -6.88800001144409 -7.05200004577637 -7.12799978256226 -7.17999982833862 -7.09999990463257 -7.00799989700317 -6.7519998550415 -6.56400012969971 -6.42400026321411 -7.06799983978271 -7.78000020980835 -7.78000020980835 -7.59999990463257 -7.42799997329712 -7.26800012588501 -7.22399997711182 -7.44000005722046 -7.67199993133545 -7.86800003051758 -7.77199983596802 -7.43599987030029 -7.48799991607666 -8.32800006866455 -8.85599994659424 -8.87599945068359 -9.01200008392334 -8.87599945068359 -8.61999988555908 -8.62400054931641 -8.93200016021729 -9.31599998474121 -9.35599994659424 -9.75599956512451 -10.3959999084473 -10.3280000686646 -9.37199974060059
-7.14400005340576 -6.90399980545044 -7.23600006103516 -7.22399997711182 -7.06799983978271 -7.03999996185303 -7.10400009155273 -7.2480001449585 -7.53999996185303 -7.58400011062622 -6.76800012588501 -6.21999979019165 -6.48000001907349 -6.55999994277954 -6.7480001449585 -7.11199998855591 -7.15599966049194 -7.00799989700317 -6.8600001335144 -6.7039999961853 -6.49200010299683 -6.81199979782104 -7.23600006103516 -7.15999984741211 -7.19600009918213 -7.40000009536743 -7.39599990844727 -7.2039999961853 -7.25600004196167 -7.50799989700317 -7.74399995803833 -7.44000005722046 -7.12400007247925 -7.48400020599365 -8.43200016021729 -8.92799949645996 -8.88000011444092 -8.92399978637695 -8.68000030517578 -8.50800037384033 -8.64799976348877 -9.13599967956543 -9.67199993133545 -9.71599960327148 -10.0679998397827 -10.9519996643066 -10.42799949646 -9.96000003814697
-7.1399998664856 -6.95599985122681 -7.01999998092651 -7.05599975585938 -6.94000005722046 -7.02400016784668 -7.26399993896484 -7.49200010299683 -7.94399976730347 -8.63199996948242 -7.60400009155273 -5.97599983215332 -5.5 -5.66400003433228 -6.23600006103516 -6.77199983596802 -7.28800010681152 -7.55600023269653 -7.48400020599365 -7.03999996185303 -6.73600006103516 -6.56400012969971 -6.72800016403198 -6.75600004196167 -6.81599998474121 -7.0479998588562 -7.13199996948242 -7.11199998855591 -7.08799982070923 -7.08400011062622 -7.15199995040894 -7.04400014877319 -7.05999994277954 -7.48000001907349 -8.36400032043457 -8.79199981689453 -8.76000022888184 -8.74400043487549 -8.52400016784668 -8.48400020599365 -8.79600048065186 -9.73600006103516 -10.3039999008179 -10.2440004348755 -10.1920003890991 -10.4399995803833 -10.6079998016357 -10.6800003051758
-7.41599988937378 -7.31599998474121 -7.1399998664856 -7.0959997177124 -7.08400011062622 -6.94400024414062 -7.05599975585938 -7.28800010681152 -7.91200017929077 -8.71599960327148 -8.01599979400635 -5.63600015640259 -3.93199992179871 -4.34800004959106 -5.40000009536743 -6.56799983978271 -7.14799976348877 -7.59200000762939 -7.56799983978271 -7.38000011444092 -7.41200017929077 -6.88399982452393 -6.76800012588501 -6.90399980545044 -6.88399982452393 -6.57599973678589 -6.77600002288818 -6.92000007629395 -7.01200008392334 -7.00799989700317 -7.03999996185303 -7.24399995803833 -7.3120002746582 -7.54400014877319 -8.11999988555908 -8.47200012207031 -8.51200008392334 -8.52400016784668 -8.38399982452393 -8.48400020599365 -8.85200023651123 -9.88399982452393 -10.2639999389648 -10.2440004348755 -10.2320003509521 -10.1079998016357 -10.46399974823 -9.96399974822998
-7.74399995803833 -7.96399974822998 -7.8600001335144 -7.46000003814697 -7.20800018310547 -7.2519998550415 -7.03599977493286 -7.2519998550415 -7.7480001449585 -8.52799987792969 -7.40799999237061 -4.7480001449585 -2.8840000629425 -3.04800009727478 -4.7519998550415 -6.27199983596802 -7.11600017547607 -7.7519998550415 -7.83599996566772 -7.7960000038147 -7.75999975204468 -7.76000022888184 -7.3439998626709 -7.47599983215332 -7.4520001411438 -6.82800006866455 -6.81599998474121 -6.90399980545044 -6.9040002822876 -7.00799989700317 -7.25999975204468 -7.62400007247925 -7.70800018310547 -7.74399995803833 -8.04399967193604 -8.35200023651123 -8.41199970245361 -8.28400039672852 -8.2480001449585 -8.46000003814697 -8.61999988555908 -8.99199962615967 -9.10400009155273 -9.44799995422363 -9.63599967956543 -9.11199951171875 -8.97999954223633 -8.94400024414062
-8.09200000762939 -8.97599983215332 -8.94400024414062 -8.56799983978271 -7.85599994659424 -7.57200002670288 -7.1399998664856 -7.22800016403198 -7.65999984741211 -8.46399974822998 -7.19600009918213 -4.61999988555908 -2.78399991989136 -2.90799999237061 -4.75600004196167 -6.19600009918213 -7.51999998092651 -8.22000026702881 -8.30000019073486 -8.40799999237061 -8.20800018310547 -8.38799953460693 -8.29600048065186 -8.02799987792969 -8.06400012969971 -7.85599994659424 -7.79199981689453 -7.16400003433228 -7 -7.09999990463257 -7.53999996185303 -7.91599988937378 -7.97599983215332 -7.98000001907349 -8.18000030517578 -8.47599983215332 -8.4680004119873 -8.17599964141846 -8.10400009155273 -8.2519998550415 -8.32800006866455 -8.42799949645996 -8.51200008392334 -8.88000011444092 -9.24399948120117 -8.7519998550415 -8.57999992370605 -8.72399997711182
