model/data/bioclim/bclim15.asc
NCOLS 300 
NROWS 300 
XLLCORNER -125.25 
YLLCORNER 30.75 
CELLSIZE 0.0416666666666667 
NODATA_value -3.4e+38 
[rows 22 to 43 of 300, columns 98 to 146 of 300]
40.8245162963867 41.2839622497559 40.1197280883789 39.5766143798828 39.0942306518555 39.710994720459 41.2184028625488 41.4472732543945 40.5386009216309 40.0615577697754 40.0683975219727 40.5415000915527 40.0831489562988 39.422924041748 38.9511451721191 38.3200149536133 37.911003112793 37.6470413208008 37.7993659973145 37.6581192016602 36.9766044616699 36.0113639831543 35.6766128540039 35.1863670349121 34.9919586181641 33.8162498474121 32.2823486328125 31.6232357025146 30.770320892334 30.3974151611328 29.4596691131592 28.2693538665771 27.5011920928955 28.2326374053955 28.4964981079102 28.0103034973145 27.568567276001 26.8544521331787 27.3194141387939 26.8658428192139 25.8027992248535 26.4298400878906 27.3086338043213 27.5127849578857 26.9353141784668 25.7462501525879 25.8128261566162 25.7915744781494 25.4249610900879
40.7207794189453 40.3637199401855 41.5608215332031 41.5019378662109 40.6124801635742 40.3578720092773 40.6183395385742 40.6549186706543 41.569507598877 40.2763290405273 39.9166641235352 40.0795059204102 40.1757469177246 39.4275054931641 39.3218765258789 39.1742668151855 38.8014183044434 39.318187713623 39.2451477050781 39.5864448547363 37.3703727722168 36.5700187683105 36.0421371459961 34.8927307128906 34.5017204284668 33.2677803039551 33.2667617797852 32.2755279541016 30.9653015136719 31.8840579986572 31.2901554107666 28.6606521606445 27.5407562255859 27.2832279205322 28.8210620880127 29.070728302002 27.8227920532227 27.3483352661133 26.8868255615234 26.4233589172363 26.2629070281982 25.9631881713867 26.3385581970215 26.6298274993896 25.9023666381836 24.8109741210938 25.2678737640381 24.6524257659912 24.6324234008789
40.3024749755859 39.6307678222656 41.3270683288574 41.3131484985352 41.240535736084 40.3558082580566 40.0822792053223 40.5893516540527 41.038143157959 40.117130279541 39.4640464782715 39.25439453125 40.4388618469238 39.6445770263672 39.0658187866211 39.977165222168 39.8013229370117 40.137866973877 40.799259185791 39.7205352783203 37.3865242004395 37.2255897521973 36.0153694152832 35.6878967285156 34.7277450561523 33.7321281433105 33.4652099609375 32.2707443237305 32.0978546142578 32.1121139526367 31.9097309112549 28.6768569946289 28.7602462768555 27.9463119506836 28.0320434570312 28.8436508178711 27.988655090332 28.1030616760254 27.078800201416 26.7667865753174 26.47926902771 26.6363334655762 26.2508449554443 26.0678768157959 26.3907108306885 24.9778690338135 25.1215972900391 24.5278167724609 24.5278167724609
39.9364700317383 39.5524864196777 39.9803276062012 39.8413200378418 40.3587951660156 40.2558708190918 40.4479827880859 40.1646957397461 41.0410957336426 39.8447036743164 39.7494468688965 39.9071273803711 39.7024459838867 39.7676467895508 40.0924263000488 40.3348197937012 41.3077697753906 41.0596656799316 41.2898635864258 40.9611434936523 38.2633361816406 37.4164390563965 36.4240379333496 35.7060203552246 35.0704154968262 34.7147102355957 34.6688919067383 33.6149520874023 31.7352466583252 31.6924438476562 30.2621154785156 29.076789855957 29.3918991088867 29.1715450286865 28.9852752685547 28.4977951049805 28.6342716217041 28.2615184783936 26.8176860809326 26.6372699737549 26.1383037567139 25.5010566711426 26.1351718902588 26.6761016845703 26.0060176849365 25.1793251037598 24.8647727966309 25.0639629364014 24.844633102417
40.4153747558594 40.6762580871582 39.5154724121094 39.6267623901367 39.8573265075684 39.829948425293 40.1269683837891 40.7572784423828 40.4440307617188 39.5905265808105 39.9570159912109 40.8540458679199 40.7927131652832 40.4424438476562 39.8120918273926 40.6692771911621 41.0925636291504 41.099910736084 41.509220123291 41.1671409606934 39.6236915588379 37.96044921875 36.9983749389648 36.7181243896484 35.5717544555664 34.863842010498 34.759105682373 33.9477195739746 33.2216033935547 31.3702907562256 30.4356307983398 29.9581108093262 29.5517082214355 29.0477199554443 29.7413959503174 28.7704772949219 28.7561454772949 28.448413848877 27.266300201416 26.4385223388672 26.4385223388672 26.4243946075439 26.2973823547363 26.2413635253906 25.3017749786377 25.2460956573486 25.0848827362061 24.8270988464355 24.9085292816162
40.2277221679688 40.4443016052246 40.1296615600586 40.2679862976074 40.4398384094238 39.9928283691406 41.311653137207 40.3730392456055 40.1155242919922 40.3383140563965 40.1138610839844 40.4398384094238 39.6440238952637 40.1966934204102 40.7721786499023 40.6678276062012 41.3173027038574 42.1642837524414 41.4213676452637 41.7222709655762 39.9399223327637 38.3888244628906 37.3931312561035 37.0536422729492 36.5530700683594 35.5369110107422 35.461597442627 34.499641418457 33.89697265625 32.2872772216797 31.045877456665 30.8427085876465 30.5632991790771 29.7036666870117 29.6860504150391 29.9171924591064 28.6084041595459 28.5669860839844 26.5788288116455 26.8824005126953 26.4385223388672 26.6287612915039 25.8601093292236 26.1798229217529 25.9640731811523 25.0848827362061 25.7927303314209 26.2627391815186 26.694486618042
39.0969924926758 39.1728134155273 39.1529121398926 39.0340538024902 40.7476081848145 40.9165382385254 40.5279693603516 40.8652877807617 40.5524063110352 39.9127655029297 40.2972145080566 40.2214469909668 40.1042404174805 40.4109802246094 40.7289543151855 40.6818161010742 42.6855354309082 43.0640296936035 42.551830291748 43.1878356933594 41.0368232727051 38.2098579406738 37.9627571105957 37.0499992370605 36.625 36.0919151306152 35.0407066345215 34.8191184997559 34.3118095397949 34.113109588623 32.8290176391602 31.6737670898438 31.3571796417236 29.95263671875 31.1841354370117 30.5327434539795 29.6032695770264 28.0260524749756 27.6602764129639 27.3574142456055 27.3148612976074 27.1029624938965 26.6202850341797 27.0334300994873 26.1464405059814 25.6472949981689 25.3532257080078 25.4597702026367 25.4015159606934
38.4423141479492 39.4120063781738 39.1319046020508 38.9191551208496 40.1323127746582 39.8394584655762 40.8559150695801 40.5807723999023 40.1886978149414 39.8268737792969 40.36962890625 40.2437705993652 40.6020355224609 39.9969367980957 40.8521347045898 41.4384269714355 42.5388107299805 42.6223945617676 43.3179397583008 43.1311492919922 42.312141418457 39.6384582519531 37.8619689941406 37.387580871582 36.5291976928711 35.9372138977051 36.0782890319824 35.9628562927246 35.3912925720215 33.6332931518555 32.9987831115723 32.3220062255859 31.6879634857178 30.8886241912842 31.4198112487793 30.6045665740967 29.0594787597656 28.8650531768799 27.625846862793 27.1240425109863 27.6063938140869 27.5672645568848 26.5825786590576 25.54514503479 25.3570041656494 24.7174797058105 25.5944862365723 25.3734436035156 25.0206184387207
38.632194519043 38.6551666259766 39.2885627746582 39.6648406982422 39.085262298584 39.7221603393555 39.9519805908203 39.935302734375 40.4509162902832 40.3002014160156 40.7696380615234 40.8033180236816 40.6893615722656 40.4270820617676 41.0233154296875 40.6832427978516 42.5766487121582 43.1557502746582 43.2295799255371 42.9017448425293 42.2431488037109 39.0246276855469 37.9827041625977 37.5867958068848 37.2630462646484 36.7767944335938 36.892261505127 36.6505813598633 35.6568069458008 34.4362983703613 33.8991546630859 33.5857124328613 32.7197914123535 31.6666278839111 31.1053943634033 30.1049880981445 29.222749710083 28.3788967132568 27.8062267303467 27.1533432006836 28.2288188934326 28.3105792999268 27.444694519043 27.1322288513184 26.809103012085 25.8199005126953 25.4446315765381 25.22145652771 25.0200901031494
40.1783981323242 39.9044647216797 39.838306427002 40.2008628845215 40.0190048217773 39.6543235778809 39.9711952209473 40.5029411315918 40.3023300170898 40.7179107666016 40.6791954040527 40.4419784545898 40.0471572875977 40.8240013122559 40.7925186157227 40.9861068725586 43.0900268554688 43.5466041564941 43.9087448120117 43.5669860839844 41.7266540527344 38.4756774902344 38.5778121948242 37.5310592651367 37.1205711364746 37.5994758605957 37.9055366516113 37.6976928710938 36.2841300964355 35.2952880859375 34.2769317626953 34.377269744873 32.640811920166 31.9665622711182 30.4860668182373 30.1846179962158 29.8801002502441 29.2240009307861 28.051872253418 28.1050357818604 27.9643001556396 27.6730918884277 27.2160682678223 27.5553531646729 27.150899887085 26.3245239257812 24.682559967041 24.6976909637451 25.1793251037598
39.7366561889648 39.2918853759766 39.6288757324219 40.3648796081543 39.5052261352539 40.3028945922852 40.267951965332 40.5554466247559 41.0035400390625 40.2119750976562 40.8020210266113 40.7152290344238 40.5380439758301 40.8950386047363 41.3987426757812 42.2762336730957 43.1508369445801 43.8532066345215 44.2788276672363 42.8264427185059 41.2502975463867 38.2744522094727 38.1663284301758 39.2934875488281 40.0767288208008 40.2234992980957 39.0254364013672 37.9059677124023 37.081844329834 35.6392631530762 34.1620025634766 33.7166290283203 33.9487342834473 32.9501037597656 31.235466003418 30.6878242492676 30.3566761016846 29.4650573730469 28.5517826080322 28.210880279541 27.9352436065674 27.456356048584 28.0153141021729 27.5240936279297 27.3526916503906 26.2565002441406 24.750301361084 24.750301361084 24.7234973907471
39.733772277832 39.3684997558594 40.0572776794434 40.9012031555176 40.6271667480469 40.4962501525879 40.1411590576172 40.4624404907227 40.8813552856445 40.4925384521484 40.9726982116699 41.0259437561035 41.2641372680664 41.7724266052246 41.5537643432617 42.2722549438477 43.5636825561523 43.7093963623047 43.5413703918457 42.4684181213379 41.8245391845703 40.1025772094727 37.8582649230957 39.5789260864258 42.4494705200195 41.7117652893066 40.4264945983887 37.9416046142578 36.8647994995117 35.0930099487305 34.7375030517578 33.9973258972168 33.4532279968262 32.9447631835938 31.918830871582 30.4191493988037 30.970100402832 30.2408790588379 29.6567344665527 28.2279205322266 27.3324432373047 27.6396865844727 28.8857192993164 28.6410980224609 27.2405300140381 25.7747097015381 26.2506256103516 25.7462501525879 25.6195526123047
40.7260665893555 40.3353996276855 40.7390022277832 40.5825119018555 40.8614120483398 40.9355010986328 40.1411590576172 41.0432510375977 40.4244651794434 41.7078018188477 42.1389770507812 41.8654289245605 41.421070098877 42.0016059875488 41.7946472167969 42.0492401123047 43.1548347473145 43.3422546386719 43.0122756958008 41.622501373291 39.6194648742676 40.5153617858887 39.7664108276367 40.737678527832 42.0225982666016 43.2280082702637 41.2957191467285 38.5533027648926 36.4889793395996 35.2934761047363 35.0898895263672 34.2044296264648 33.538948059082 32.8475761413574 31.9470634460449 30.9108142852783 31.1182670593262 30.5309200286865 29.0681304931641 28.7079734802246 27.9806976318359 27.4476909637451 27.9188861846924 27.6429557800293 26.5825786590576 26.4150943756104 26.0899066925049 25.7462501525879 25.7462787628174
41.5560760498047 40.6649055480957 41.1313056945801 41.4619636535645 40.9893989562988 40.6938247680664 41.0807151794434 40.8539199829102 41.0560760498047 41.3314056396484 41.3680686950684 42.3739852905273 41.8654289245605 42.1461982727051 41.7946472167969 41.7458763122559 42.2691841125488 42.7841949462891 42.9878273010254 41.6453704833984 39.6343154907227 39.0234107971191 38.341796875 42.1662483215332 42.1384162902832 42.9090995788574 41.4790153503418 38.5537338256836 37.1485710144043 35.8934555053711 34.8004684448242 34.6339149475098 34.6855773925781 33.4059753417969 32.7073440551758 31.7255401611328 30.9171943664551 30.277416229248 29.4507541656494 28.8985958099365 28.1617183685303 27.584358215332 27.5866031646729 27.9400424957275 27.6222190856934 26.4732990264893 26.2992630004883 26.2477893829346 25.0178852081299
40.8235244750977 41.1328010559082 41.981746673584 41.1253356933594 40.5090599060059 40.8782806396484 41.4441375732422 41.3330192565918 41.7445793151855 40.6049270629883 40.3906555175781 41.8122291564941 41.7257919311523 41.8929481506348 41.7717170715332 42.3999252319336 42.2280197143555 42.0846138000488 42.1874542236328 41.3860054016113 38.9827919006348 38.3193588256836 39.1417007446289 43.7500991821289 42.7111511230469 42.6778831481934 40.7698860168457 37.2659339904785 36.3769111633301 35.3142852783203 35.4118614196777 35.276683807373 34.43603515625 33.4243850708008 32.5299263000488 32.0355567932129 31.6234283447266 30.3500022888184 29.8052787780762 29.1561088562012 28.4632034301758 28.2228050231934 27.1993427276611 27.0912704467773 27.7958602905273 27.2218017578125 27.0350894927979 26.3084754943848 25.6264533996582
41.3904685974121 41.5494232177734 40.7978096008301 40.5963554382324 40.6479263305664 41.0092964172363 41.4429893493652 41.6381721496582 41.237678527832 41.3464164733887 41.6295585632324 42.1202163696289 41.8287544250488 41.6110763549805 42.2882766723633 42.3739852905273 42.9343643188477 41.7155113220215 42.1789360046387 41.2238464355469 39.4590339660645 38.7000961303711 40.7765769958496 42.8743858337402 42.6790618896484 43.3977966308594 40.7630271911621 37.3471031188965 36.9237327575684 35.8863677978516 35.578197479248 35.6700897216797 34.7737503051758 33.4166641235352 32.9616317749023 32.0223007202148 31.3640804290771 30.7773971557617 30.0613193511963 29.5453357696533 30.1700477600098 28.6692504882812 27.6685428619385 27.7407493591309 27.8271713256836 27.229866027832 27.5412693023682 27.3992156982422 26.8544521331787
42.1042823791504 41.8395004272461 40.8808403015137 41.2871246337891 40.8695411682129 41.1501541137695 41.6855087280273 41.4998741149902 42.4537353515625 42.2791366577148 41.5821952819824 41.7394981384277 41.6676559448242 41.9659729003906 41.897518157959 42.6518249511719 42.6728858947754 41.9083137512207 42.4615669250488 39.8950347900391 39.1399612426758 38.9637489318848 41.5387344360352 44.0203590393066 43.950008392334 44.0918884277344 40.605827331543 39.7930526733398 37.3860015869141 35.4248199462891 35.165714263916 35.8271484375 34.7711982727051 34.0084953308105 32.891040802002 32.2869834899902 31.2198066711426 30.3847312927246 29.9410381317139 29.6505584716797 29.4985065460205 28.8158836364746 28.7646656036377 28.8477783203125 28.4306049346924 27.706916809082 26.5734176635742 27.4666976928711 26.9343910217285
42.2082557678223 42.8196182250977 41.495548248291 41.063591003418 41.8217735290527 41.2351379394531 41.2958984375 42.4537353515625 42.2304611206055 42.3811569213867 41.5629997253418 42.1518707275391 42.6702651977539 42.2589416503906 42.7280387878418 42.8911247253418 42.2498168945312 42.1557235717773 41.7155342102051 40.2521591186523 39.2221031188965 38.3980522155762 39.1565551757812 43.7873153686523 44.3152160644531 44.3980407714844 42.3215713500977 41.0084381103516 37.7981452941895 36.1175727844238 36.1091270446777 36.0323295593262 34.7326354980469 33.8646049499512 33.4391937255859 31.9483833312988 31.2776889801025 30.8996562957764 30.7812919616699 30.189567565918 29.3787250518799 28.8170833587646 28.4956760406494 28.6246547698975 28.962532043457 27.9490356445312 27.756046295166 27.385124206543 25.9096660614014
42.9111442565918 42.8409118652344 42.5427589416504 42.3657608032227 41.5898513793945 41.5257263183594 41.9754219055176 42.6401443481445 41.9659729003906 42.4117202758789 41.9041023254395 42.232250213623 41.967716217041 41.8207931518555 42.0883979797363 42.2041053771973 42.1467437744141 43.0291290283203 41.4260940551758 40.2528686523438 38.7880859375 38.7507247924805 38.8599815368652 41.3173027038574 43.6406631469727 43.3570861816406 42.2013778686523 42.1608505249023 39.2692947387695 36.2320442199707 35.4628372192383 34.7956123352051 35.0789375305176 34.0925064086914 33.4322853088379 32.5657157897949 31.5520877838135 30.9021148681641 30.573356628418 30.0755653381348 30.2514705657959 29.2723979949951 28.6490116119385 27.9346580505371 28.111572265625 27.6656436920166 28.1000900268555 27.6063938140869 27.5526504516602
43.5163078308105 43.0607833862305 43.5489845275879 43.1602439880371 42.3536834716797 42.1167221069336 42.8780059814453 41.9634437561035 41.2185859680176 41.9524803161621 42.1180305480957 42.0556831359863 41.1764717102051 41.8137550354004 42.3388137817383 42.1847915649414 41.8652267456055 42.4892234802246 42.0890007019043 39.4666023254395 38.9450492858887 38.1031723022461 38.4007034301758 41.937744140625 43.6289558410645 43.6081390380859 43.6057815551758 42.6271057128906 39.8277778625488 36.0766830444336 34.7752380371094 34.7430000305176 35.0789375305176 34.2934494018555 33.6291770935059 32.7618408203125 31.8696517944336 31.9357299804688 31.0414237976074 30.2005500793457 30.0568885803223 28.6490116119385 28.6718673706055 27.6467266082764 28.7380981445312 28.4544219970703 28.6234645843506 27.8940315246582 28.9357643127441
44.5462989807129 44.0262718200684 43.3360633850098 43.263313293457 42.7089691162109 42.9174690246582 43.7144432067871 42.7803993225098 42.5845985412598 42.1514663696289 42.2216835021973 42.3863677978516 42.3863677978516 42.2150497436523 42.1697196960449 42.1083717346191 41.9482383728027 41.9474449157715 41.6117286682129 39.0705490112305 38.4377784729004 37.8777351379395 38.4582176208496 40.8092803955078 42.551383972168 43.4346694946289 42.9295043945312 42.0758666992188 40.3534812927246 36.0375823974609 35.3365249633789 35.0402717590332 34.670337677002 34.4945831298828 33.6629409790039 33.2820472717285 31.5347995758057 31.2956562042236 30.7944259643555 29.7362365722656 29.7029094696045 29.8140182495117 29.1572170257568 28.7922477722168 28.7136383056641 28.8959941864014 28.1453800201416 27.9055805206299 27.0048961639404
44.9777374267578 44.3539772033691 44.2523574829102 43.8438568115234 43.2156791687012 43.6726341247559 43.9818382263184 43.4312744140625 43.4763565063477 42.7875061035156 42.4473915100098 43.298770904541 43.4054336547852 43.0219268798828 41.979663848877 41.7854957580566 41.9303131103516 41.2181396484375 39.8662300109863 39.0184135437012 38.238395690918 37.9189605712891 38.1461906433105 38.1808547973633 41.4874954223633 41.5851287841797 42.3073768615723 41.5403099060059 39.8435821533203 35.7891273498535 35.8135948181152 35.5046424865723 34.1645164489746 33.6057815551758 33.8130302429199 32.9329452514648 31.3736686706543 31.8801860809326 30.3874893188477 30.3036212921143 29.7337894439697 30.7664642333984 29.729419708252 29.6626453399658 28.913459777832 28.7596778869629 28.0556011199951 27.7344951629639 28.5714282989502
