model/data/bioclim/bclim8.asc
NCOLS 300 
NROWS 300 
XLLCORNER -125.250000000003 
YLLCORNER 30.7499999999996 
CELLSIZE 0.041666666666667 
NODATA_value -32768 
[rows 120 to 159 of 300, columns 184 to 275 of 300]
212 217 218 219 219 217 209 194 177 179 182 190 198 192 181 170 163 173 180 176 190 193 198 197 199 192 181 174 191 203 56 58 58 58 20 10 11 21 59 61 62 62 30 28 22 2 -6 -6 -21 -20 0 13 50 50 8 44 52 53 52 46 43 44 40 34 27 39 200 43 38 29 24 31 37 194 32 23 2 0 15 22 183 185 180 4 1 183 186 179 8 1 173 180
217 219 220 220 220 217 210 199 185 183 192 199 200 188 177 166 176 173 187 182 186 196 198 200 200 197 189 2 11 54 57 209 23 23 25 55 28 29 62 61 59 26 24 15 0 -20 -20 -17 -17 -1 11 18 21 17 18 49 51 50 52 52 44 48 41 1 3 44 202 44 37 28 31 36 40 39 36 30 21 9 18 24 187 190 185 17 10 182 186 180 9 -9 9 176
221 221 221 220 219 216 210 201 187 179 196 203 203 195 187 179 180 190 191 180 182 195 200 203 201 197 191 5 7 21 24 24 19 11 19 26 30 30 62 28 23 19 6 -13 -14 -31 -13 -5 -3 10 17 21 22 14 53 54 14 10 14 52 53 52 47 41 43 204 204 47 42 39 38 39 198 198 39 36 30 -12 -18 21 187 193 191 180 10 179 185 182 173 -2 3 174
222 222 218 214 216 214 209 202 193 187 199 206 207 206 201 193 189 196 198 186 186 194 202 203 200 195 7 -2 5 18 23 20 9 6 14 25 30 31 30 25 14 11 -2 -20 -32 -19 -4 -1 9 17 20 23 22 16 24 57 20 10 6 13 50 55 53 47 48 207 208 207 204 47 37 4 42 44 42 40 37 29 19 18 188 194 193 183 11 175 183 184 179 173 7 169
220 207 198 200 210 213 208 202 192 193 203 209 210 210 209 204 194 200 203 190 188 197 204 203 198 188 4 -1 0 17 21 15 5 4 14 25 32 32 31 24 13 3 -10 -23 -20 -1 8 11 17 21 23 24 21 25 26 26 23 18 10 -4 7 49 56 52 48 53 211 211 209 46 10 -10 9 45 45 201 40 37 30 24 26 193 192 22 7 14 181 183 182 178 170 168
206 174 160 189 202 210 209 203 196 194 205 211 211 212 212 212 207 208 208 203 202 205 206 201 191 0 -19 -17 4 16 19 16 8 -1 10 25 33 33 32 24 9 -3 -4 -16 -6 4 11 16 19 22 24 25 24 23 27 27 25 20 11 -5 -2 12 56 54 17 53 212 213 213 52 12 -14 4 14 46 46 202 11 37 33 30 192 187 21 9 11 179 182 182 178 176 181
201 193 180 191 198 210 214 209 196 195 206 213 214 214 214 214 205 208 210 209 208 209 204 193 6 -3 -17 -19 3 14 17 15 8 -2 6 25 34 34 32 23 8 -4 4 5 11 12 14 17 21 23 24 21 20 28 28 28 25 19 10 -4 -4 15 57 21 13 54 214 61 215 54 15 -2 0 13 16 205 16 202 41 197 199 193 186 15 -21 10 177 181 178 12 177 188
189 178 183 205 201 216 221 218 212 207 210 216 216 216 216 215 207 208 212 211 210 209 202 12 2 -13 -13 -21 -4 9 14 14 11 3 1 21 33 34 31 21 3 5 14 20 22 21 14 1 20 23 19 13 15 29 29 29 25 18 11 12 7 17 59 21 20 24 62 63 62 20 13 -3 -5 10 11 15 206 205 202 43 201 194 31 20 -13 -19 175 181 179 185 191 194
202 192 200 214 220 224 224 223 217 210 214 217 217 217 217 216 214 214 214 213 212 210 23 17 10 6 3 -6 -10 3 11 14 15 9 -4 14 32 32 29 19 10 17 24 27 28 26 15 -8 18 21 15 2 14 30 30 30 27 14 10 18 21 23 26 17 22 28 64 64 29 24 16 -3 -15 11 17 15 15 17 207 205 200 196 1 -2 -6 -8 179 184 189 195 197 198
225 224 221 218 225 225 224 222 221 216 214 217 218 217 217 215 214 214 213 214 213 212 209 22 18 15 11 7 -6 -4 8 14 17 13 -4 11 29 31 26 17 21 25 30 32 32 31 22 1 17 17 9 -2 20 30 31 30 28 17 16 24 29 30 25 16 24 29 31 31 63 25 19 8 0 17 21 209 19 18 208 203 198 7 1 -1 188 186 23 189 194 198 198 199
237 238 228 215 222 218 218 218 218 216 210 211 216 213 214 210 205 206 210 212 214 29 211 25 22 20 18 13 5 -8 2 13 18 19 14 22 29 30 27 20 20 27 32 34 35 35 31 6 15 9 10 11 24 28 30 28 28 29 21 30 36 29 23 17 25 30 32 32 63 27 21 16 16 21 24 24 215 209 18 202 8 1 -3 -2 191 192 190 195 197 198 198 197
237 235 228 215 210 199 202 209 214 211 204 205 211 216 214 204 13 13 21 209 28 29 28 27 25 23 21 18 12 -1 -5 11 18 21 24 26 28 28 24 16 21 29 34 36 37 36 31 20 12 7 13 14 22 26 28 24 27 31 35 38 35 28 22 15 24 31 33 32 30 24 23 20 18 23 26 216 216 23 19 13 8 0 -1 3 193 195 196 194 197 197 197 197
236 229 215 206 195 -1 184 202 209 205 199 19 211 221 219 207 13 9 16 23 27 30 29 28 27 26 25 23 17 4 0 10 16 21 24 21 25 22 17 22 29 32 38 39 38 35 30 22 13 6 11 10 16 20 24 22 31 30 40 39 34 28 21 16 25 31 33 33 29 20 20 18 9 20 26 29 26 23 18 13 6 4 6 7 196 196 195 195 197 198 198 196
232 224 203 199 1 -5 6 195 18 207 23 27 218 226 227 34 215 21 17 16 24 30 30 30 27 26 28 27 22 7 1 9 19 24 23 17 20 22 19 25 33 38 40 40 39 35 28 21 15 7 7 7 4 9 21 27 37 42 33 33 30 24 17 13 26 31 33 33 27 19 18 19 14 20 28 28 24 20 16 12 8 7 8 8 7 5 2 4 5 194 194 39
228 220 208 14 9 15 203 206 208 28 219 223 227 41 42 41 39 33 23 10 17 28 31 31 28 29 31 30 26 14 11 17 23 27 24 19 22 26 27 31 36 38 39 40 38 32 15 11 4 2 9 9 -6 8 24 34 44 37 35 38 36 31 27 25 28 31 33 30 24 15 17 21 25 27 28 27 24 18 11 6 8 8 8 8 6 5 5 3 2 1 6 7
221 210 202 8 193 210 212 24 26 221 36 229 41 43 43 41 39 35 26 15 15 27 30 29 27 29 33 34 30 18 14 22 27 29 25 17 18 26 29 33 36 36 36 35 30 29 15 17 14 16 21 14 10 26 37 44 49 42 42 41 36 32 32 32 32 32 29 24 18 14 17 23 28 31 27 28 27 20 14 10 9 10 11 9 6 6 6 6 8 6 6 6
202 15 9 15 212 219 218 27 30 34 39 40 37 34 33 35 34 34 30 24 22 26 29 27 27 31 35 36 34 25 21 26 30 31 24 10 11 23 30 32 33 30 24 14 21 26 30 32 29 26 29 13 11 27 42 48 51 43 44 39 29 24 31 33 34 31 26 17 9 12 19 24 33 25 21 21 23 22 16 14 16 15 13 11 9 7 4 4 5 9 6 10
-1 4 9 23 31 32 220 29 30 39 40 25 7 10 25 31 31 34 32 26 22 26 30 30 31 35 37 38 38 32 17 31 33 33 24 11 -1 17 28 25 25 27 18 3 17 29 35 39 39 38 36 17 24 32 44 49 53 43 42 34 16 15 29 32 34 32 27 15 2 9 19 32 28 16 14 17 17 19 18 19 18 17 15 15 17 11 2 1 7 7 -3 5
-10 1 10 18 29 31 30 33 40 43 41 28 14 12 28 33 33 31 30 25 25 30 33 34 36 38 38 39 39 32 22 32 35 33 27 11 5 20 28 34 35 30 21 7 4 24 35 42 44 44 39 26 30 37 41 47 53 52 44 31 10 10 26 32 36 34 28 17 6 11 19 27 35 15 8 11 15 17 18 15 18 17 14 10 20 16 7 0 2 7 9 6
-6 1 17 27 34 37 39 40 42 44 45 43 40 34 38 38 34 32 31 29 32 34 36 37 38 38 38 38 36 25 22 32 35 34 23 4 6 24 33 39 39 34 23 13 -7 17 28 42 46 47 47 40 30 29 30 43 53 57 51 33 28 20 29 37 39 36 31 21 17 11 20 24 37 21 13 15 18 15 16 16 13 15 15 13 24 28 19 7 8 13 12 17
-8 8 26 32 36 37 38 35 37 40 44 44 49 42 34 34 35 35 34 30 34 35 35 34 36 38 37 37 29 20 15 30 34 30 6 8 20 29 39 43 44 40 31 20 6 22 30 40 45 49 50 47 37 22 22 38 52 58 54 41 39 35 35 39 40 38 33 21 11 15 23 28 40 32 21 21 28 20 12 12 12 19 25 25 31 34 32 28 24 15 12 23
16 25 30 32 30 30 24 22 26 35 46 51 53 47 33 34 33 35 33 32 34 32 30 28 33 35 33 31 21 13 10 22 32 22 7 22 31 38 45 47 47 46 37 26 18 29 35 41 46 49 51 50 35 8 11 29 47 58 58 46 47 44 39 41 41 38 30 21 4 14 25 34 45 46 31 33 36 27 17 7 8 20 34 31 36 41 44 37 18 21 27 36
34 35 26 22 23 20 14 12 22 36 47 54 56 55 43 36 38 37 33 30 30 27 26 27 30 28 22 21 17 12 11 16 21 14 12 24 37 44 48 49 50 50 49 46 43 40 36 42 45 48 52 53 43 22 20 29 36 52 61 55 53 47 42 43 39 36 29 14 16 22 31 40 42 41 48 47 42 32 20 25 29 34 42 39 42 47 51 44 37 39 40 46
55 52 41 35 30 18 7 10 28 39 48 57 58 59 56 46 47 41 25 24 20 28 23 26 26 24 22 18 16 13 9 10 13 10 18 18 23 42 47 51 52 52 52 52 50 45 37 37 39 47 53 55 53 44 31 36 35 50 60 63 55 47 38 39 29 31 26 17 33 41 46 46 37 43 58 53 43 29 27 36 38 41 48 48 51 53 55 51 49 48 51 53
67 62 50 33 22 7 11 29 42 50 54 59 60 60 59 53 53 50 45 39 31 35 38 35 30 25 22 20 14 11 8 7 9 13 26 24 37 41 49 52 53 48 52 52 49 45 38 33 31 48 54 57 56 46 39 40 43 45 57 64 63 54 50 34 31 32 28 38 49 55 54 41 47 55 65 57 48 37 37 44 47 47 46 55 56 57 61 52 44 46 54 53
73 70 58 41 24 15 23 36 48 55 58 57 61 61 60 59 59 59 55 50 40 43 45 43 39 34 31 30 26 17 16 22 11 21 41 48 53 54 47 46 51 39 47 52 50 47 40 38 33 48 57 60 59 47 48 49 49 51 55 62 65 64 55 27 32 37 37 52 61 62 48 51 57 61 70 62 53 48 52 54 53 52 54 59 61 64 60 47 26 28 51 62
74 79 69 51 37 29 29 33 45 58 52 46 57 61 62 61 61 62 60 56 50 48 49 51 45 39 35 36 37 35 37 33 23 23 44 55 59 55 46 36 46 47 45 50 48 47 44 41 29 40 54 60 60 54 55 48 51 54 55 57 53 70 64 36 36 44 49 62 65 55 57 59 64 66 75 67 61 62 62 61 59 55 56 60 66 70 61 45 18 22 49 59
61 80 79 59 45 39 46 48 55 52 36 36 52 58 60 62 62 59 59 61 58 58 56 51 45 34 23 27 39 41 45 39 32 37 50 58 61 59 50 43 47 53 51 50 45 43 36 25 26 30 43 59 59 61 62 54 56 56 42 55 61 72 72 46 53 55 65 69 59 47 62 62 70 72 74 67 64 68 68 66 61 60 57 65 71 74 65 52 34 36 36 49
50 74 87 81 63 61 59 57 48 32 22 34 45 53 57 60 62 62 59 62 63 64 58 51 44 34 22 22 35 44 49 45 39 46 54 60 63 63 57 50 50 53 52 48 39 35 36 27 29 46 47 54 58 57 68 68 68 62 34 49 66 73 75 63 62 67 70 60 57 65 69 72 77 73 64 57 57 66 72 67 66 67 67 72 76 78 73 66 59 48 27 46
33 69 86 90 91 78 64 57 39 16 8 23 37 48 54 58 61 60 56 63 67 64 58 54 51 47 33 29 36 46 52 47 32 43 54 62 65 66 62 57 52 52 48 46 39 38 43 41 37 56 62 51 54 61 70 72 72 69 38 36 66 77 80 76 75 73 55 56 68 74 79 80 71 58 42 38 48 57 72 75 73 73 75 77 80 82 81 78 73 57 45 49
20 61 82 77 95 94 82 62 32 15 2 18 33 44 50 55 59 54 50 62 70 68 62 58 49 50 48 45 41 51 38 37 34 49 50 61 67 68 64 62 57 55 45 41 44 52 60 52 42 58 68 64 49 65 73 73 73 70 39 29 65 79 83 81 79 68 50 62 74 79 85 79 63 36 23 31 55 63 71 77 80 81 80 81 84 85 87 86 85 72 70 73
24 58 62 54 82 102 101 83 57 26 11 9 20 36 44 47 54 49 60 68 74 70 64 63 57 45 37 40 55 53 30 29 30 50 59 52 62 69 65 60 67 59 49 43 49 61 70 65 42 57 70 71 56 52 70 72 73 71 48 30 64 77 83 84 83 68 60 68 77 86 90 80 66 45 26 28 47 64 63 78 84 85 86 86 87 86 90 90 92 79 82 73
-3 47 25 18 63 95 111 105 87 58 33 31 23 32 52 58 63 66 72 76 69 59 59 70 68 58 48 59 65 55 49 52 43 52 60 62 70 75 68 70 74 66 43 40 48 61 73 72 45 59 69 71 62 51 55 52 59 67 52 27 60 74 82 87 86 67 66 69 76 90 91 83 74 63 52 48 60 67 65 81 87 90 91 89 91 90 91 94 93 70 60 47
22 40 23 17 41 78 112 121 119 100 70 58 54 33 52 64 71 75 59 82 68 48 59 74 75 68 57 68 56 67 63 49 61 51 54 65 75 79 81 82 81 74 59 54 45 51 74 75 44 58 70 72 60 42 41 44 50 59 48 21 54 70 81 88 89 77 71 75 80 91 93 87 83 75 62 60 74 78 81 86 91 95 91 95 95 95 96 95 82 47 44 30
49 46 21 9 28 69 110 127 130 125 102 67 51 51 46 60 51 78 61 85 84 56 62 81 80 76 49 71 79 79 59 75 71 48 60 67 56 81 84 85 83 75 69 60 45 52 76 80 49 59 70 73 66 49 51 34 42 48 37 17 52 70 80 88 91 86 85 82 86 93 99 94 89 85 80 85 86 87 89 91 94 98 95 101 101 100 97 87 67 24 32 16
39 53 25 19 38 82 109 128 133 134 131 102 87 65 63 63 66 76 61 86 88 88 82 65 86 83 77 78 64 64 62 61 72 53 55 64 57 83 67 83 74 62 60 59 56 67 81 80 68 61 68 72 66 60 59 44 38 35 24 24 53 67 79 88 90 93 93 91 93 96 101 99 94 91 90 94 95 95 95 96 100 103 103 102 99 97 94 76 39 16 11 32
65 49 43 14 35 80 111 132 134 135 136 130 116 96 93 83 64 48 56 63 90 91 92 90 89 87 87 87 87 66 59 73 55 50 56 57 62 63 80 60 68 61 62 55 66 79 82 82 53 62 72 71 63 54 57 47 29 16 10 29 51 64 77 88 83 86 93 93 100 101 102 104 100 96 96 98 98 100 101 103 106 102 97 93 90 90 85 64 41 34 43 50
68 36 34 38 32 76 106 130 134 136 137 138 131 121 116 109 78 57 68 82 91 93 94 94 93 70 92 91 91 90 85 65 64 62 61 61 60 70 68 64 56 58 65 69 77 82 83 77 57 73 76 68 55 54 56 40 12 -13 6 28 45 58 74 88 76 74 84 90 97 103 103 106 105 102 101 100 100 102 106 108 99 89 84 77 73 76 59 55 52 49 54 56
45 31 47 56 50 78 106 122 133 137 139 139 138 133 129 129 118 93 76 81 90 93 91 96 96 96 94 93 93 90 68 66 63 57 56 64 66 65 57 55 54 57 64 74 80 82 82 76 69 78 80 75 54 55 47 27 -3 -15 5 21 41 63 78 81 72 73 85 92 100 104 106 106 107 106 108 104 103 104 110 103 92 79 64 40 35 46 52 64 58 56 51 62
34 17 22 31 61 82 100 118 133 136 137 137 139 141 142 140 133 121 101 86 85 69 70 97 97 97 96 95 95 93 92 92 70 63 60 64 68 68 62 74 75 74 72 75 81 82 82 79 79 82 81 75 62 57 41 9 -7 4 14 21 36 61 79 83 74 79 92 97 101 104 105 100 102 107 111 108 104 107 111 101 90 80 48 19 30 57 64 70 62 59 61 60
