model/data/bioclim/bclim2.asc
NCOLS 300 
NROWS 300 
XLLCORNER -125.250000000003 
YLLCORNER 30.7499999999996 
CELLSIZE 0.041666666666667 
NODATA_value -32768 
[rows 76 to 113 of 300, columns 86 to 171 of 300]
153 153 150 148 144 139 136 139 142 157 165 168 161 151 157 164 172 166 161 171 173 172 174 177 170 162 165 163 163 160 161 163 163 163 162 168 171 170 168 166 167 167 166 163 162 161 165 169 170 170 171 172 171 168 173 175 176 173 168 172 173 171 173 177 178 179 179 179 177 174 177 179 181 182 182 182 182 181 178 177 180 182 182 182 182 182
152 152 151 146 141 137 137 142 151 164 170 166 166 175 176 176 184 173 153 154 150 163 171 161 158 159 163 163 165 166 163 157 154 159 164 163 169 170 168 164 160 166 165 162 158 156 158 166 169 170 171 172 171 169 174 176 177 173 170 173 174 172 174 177 179 179 179 179 177 175 177 180 181 182 182 182 181 179 179 180 182 182 182 182 181 181
150 153 151 149 143 139 141 139 148 163 147 149 148 152 161 167 178 188 179 164 150 143 154 152 144 147 162 164 167 167 167 163 155 156 165 162 162 169 169 168 167 166 166 165 165 160 153 161 168 170 171 172 171 170 174 177 177 175 173 174 175 175 176 178 179 179 179 179 178 178 179 180 181 182 181 181 180 181 182 182 182 182 182 182 181 180
150 150 152 152 145 147 149 153 161 158 138 138 137 155 175 174 172 184 188 179 166 158 148 150 153 156 158 162 162 167 166 161 160 152 165 166 157 161 167 168 167 166 166 163 165 166 163 163 167 170 172 173 174 174 175 177 178 177 174 174 175 177 178 178 178 177 177 179 180 180 180 181 181 180 181 181 181 181 182 181 182 182 182 181 180 176
146 149 152 153 151 149 152 156 153 150 144 144 141 148 153 158 149 147 154 166 167 170 165 155 151 153 157 160 162 159 164 164 158 164 167 169 165 158 167 168 167 167 166 165 163 164 167 167 168 170 171 173 175 176 177 178 177 176 175 177 178 178 180 179 178 178 179 181 181 181 181 180 179 181 181 181 181 181 181 182 182 182 182 180 177 173
137 146 146 150 151 154 153 154 148 141 140 140 141 148 145 145 154 153 155 163 157 161 167 167 155 150 153 157 168 170 169 172 166 166 171 170 171 168 170 169 165 167 166 165 165 165 168 169 170 169 167 171 174 177 178 179 179 179 176 177 177 177 181 181 180 180 180 181 181 181 180 180 181 181 181 181 181 181 181 181 181 182 181 177 171 170
137 139 142 147 150 147 151 146 143 145 142 139 143 150 163 165 154 144 141 147 152 145 156 163 163 154 164 172 176 175 177 178 178 177 176 175 173 171 171 169 161 166 166 166 166 166 168 170 171 169 166 164 163 172 179 180 180 181 179 172 174 177 182 182 181 180 180 180 181 180 180 180 180 180 180 180 181 181 181 181 181 181 180 174 176 178
136 132 135 140 145 147 150 153 150 151 145 153 156 148 142 144 145 141 138 139 144 143 143 156 166 168 170 171 169 163 176 179 178 178 177 175 174 172 172 169 160 166 166 164 166 166 168 170 171 173 172 167 158 166 176 181 180 180 181 172 176 179 182 182 181 180 180 180 180 180 180 180 180 180 180 180 180 180 180 181 181 181 176 175 180 182
134 131 133 136 140 144 148 149 154 154 154 153 145 140 138 139 142 139 141 137 140 139 141 145 151 162 169 166 167 172 176 178 179 178 178 174 165 171 172 170 165 168 167 166 167 167 168 170 169 172 173 169 162 165 175 181 183 180 180 174 176 183 183 182 182 181 180 180 180 180 180 180 180 180 179 180 180 180 180 180 181 179 173 179 182 183
141 140 137 136 139 142 144 149 150 151 150 148 143 141 142 138 139 143 140 140 139 140 140 139 143 143 149 161 165 174 177 178 179 179 178 173 159 167 171 172 170 169 166 166 167 167 169 171 170 167 172 170 162 162 175 183 185 185 180 177 182 184 183 181 181 181 181 180 180 180 179 179 179 179 179 179 179 180 180 180 180 177 174 181 182 183
146 144 139 137 139 140 143 148 149 150 149 148 146 146 144 142 141 142 139 137 142 144 142 138 142 143 144 146 153 172 176 175 173 170 178 172 155 159 170 174 172 170 167 167 168 168 172 173 171 167 166 165 159 169 178 184 185 186 186 185 185 185 183 181 182 182 181 180 180 179 179 179 178 178 178 178 179 179 180 180 179 176 173 180 182 183
146 144 137 136 139 139 141 143 145 149 149 147 147 148 146 144 143 139 137 139 151 150 140 138 139 147 144 144 147 164 176 177 169 164 168 166 160 143 163 172 167 159 169 170 170 171 173 174 173 173 172 173 173 177 180 184 185 186 186 186 186 185 184 183 183 182 181 180 179 179 178 178 178 178 178 178 179 179 179 179 178 175 169 179 182 182
146 144 140 139 140 140 141 142 144 147 149 149 146 148 149 147 141 139 147 152 154 149 146 144 145 147 146 142 139 146 166 172 170 160 158 152 163 151 165 172 165 161 168 172 173 174 176 175 173 175 179 181 182 180 179 176 181 186 186 185 185 186 185 184 183 182 181 180 179 178 178 177 177 177 178 178 178 178 179 177 172 170 171 180 182 182
146 145 145 143 140 139 140 141 144 146 148 147 147 150 152 152 152 150 147 135 132 138 134 136 138 141 145 143 143 140 148 152 160 162 159 155 168 166 159 176 178 176 175 175 176 177 178 176 177 179 173 174 181 181 174 170 178 183 186 183 183 185 185 184 184 182 181 180 179 178 177 177 177 177 177 177 178 178 178 175 169 171 176 180 181 181
146 145 144 143 141 139 139 141 143 145 147 147 149 150 151 147 143 139 135 134 134 134 136 135 136 139 141 145 141 143 147 147 151 157 164 165 173 176 155 164 171 164 170 175 177 178 179 175 176 177 173 171 172 175 176 172 170 177 185 187 186 186 186 185 184 183 181 180 178 177 176 176 176 176 177 177 177 178 177 175 172 175 178 180 181 180
146 145 144 143 141 141 139 140 141 143 145 146 148 149 151 148 145 145 145 144 143 141 131 133 135 138 139 140 140 138 139 136 142 150 159 166 179 182 165 174 148 140 148 167 178 179 180 175 171 175 177 173 167 168 177 183 183 184 187 188 187 187 187 185 184 183 181 180 178 177 176 175 176 176 177 177 177 178 177 176 176 177 179 180 180 178
146 145 144 143 142 141 139 140 141 142 143 145 146 148 149 151 148 141 139 131 134 141 131 132 134 135 136 138 142 140 138 136 144 152 159 174 179 183 171 170 145 134 144 159 175 179 181 169 168 169 171 165 175 182 186 187 188 189 189 189 188 187 186 185 184 183 182 180 179 177 176 175 176 176 177 177 177 178 177 178 178 178 179 180 180 178
146 145 144 143 142 141 140 139 140 140 142 144 145 147 149 149 150 147 147 142 148 145 144 136 134 139 141 141 139 137 140 136 143 148 158 169 180 177 169 158 144 132 140 160 175 178 177 169 162 166 167 178 185 188 189 189 186 187 190 190 189 189 188 186 185 184 183 181 179 178 177 176 177 176 177 177 178 178 177 178 179 179 179 180 180 180
146 145 144 143 142 140 139 139 139 140 141 142 143 145 147 148 147 142 139 136 132 132 131 134 136 137 140 142 143 145 144 142 145 158 163 168 176 168 151 143 137 133 138 158 179 177 168 157 164 176 184 187 188 188 190 190 186 189 191 191 190 190 188 187 186 185 183 182 180 179 178 177 177 178 177 178 178 178 178 178 179 179 179 180 180 180
147 146 144 143 141 139 139 138 138 139 140 141 143 144 146 146 143 140 142 134 134 135 133 132 136 136 138 140 142 143 150 149 139 143 149 157 154 151 144 142 142 145 143 167 180 180 166 163 177 181 188 188 187 184 189 190 191 191 191 191 190 190 189 188 187 185 184 183 181 180 179 178 178 178 178 178 178 178 179 178 179 179 180 179 179 180
147 146 144 142 141 139 138 138 138 138 139 140 142 143 144 144 142 142 144 139 139 132 138 138 136 138 144 149 146 150 145 147 141 135 145 148 138 146 156 156 158 155 145 162 177 177 171 176 184 187 188 186 173 176 182 186 191 192 191 187 178 185 189 186 186 186 185 182 181 181 180 179 179 178 179 178 178 178 178 178 179 179 179 178 175 178
148 146 144 142 140 138 137 137 137 137 138 139 140 142 143 143 143 144 144 142 138 142 146 140 140 141 139 141 146 140 147 147 137 134 145 145 146 152 155 155 155 154 139 144 171 183 184 185 183 182 184 171 157 170 173 180 191 193 193 190 190 191 191 188 184 184 183 181 181 182 181 180 180 179 179 178 178 179 178 178 179 179 179 177 175 177
148 147 145 142 139 137 136 136 136 137 137 138 139 140 141 142 142 143 142 143 138 135 134 135 136 139 140 138 141 143 150 140 136 139 136 142 150 152 152 152 153 149 139 143 165 182 184 181 176 169 177 165 155 167 167 178 191 193 194 194 194 193 192 191 189 187 186 183 183 182 182 181 180 179 179 178 178 178 176 177 179 179 178 178 179 178
148 147 145 142 139 137 136 136 136 137 137 137 138 139 140 141 142 142 142 141 136 135 133 137 140 138 138 141 145 146 146 145 144 140 135 141 150 151 151 151 150 146 143 158 173 183 185 177 164 162 168 163 158 171 178 188 188 192 194 194 194 194 193 191 190 188 187 185 183 183 182 181 180 180 179 179 178 178 177 175 179 179 178 177 179 179
148 147 145 142 140 138 137 136 136 136 136 137 138 138 140 140 140 142 143 143 138 135 138 144 140 137 138 143 144 146 147 143 148 138 134 135 146 150 150 150 149 145 137 154 181 185 183 180 171 166 158 159 154 176 184 179 189 190 194 194 194 194 192 191 189 188 187 185 184 183 181 181 181 180 180 179 179 179 178 176 178 178 178 178 179 178
148 146 144 142 140 138 137 136 136 136 136 136 136 137 139 140 140 142 141 138 139 142 147 143 141 140 140 142 142 147 143 141 140 143 140 136 142 149 150 150 150 146 137 160 184 186 187 183 179 173 163 162 152 175 184 181 191 189 192 193 193 193 192 190 187 186 187 185 184 183 182 181 181 180 180 179 178 178 178 178 178 178 178 179 179 179
148 146 144 142 140 138 137 136 136 136 135 136 136 137 138 140 141 142 141 143 144 138 139 145 139 138 139 140 143 144 146 145 141 135 138 134 131 141 151 151 151 149 141 161 183 185 186 185 182 178 173 166 155 166 192 193 194 189 188 192 192 191 190 187 186 181 183 185 184 183 182 182 181 180 180 179 179 178 178 179 179 179 179 180 179 179
148 146 144 142 140 139 137 136 136 136 136 136 136 136 138 140 141 143 142 142 138 135 135 135 139 140 140 141 142 141 144 144 139 135 129 133 130 139 150 152 153 143 133 163 181 183 185 183 182 178 169 158 156 171 193 193 194 187 186 192 191 191 190 188 185 175 172 182 184 183 182 181 181 180 180 179 179 178 179 179 179 179 179 179 179 180
147 145 144 142 140 139 137 136 136 136 136 136 136 137 138 139 141 143 144 141 139 136 136 134 133 135 138 138 139 142 143 145 143 134 131 129 127 131 145 149 151 140 132 151 178 181 182 182 178 172 168 152 152 171 193 193 193 189 185 191 191 190 189 188 186 182 174 170 182 183 182 181 180 179 179 179 179 178 179 179 179 179 179 179 179 179
147 145 143 141 140 138 137 136 136 135 135 136 136 137 138 140 142 143 145 145 143 142 140 137 135 135 136 138 139 141 143 145 144 140 135 127 128 132 138 148 142 133 127 132 163 178 177 175 171 160 158 147 152 176 192 192 192 192 186 190 190 190 189 187 185 183 179 176 180 182 182 181 179 178 178 179 178 178 178 178 179 179 179 179 179 179
147 145 144 141 139 138 137 136 135 135 135 136 137 138 139 140 142 144 146 148 147 149 143 138 142 140 140 138 139 140 141 142 141 137 137 135 137 137 134 140 132 130 134 132 153 172 170 169 164 164 153 143 148 159 187 191 191 191 190 188 189 188 188 185 181 179 176 163 175 182 181 181 179 178 178 177 177 178 178 178 178 178 178 178 179 179
147 145 143 141 139 138 136 135 135 135 135 136 136 137 139 141 142 145 147 149 150 150 148 145 141 138 140 139 140 141 142 142 144 145 144 140 140 135 128 134 132 139 138 141 157 162 163 164 159 159 160 164 162 173 187 190 190 189 186 186 187 187 186 186 185 182 177 164 168 180 181 180 179 178 178 177 178 177 176 177 177 177 177 178 178 178
147 146 143 141 139 137 135 135 134 134 135 136 136 138 139 141 143 145 147 150 151 150 147 145 142 139 138 137 137 138 140 140 142 141 144 140 135 134 129 128 128 139 133 135 152 157 153 147 152 151 169 181 186 186 181 181 188 184 180 177 179 183 185 183 185 183 178 168 175 181 181 180 179 178 177 176 176 176 176 175 176 176 175 177 177 178
148 146 144 141 139 137 135 134 134 134 135 136 137 138 139 141 144 146 148 150 152 151 148 147 146 141 138 136 136 137 138 137 139 138 140 142 137 130 129 129 130 136 134 143 153 157 152 146 144 142 164 183 185 182 172 169 184 183 175 160 166 174 181 182 184 182 179 169 176 180 180 179 179 177 172 171 173 173 175 174 174 175 174 175 175 177
148 146 144 142 139 137 135 134 134 134 135 136 137 138 140 142 144 146 148 150 151 151 153 153 149 146 140 136 135 136 137 137 137 133 134 135 132 131 126 129 128 131 132 139 147 144 153 147 146 148 167 180 183 178 170 163 172 178 173 162 155 156 174 182 182 181 177 166 169 178 179 179 178 178 176 175 173 173 172 173 174 173 172 171 172 176
147 146 144 142 140 138 136 135 134 134 135 136 137 138 140 141 144 146 148 150 152 153 153 152 150 143 138 136 135 136 136 137 138 135 133 133 130 128 128 134 130 131 134 133 136 143 143 152 153 150 160 173 180 173 163 158 155 165 173 165 159 157 170 181 181 178 174 165 156 168 178 178 178 177 177 176 176 176 173 175 175 176 175 176 175 175
148 146 144 143 141 139 137 136 134 134 135 136 138 139 140 142 144 146 148 150 152 153 151 149 144 141 137 135 135 135 136 137 136 136 137 132 132 131 134 142 138 136 135 133 133 132 133 142 150 150 153 166 178 165 152 151 154 161 167 165 155 154 167 176 179 179 176 162 146 146 169 177 177 176 176 176 176 176 176 176 176 176 176 176 176 174
147 146 145 144 142 140 138 137 136 136 136 137 138 139 141 142 143 145 147 150 152 152 150 149 145 143 140 137 135 134 135 136 137 138 138 138 138 135 144 133 131 134 134 131 132 130 135 137 146 143 143 162 172 167 150 145 141 150 164 163 151 151 161 165 175 178 175 157 147 157 169 176 177 176 176 176 176 175 176 176 175 176 176 175 175 175
