model/data/bioclim/bclim19.asc
NCOLS 300 
NROWS 300 
XLLCORNER -125.250000000003 
YLLCORNER 30.7499999999996 
CELLSIZE 0.041666666666667 
NODATA_value -32768 
[rows 80 to 119 of 300, columns 0 to 88 of 300]
-32768 -32768 -32768 -32768 -32768 -32768 -32768 -32768 -32768 -32768 -32768 -32768 -32768 -32768 -32768 -32768 -32768 -32768 -32768 -32768 -32768 -32768 -32768 -32768 -32768 -32768 -32768 -32768 -32768 -32768 -32768 860 898 901 899 888 867 829 808 791 773 752 718 693 702 682 663 647 635 635 618 634 623 558 621 630 615 561 595 577 574 546 453 345 315 302 291 282 274 267 267 269 273 277 283 287 294 303 315 328 351 398 478 549 628 622 648 626 492
-32768 -32768 -32768 -32768 -32768 -32768 -32768 -32768 -32768 -32768 -32768 -32768 -32768 -32768 -32768 -32768 -32768 -32768 -32768 -32768 -32768 -32768 -32768 -32768 -32768 -32768 -32768 -32768 -32768 -32768 -32768 -32768 865 858 860 874 865 837 810 793 774 758 735 683 683 696 653 619 599 579 561 597 552 611 638 637 623 584 572 549 514 457 356 327 312 312 293 281 272 268 268 270 274 278 283 288 295 302 312 325 341 368 424 502 557 628 653 730 712
-32768 -32768 -32768 -32768 -32768 -32768 -32768 -32768 -32768 -32768 -32768 -32768 -32768 -32768 -32768 -32768 -32768 -32768 -32768 -32768 -32768 -32768 -32768 -32768 -32768 -32768 -32768 -32768 -32768 -32768 -32768 -32768 -32768 800 861 865 849 829 809 789 769 754 744 702 665 692 653 592 568 558 547 557 540 575 604 645 593 567 573 613 594 542 420 329 297 292 285 276 271 266 268 270 274 279 285 289 294 301 311 322 334 353 389 463 521 594 581 714 690
-32768 -32768 -32768 -32768 -32768 -32768 -32768 -32768 -32768 -32768 -32768 -32768 -32768 -32768 -32768 -32768 -32768 -32768 -32768 -32768 -32768 -32768 -32768 -32768 -32768 -32768 -32768 -32768 -32768 -32768 -32768 -32768 -32768 707 817 849 836 821 802 785 763 748 733 705 662 676 666 597 566 558 554 598 618 564 555 621 630 615 534 500 501 575 498 386 299 287 284 279 271 270 269 271 276 281 284 288 293 300 308 318 330 344 363 402 469 526 550 683 706
-32768 -32768 -32768 -32768 -32768 -32768 -32768 -32768 -32768 -32768 -32768 -32768 -32768 -32768 -32768 -32768 -32768 -32768 -32768 -32768 -32768 -32768 -32768 -32768 -32768 -32768 -32768 -32768 -32768 -32768 -32768 -32768 -32768 -32768 751 797 822 813 795 786 767 734 725 721 684 646 652 627 581 573 569 583 627 665 623 557 634 658 645 542 443 475 491 423 312 301 290 274 272 269 268 270 274 279 283 287 292 299 306 315 326 341 357 380 434 467 562 617 645
-32768 -32768 -32768 -32768 -32768 -32768 -32768 -32768 -32768 -32768 -32768 -32768 -32768 -32768 -32768 -32768 -32768 -32768 -32768 -32768 -32768 -32768 -32768 -32768 -32768 -32768 -32768 -32768 -32768 -32768 -32768 -32768 -32768 -32768 700 748 796 803 787 785 773 735 720 719 698 646 652 611 606 590 560 551 592 623 644 597 619 651 628 601 484 434 407 370 290 284 278 284 273 266 265 266 269 275 278 283 288 294 302 311 321 335 350 364 394 432 475 499 560
-32768 -32768 -32768 -32768 -32768 -32768 -32768 -32768 -32768 -32768 -32768 -32768 -32768 -32768 -32768 -32768 -32768 -32768 -32768 -32768 -32768 -32768 -32768 -32768 -32768 -32768 -32768 -32768 -32768 -32768 -32768 -32768 -32768 -32768 -32768 680 718 761 774 767 764 737 716 708 701 659 669 680 651 615 577 566 595 622 645 640 598 629 623 603 576 516 436 342 290 282 285 274 267 265 263 264 265 269 274 279 283 289 297 306 315 328 340 352 365 388 407 436 524
-32768 -32768 -32768 -32768 -32768 -32768 -32768 -32768 -32768 -32768 -32768 -32768 -32768 -32768 -32768 -32768 -32768 -32768 -32768 -32768 -32768 -32768 -32768 -32768 -32768 -32768 -32768 -32768 -32768 -32768 -32768 -32768 -32768 -32768 -32768 675 696 696 698 726 729 739 722 700 672 659 638 665 676 624 598 552 565 622 665 674 653 595 643 637 624 539 460 322 287 287 280 268 266 264 261 260 262 265 269 273 278 285 292 299 309 320 332 344 356 373 390 436 555
-32768 -32768 -32768 -32768 -32768 -32768 -32768 -32768 -32768 -32768 -32768 -32768 -32768 -32768 -32768 -32768 -32768 -32768 -32768 -32768 -32768 -32768 -32768 -32768 -32768 -32768 -32768 -32768 -32768 -32768 -32768 -32768 -32768 -32768 -32768 593 624 650 664 683 711 737 728 695 676 678 665 636 652 659 654 619 576 563 650 652 628 604 625 579 583 574 484 325 288 287 285 268 261 261 259 256 258 260 264 267 273 278 285 294 301 313 323 334 347 360 378 412 490
-32768 -32768 -32768 -32768 -32768 -32768 -32768 -32768 -32768 -32768 -32768 -32768 -32768 -32768 -32768 -32768 -32768 -32768 -32768 -32768 -32768 -32768 -32768 -32768 -32768 -32768 -32768 -32768 -32768 -32768 -32768 -32768 -32768 -32768 -32768 553 582 645 675 652 682 733 724 709 685 686 666 640 618 621 631 662 672 616 644 665 631 557 566 621 634 624 536 361 302 286 287 270 264 259 256 255 255 257 259 262 266 272 279 287 294 304 315 326 337 350 367 386 400
-32768 -32768 -32768 -32768 -32768 -32768 -32768 -32768 -32768 -32768 -32768 -32768 -32768 -32768 -32768 -32768 -32768 -32768 -32768 -32768 -32768 -32768 -32768 -32768 -32768 -32768 -32768 -32768 -32768 -32768 -32768 -32768 -32768 -32768 524 564 580 601 625 659 657 654 679 710 688 667 667 648 623 617 601 626 692 632 551 585 581 537 581 622 617 535 467 420 316 286 303 284 262 258 256 252 252 251 254 256 260 265 272 279 287 296 306 317 329 341 356 366 383
-32768 -32768 -32768 -32768 -32768 -32768 -32768 -32768 -32768 -32768 -32768 -32768 -32768 -32768 -32768 -32768 -32768 -32768 -32768 -32768 -32768 -32768 -32768 -32768 -32768 -32768 -32768 -32768 -32768 -32768 -32768 -32768 -32768 -32768 512 539 565 580 624 633 617 608 621 662 686 661 653 650 629 622 600 634 657 588 534 506 533 522 612 625 636 602 470 374 312 291 310 301 267 258 255 250 248 248 249 251 254 258 265 270 278 288 297 307 319 331 343 355 371
-32768 -32768 -32768 -32768 -32768 -32768 -32768 -32768 -32768 -32768 -32768 -32768 -32768 -32768 -32768 -32768 -32768 -32768 -32768 -32768 -32768 -32768 -32768 -32768 -32768 -32768 -32768 -32768 -32768 -32768 -32768 -32768 -32768 -32768 516 559 575 579 605 658 641 658 655 680 682 662 652 656 639 622 607 595 600 575 549 518 509 548 624 671 635 542 450 391 305 299 316 314 270 258 256 248 245 245 244 245 248 251 256 263 271 279 289 299 310 321 333 343 355
-32768 -32768 -32768 -32768 -32768 -32768 -32768 -32768 -32768 -32768 -32768 -32768 -32768 -32768 -32768 -32768 -32768 -32768 -32768 -32768 -32768 -32768 -32768 -32768 -32768 -32768 -32768 -32768 -32768 -32768 -32768 -32768 -32768 -32768 520 559 593 580 580 588 596 629 651 682 679 676 661 661 625 617 589 576 591 596 597 548 513 515 581 615 621 508 398 365 334 301 326 308 272 260 255 248 243 241 240 240 242 246 249 255 262 271 280 290 301 312 323 333 343
-32768 -32768 -32768 -32768 -32768 -32768 -32768 -32768 -32768 -32768 -32768 -32768 -32768 -32768 -32768 -32768 -32768 -32768 -32768 -32768 -32768 -32768 -32768 -32768 -32768 -32768 -32768 -32768 -32768 -32768 -32768 -32768 -32768 -32768 507 552 557 537 549 565 576 590 610 639 664 670 649 658 605 608 594 559 567 592 621 600 552 509 541 606 626 559 510 504 396 314 316 319 289 260 257 246 243 240 237 235 235 238 241 247 254 263 273 283 293 304 313 322 332
-32768 -32768 -32768 -32768 -32768 -32768 -32768 -32768 -32768 -32768 -32768 -32768 -32768 -32768 -32768 -32768 -32768 -32768 -32768 -32768 -32768 -32768 -32768 -32768 -32768 -32768 -32768 -32768 -32768 -32768 -32768 -32768 -32768 -32768 516 551 562 549 558 553 595 598 620 647 650 669 652 622 583 579 600 562 549 577 556 565 583 565 533 579 629 594 499 434 422 342 320 365 306 271 259 246 241 237 233 230 230 231 234 240 249 264 277 281 284 294 304 312 322
-32768 -32768 -32768 -32768 -32768 -32768 -32768 -32768 -32768 -32768 -32768 -32768 -32768 -32768 -32768 -32768 -32768 -32768 -32768 -32768 -32768 -32768 -32768 -32768 -32768 -32768 -32768 -32768 -32768 -32768 -32768 -32768 -32768 -32768 -32768 536 552 569 579 569 583 598 610 613 641 658 658 630 592 572 589 583 571 572 580 521 546 591 574 503 522 603 536 491 488 397 345 353 316 284 257 248 241 235 232 227 225 224 228 235 247 284 340 317 285 286 294 303 310
-32768 -32768 -32768 -32768 -32768 -32768 -32768 -32768 -32768 -32768 -32768 -32768 -32768 -32768 -32768 -32768 -32768 -32768 -32768 -32768 -32768 -32768 -32768 -32768 -32768 -32768 -32768 -32768 -32768 -32768 -32768 -32768 -32768 -32768 -32768 539 561 557 566 571 574 596 610 631 642 664 643 631 583 564 589 615 600 563 524 510 475 524 591 586 489 469 486 448 475 396 370 340 317 309 262 249 243 238 232 227 222 220 224 231 239 271 292 281 271 278 286 294 300
-32768 -32768 -32768 -32768 -32768 -32768 -32768 -32768 -32768 -32768 -32768 -32768 -32768 -32768 -32768 -32768 -32768 -32768 -32768 -32768 -32768 -32768 -32768 -32768 -32768 -32768 -32768 -32768 -32768 -32768 -32768 -32768 -32768 -32768 -32768 -32768 573 606 578 557 550 581 592 613 640 660 676 641 599 557 575 616 621 580 533 496 462 487 553 601 524 539 485 459 378 400 423 338 324 296 272 254 247 240 233 229 225 222 225 230 236 243 250 256 262 270 277 284 290
-32768 -32768 -32768 -32768 -32768 -32768 -32768 -32768 -32768 -32768 -32768 -32768 -32768 -32768 -32768 -32768 -32768 -32768 -32768 -32768 -32768 -32768 -32768 -32768 -32768 -32768 -32768 -32768 -32768 -32768 -32768 -32768 -32768 -32768 -32768 -32768 522 577 629 623 596 562 561 637 648 659 672 628 603 555 566 611 600 573 524 493 458 437 446 526 481 442 462 445 402 399 481 351 328 307 293 262 254 245 239 233 228 225 228 230 235 240 246 251 257 262 268 273 276
-32768 -32768 -32768 -32768 -32768 -32768 -32768 -32768 -32768 -32768 -32768 -32768 -32768 -32768 -32768 -32768 -32768 -32768 -32768 -32768 -32768 -32768 -32768 -32768 -32768 -32768 -32768 -32768 -32768 -32768 -32768 -32768 -32768 -32768 -32768 -32768 -32768 581 618 632 661 634 573 558 607 632 651 651 622 592 552 612 624 590 528 483 453 439 427 460 494 429 411 382 381 398 461 390 348 346 348 280 273 255 245 238 233 231 230 231 235 239 243 247 251 256 260 264 267
-32768 -32768 -32768 -32768 -32768 -32768 -32768 -32768 -32768 -32768 -32768 -32768 -32768 -32768 -32768 -32768 -32768 -32768 -32768 -32768 -32768 -32768 -32768 -32768 -32768 -32768 -32768 -32768 -32768 -32768 -32768 -32768 -32768 -32768 -32768 -32768 -32768 547 629 636 626 668 597 603 572 592 637 641 621 598 559 557 606 602 543 495 457 448 438 427 427 414 415 413 370 389 418 404 382 356 392 299 294 279 258 247 240 234 232 233 235 237 241 244 248 250 253 258 261
-32768 -32768 -32768 -32768 -32768 -32768 -32768 -32768 -32768 -32768 -32768 -32768 -32768 -32768 -32768 -32768 -32768 -32768 -32768 -32768 -32768 -32768 -32768 -32768 -32768 -32768 -32768 -32768 -32768 -32768 -32768 -32768 -32768 -32768 -32768 -32768 514 523 601 636 642 637 662 611 612 587 626 661 619 598 557 537 541 565 578 527 480 466 476 549 429 411 409 401 396 378 369 393 390 366 410 320 313 307 278 258 248 241 236 235 237 237 240 242 245 246 249 251 254
-32768 -32768 -32768 -32768 -32768 -32768 -32768 -32768 -32768 -32768 -32768 -32768 -32768 -32768 -32768 -32768 -32768 -32768 -32768 -32768 -32768 -32768 -32768 -32768 -32768 -32768 -32768 -32768 -32768 -32768 -32768 -32768 -32768 -32768 -32768 -32768 518 526 552 603 653 647 620 641 627 630 615 649 663 648 609 564 547 558 590 552 512 497 504 507 478 444 414 402 408 471 466 421 382 365 417 369 341 329 300 274 257 248 242 239 238 240 240 241 242 243 245 247 248
-32768 -32768 -32768 -32768 -32768 -32768 -32768 -32768 -32768 -32768 -32768 -32768 -32768 -32768 -32768 -32768 -32768 -32768 -32768 -32768 -32768 -32768 -32768 -32768 -32768 -32768 -32768 -32768 -32768 -32768 -32768 -32768 -32768 -32768 -32768 -32768 -32768 534 568 572 651 619 593 617 632 625 632 605 614 606 600 582 561 583 601 593 573 540 563 567 549 513 462 412 429 456 494 494 449 430 395 384 319 370 329 288 266 256 245 242 241 241 241 241 241 243 243 244 245
-32768 -32768 -32768 -32768 -32768 -32768 -32768 -32768 -32768 -32768 -32768 -32768 -32768 -32768 -32768 -32768 -32768 -32768 -32768 -32768 -32768 -32768 -32768 -32768 -32768 -32768 -32768 -32768 -32768 -32768 -32768 -32768 -32768 -32768 -32768 -32768 -32768 -32768 539 590 583 621 618 628 601 635 651 645 615 611 597 600 579 572 603 592 590 589 590 568 580 544 497 471 466 442 460 464 468 436 455 455 329 337 363 302 275 264 255 246 245 243 243 243 242 242 243 244 245
-32768 -32768 -32768 -32768 -32768 -32768 -32768 -32768 -32768 -32768 -32768 -32768 -32768 -32768 -32768 -32768 -32768 -32768 -32768 -32768 -32768 -32768 -32768 -32768 -32768 -32768 -32768 -32768 -32768 -32768 -32768 -32768 -32768 -32768 -32768 -32768 -32768 -32768 -32768 553 583 574 570 607 597 603 632 656 623 601 601 601 594 567 577 576 572 574 579 613 609 584 523 499 487 475 456 449 436 438 426 449 383 301 370 326 278 269 265 256 250 247 246 244 244 244 244 245 247
-32768 -32768 -32768 -32768 -32768 -32768 -32768 -32768 -32768 -32768 -32768 -32768 -32768 -32768 -32768 -32768 -32768 -32768 -32768 -32768 -32768 -32768 -32768 -32768 -32768 -32768 -32768 -32768 -32768 -32768 -32768 -32768 -32768 -32768 -32768 -32768 -32768 -32768 -32768 -32768 540 541 556 581 580 597 598 639 640 633 614 593 598 589 580 592 592 598 600 596 595 555 551 552 524 501 480 450 453 473 428 420 434 323 310 350 284 272 270 267 261 254 251 248 247 245 245 246 247
-32768 -32768 -32768 -32768 -32768 -32768 -32768 -32768 -32768 -32768 -32768 -32768 -32768 -32768 -32768 -32768 -32768 -32768 -32768 -32768 -32768 -32768 -32768 -32768 -32768 -32768 -32768 -32768 -32768 -32768 -32768 -32768 -32768 -32768 -32768 -32768 -32768 -32768 -32768 -32768 -32768 518 542 552 570 579 620 640 617 646 647 618 615 609 596 591 590 603 603 593 602 587 574 570 554 529 506 479 446 459 421 402 444 369 302 305 290 279 274 271 269 261 256 252 249 247 247 247 249
-32768 -32768 -32768 -32768 -32768 -32768 -32768 -32768 -32768 -32768 -32768 -32768 -32768 -32768 -32768 -32768 -32768 -32768 -32768 -32768 -32768 -32768 -32768 -32768 -32768 -32768 -32768 -32768 -32768 -32768 -32768 -32768 -32768 -32768 -32768 -32768 -32768 -32768 -32768 -32768 -32768 -32768 -32768 539 564 576 572 607 594 627 654 634 637 626 614 603 606 589 584 607 580 597 592 577 565 552 524 498 465 436 425 390 428 452 377 330 302 287 281 277 272 266 261 256 251 249 246 247 247
-32768 -32768 -32768 -32768 -32768 -32768 -32768 -32768 -32768 -32768 -32768 -32768 -32768 -32768 -32768 -32768 -32768 -32768 -32768 -32768 -32768 -32768 -32768 -32768 -32768 -32768 -32768 -32768 -32768 -32768 -32768 -32768 -32768 -32768 -32768 -32768 -32768 -32768 -32768 -32768 -32768 -32768 -32768 -32768 554 588 588 613 593 611 648 660 650 637 642 620 606 601 584 585 575 579 601 594 580 568 524 491 470 463 424 386 404 463 456 412 324 302 292 285 278 271 265 261 254 250 248 245 246
-32768 -32768 -32768 -32768 -32768 -32768 -32768 -32768 -32768 -32768 -32768 -32768 -32768 -32768 -32768 -32768 -32768 -32768 -32768 -32768 -32768 -32768 -32768 -32768 -32768 -32768 -32768 -32768 -32768 -32768 -32768 -32768 -32768 -32768 -32768 -32768 -32768 -32768 -32768 -32768 -32768 -32768 -32768 -32768 -32768 563 596 604 632 645 646 646 651 663 661 644 616 595 608 572 596 582 585 547 564 572 568 533 482 456 463 409 379 431 455 429 347 317 301 294 286 278 270 263 257 251 248 245 243
-32768 -32768 -32768 -32768 -32768 -32768 -32768 -32768 -32768 -32768 -32768 -32768 -32768 -32768 -32768 -32768 -32768 -32768 -32768 -32768 -32768 -32768 -32768 -32768 -32768 -32768 -32768 -32768 -32768 -32768 -32768 -32768 -32768 -32768 -32768 -32768 -32768 -32768 -32768 -32768 -32768 -32768 -32768 -32768 -32768 494 561 609 633 655 659 632 633 658 671 661 625 581 571 576 608 605 609 593 552 517 541 558 523 500 500 482 397 387 415 433 373 328 312 302 293 285 276 267 260 252 247 243 240
-32768 -32768 -32768 -32768 -32768 -32768 -32768 -32768 -32768 -32768 -32768 -32768 -32768 -32768 -32768 -32768 -32768 -32768 -32768 -32768 -32768 -32768 -32768 -32768 -32768 -32768 -32768 -32768 -32768 -32768 -32768 -32768 -32768 -32768 -32768 -32768 -32768 -32768 -32768 -32768 -32768 -32768 -32768 -32768 -32768 -32768 -32768 535 604 659 657 650 625 623 609 640 606 573 551 538 570 604 605 614 606 569 501 498 498 490 488 469 424 393 387 395 372 336 321 313 302 292 280 270 260 254 246 240 237
-32768 -32768 -32768 -32768 -32768 -32768 -32768 -32768 -32768 -32768 -32768 -32768 -32768 -32768 -32768 -32768 -32768 -32768 -32768 -32768 -32768 -32768 -32768 -32768 -32768 -32768 -32768 -32768 -32768 -32768 -32768 -32768 -32768 -32768 -32768 -32768 -32768 -32768 -32768 -32768 -32768 -32768 -32768 -32768 -32768 -32768 -32768 -32768 -32768 628 602 648 616 614 633 637 590 567 538 516 513 525 548 596 603 587 528 461 450 470 496 494 447 428 410 434 387 348 339 326 312 298 284 271 261 253 245 239 235
-32768 -32768 -32768 -32768 -32768 -32768 -32768 -32768 -32768 -32768 -32768 -32768 -32768 -32768 -32768 -32768 -32768 -32768 -32768 -32768 -32768 -32768 -32768 -32768 -32768 -32768 -32768 -32768 -32768 -32768 -32768 -32768 -32768 -32768 -32768 -32768 -32768 -32768 -32768 -32768 -32768 -32768 -32768 -32768 -32768 -32768 -32768 -32768 -32768 -32768 563 569 598 663 664 655 593 559 522 498 476 475 526 550 542 581 571 504 430 427 486 498 463 439 433 450 384 362 350 340 320 301 284 270 260 251 243 237 232
-32768 -32768 -32768 -32768 -32768 -32768 -32768 -32768 -32768 -32768 -32768 -32768 -32768 -32768 -32768 -32768 -32768 -32768 -32768 -32768 -32768 -32768 -32768 -32768 -32768 -32768 -32768 -32768 -32768 -32768 -32768 -32768 -32768 -32768 -32768 -32768 -32768 -32768 -32768 -32768 -32768 -32768 -32768 -32768 -32768 -32768 -32768 -32768 -32768 -32768 -32768 588 631 655 683 651 613 568 518 487 464 511 546 567 508 507 568 534 475 413 415 469 469 439 408 445 396 357 351 341 317 297 280 267 256 247 241 235 230
-32768 -32768 -32768 -32768 -32768 -32768 -32768 -32768 -32768 -32768 -32768 -32768 -32768 -32768 -32768 -32768 -32768 -32768 -32768 -32768 -32768 -32768 -32768 -32768 -32768 -32768 -32768 -32768 -32768 -32768 -32768 -32768 -32768 -32768 -32768 -32768 -32768 -32768 -32768 -32768 -32768 -32768 -32768 -32768 -32768 -32768 -32768 -32768 -32768 -32768 -32768 -32768 578 604 598 594 591 593 531 487 453 439 493 593 567 465 526 551 505 425 386 388 435 425 389 383 399 348 337 325 305 288 273 261 251 242 237 232 228
-32768 -32768 -32768 -32768 -32768 -32768 -32768 -32768 -32768 -32768 -32768 -32768 -32768 -32768 -32768 -32768 -32768 -32768 -32768 -32768 -32768 -32768 -32768 -32768 -32768 -32768 -32768 -32768 -32768 -32768 -32768 -32768 -32768 -32768 -32768 -32768 -32768 -32768 -32768 -32768 -32768 -32768 -32768 -32768 -32768 -32768 -32768 -32768 -32768 -32768 -32768 -32768 542 580 569 555 546 536 527 518 469 434 442 550 594 480 431 474 487 430 386 374 399 451 391 352 361 334 324 301 288 275 263 253 243 237 231 227 225
-32768 -32768 -32768 -32768 -32768 -32768 -32768 -32768 -32768 -32768 -32768 -32768 -32768 -32768 -32768 -32768 -32768 -32768 -32768 -32768 -32768 -32768 -32768 -32768 -32768 -32768 -32768 -32768 -32768 -32768 -32768 -32768 -32768 -32768 -32768 -32768 -32768 -32768 -32768 -32768 -32768 -32768 -32768 -32768 -32768 -32768 -32768 -32768 -32768 -32768 -32768 -32768 -32768 -32768 574 553 542 518 499 474 462 408 392 420 484 471 401 399 438 411 381 370 416 416 366 325 317 300 290 280 270 260 252 243 236 230 225 221 219
