model/data/bioclim/bclim16.asc
NCOLS 300 
NROWS 300 
XLLCORNER -125.250000000003 
YLLCORNER 30.7499999999996 
CELLSIZE 0.041666666666667 
NODATA_value -32768 
[rows 0 to 38 of 300, columns 89 to 177 of 300]
285 251 226 241 285 276 252 197 156 140 135 126 118 134 126 110 108 105 102 100 96 96 92 90 89 86 84 81 81 81 83 85 85 82 82 79 77 78 83 86 89 87 83 82 82 85 88 89 86 84 81 83 86 87 87 85 82 82 83 83 83 85 84 81 81 81 82 85 85 85 89 87 87 86 87 94 91 89 97 103 108 111 109 101 97 93 90 87 88
263 247 224 223 255 273 219 192 171 145 132 125 121 120 126 121 112 107 105 103 103 107 102 105 102 86 84 82 85 84 81 82 80 85 84 74 74 74 77 84 90 89 90 85 82 85 88 90 91 87 86 89 89 87 87 87 84 82 82 82 85 83 80 80 80 81 83 83 83 83 86 87 85 85 85 85 84 85 88 97 111 112 106 90 85 85 87 87 87
248 248 233 217 232 233 200 179 165 148 137 128 125 122 120 121 115 112 113 116 115 123 122 119 111 92 87 89 91 85 82 81 84 88 79 74 71 71 76 85 95 89 87 82 82 85 87 89 89 88 86 89 89 90 92 89 87 84 80 81 85 86 80 79 79 80 80 80 81 83 84 84 88 88 85 90 90 88 90 95 102 102 92 84 84 86 86 87 86
251 245 235 212 206 192 185 175 160 151 142 135 132 129 128 119 117 124 133 130 134 132 132 119 107 97 95 95 93 88 87 81 86 82 77 75 70 70 79 85 87 84 80 77 79 87 87 88 86 85 85 89 89 91 89 92 93 93 84 82 85 88 82 78 78 78 82 80 82 85 82 87 103 104 96 96 108 109 103 103 101 87 83 85 84 85 87 87 84
236 227 227 236 230 214 197 182 173 163 153 146 145 142 145 131 123 134 136 133 126 117 111 116 111 103 106 106 98 90 88 81 75 74 74 72 72 71 75 84 85 80 76 74 82 88 88 88 84 83 89 89 89 90 89 91 92 94 94 87 87 91 90 83 78 78 79 82 88 89 85 88 92 102 111 104 101 100 95 86 85 84 85 84 84 85 85 89 83
228 218 235 258 258 255 244 208 190 176 161 176 197 165 160 167 159 153 126 118 110 105 101 115 115 105 113 107 99 93 87 79 73 74 74 73 74 73 82 87 87 81 75 74 87 91 90 88 82 88 90 90 89 89 89 92 92 92 92 92 90 94 97 90 80 79 80 80 82 85 90 92 101 105 117 111 104 101 89 82 79 82 83 86 84 83 82 79 78
224 214 235 281 326 328 308 247 219 188 169 174 194 188 183 188 206 197 122 114 110 106 109 122 117 115 111 107 104 95 85 80 75 73 73 72 72 82 94 88 83 81 77 79 93 92 88 83 88 91 88 90 89 89 89 89 92 92 92 93 90 92 95 93 80 83 83 84 84 87 93 100 105 108 111 117 111 92 82 82 92 98 89 85 84 82 80 78 76
236 215 244 340 383 361 308 250 222 188 170 170 184 201 196 204 218 163 122 116 111 107 111 125 108 113 115 103 102 98 88 87 80 75 75 75 74 93 113 88 82 82 81 84 91 90 84 82 88 88 88 89 89 88 87 89 86 87 89 89 94 92 95 89 80 82 85 90 93 93 92 101 112 117 120 124 95 79 79 79 104 109 98 91 85 80 78 78 78
228 213 220 273 331 282 265 242 211 185 175 173 182 191 203 207 216 134 122 117 113 108 111 121 130 111 105 104 102 96 91 90 89 79 78 77 78 85 91 86 85 84 88 87 88 86 84 81 81 86 88 86 86 83 85 87 89 89 86 87 92 95 95 85 82 85 89 97 106 103 100 103 111 120 123 99 76 81 81 82 95 103 101 91 82 78 78 78 78
231 216 209 231 275 258 238 223 199 182 175 172 182 189 198 211 228 145 122 117 113 110 108 110 122 119 103 104 104 97 92 91 89 81 80 79 78 88 88 87 87 88 89 88 85 81 81 79 78 85 85 84 81 81 81 83 84 86 86 86 89 92 92 82 82 87 93 100 109 117 109 109 120 126 117 77 76 80 78 92 104 104 101 92 82 78 76 76 76
231 216 209 231 255 251 230 211 191 180 176 172 175 182 194 213 228 161 122 118 114 111 108 107 117 116 110 106 104 97 89 86 86 84 83 85 83 88 86 86 86 87 88 88 82 77 78 78 78 84 85 84 81 81 80 81 81 82 82 86 89 88 89 87 84 89 95 105 113 125 122 122 128 129 83 77 74 76 87 101 104 104 101 95 85 85 80 76 76
226 213 206 228 260 238 220 207 189 182 179 177 178 181 194 215 223 178 126 119 115 110 108 106 111 104 110 115 109 102 91 81 79 79 81 89 91 91 85 84 83 83 84 85 79 77 77 77 82 84 84 83 81 81 81 81 81 81 81 83 84 84 89 94 87 92 104 112 124 134 148 142 142 94 77 78 73 76 78 79 81 80 85 83 81 81 80 76 75
237 213 203 209 217 213 204 198 189 186 183 182 182 185 194 201 210 212 154 133 117 115 113 107 104 99 98 118 114 102 89 82 81 78 88 96 91 89 84 81 81 81 81 80 77 77 77 79 85 84 83 82 81 80 79 79 79 79 80 81 81 84 90 95 92 90 101 119 131 142 160 161 125 78 76 84 81 71 79 79 79 76 75 75 78 78 78 75 75
261 230 219 211 208 202 198 192 189 189 186 183 184 191 194 195 204 220 215 203 170 166 143 118 104 101 99 119 120 102 88 85 82 96 103 96 89 81 81 79 80 80 80 78 78 77 88 92 85 84 83 83 82 80 80 79 79 79 79 80 81 86 91 95 93 90 92 111 128 138 161 175 101 76 74 77 78 73 81 79 79 76 76 74 75 75 75 75 75
267 233 263 214 199 199 202 198 192 192 195 190 196 213 208 204 213 218 223 226 204 180 141 156 116 104 102 108 121 106 90 88 91 116 106 98 89 83 81 83 80 78 78 78 77 81 102 90 87 86 84 85 84 84 82 80 79 79 79 79 80 84 93 94 92 91 89 92 105 137 164 167 93 73 72 72 75 83 80 77 76 73 75 75 75 74 74 75 75
243 220 221 202 196 195 213 219 196 189 186 186 198 219 227 204 201 216 218 210 200 166 143 164 132 110 108 103 103 108 96 91 96 116 108 101 95 88 85 85 80 79 79 79 84 99 94 89 87 87 86 86 85 84 82 79 79 79 79 79 79 79 88 92 92 95 95 95 104 118 143 122 77 71 71 71 77 80 77 74 73 73 73 75 75 75 74 75 75
212 210 209 196 188 185 191 195 192 178 175 179 186 195 204 202 203 226 241 207 180 155 140 166 149 124 114 106 103 104 103 94 111 120 117 120 116 100 90 81 79 79 79 92 100 98 94 91 88 87 86 86 82 79 78 78 78 78 78 78 78 78 84 95 95 98 100 104 109 115 107 95 72 71 71 71 74 77 74 74 72 72 73 73 75 75 75 75 77
189 189 192 185 180 176 174 174 173 174 170 169 175 181 186 229 238 217 222 193 172 159 150 151 171 147 128 124 112 104 101 119 143 130 120 120 122 106 95 82 79 79 105 136 105 100 98 93 89 87 86 84 81 79 79 79 78 78 78 78 78 78 78 94 101 101 104 114 125 109 77 79 70 70 70 70 77 76 71 71 71 72 73 76 76 75 75 75 78
182 181 180 177 173 170 168 171 179 170 167 167 168 174 192 223 236 205 188 180 167 158 154 149 163 163 137 127 121 116 105 138 145 133 118 109 108 100 90 83 80 79 116 136 118 108 101 94 91 85 84 82 81 81 81 81 81 79 78 77 76 76 77 77 93 101 110 117 126 83 72 72 70 70 70 70 71 70 71 71 71 71 72 76 76 75 75 78 81
181 179 173 168 168 167 164 172 171 168 165 164 164 168 175 183 184 188 186 195 178 160 155 162 166 176 150 134 135 132 115 143 148 132 119 113 107 101 93 84 82 90 140 124 121 105 98 96 91 85 84 85 86 87 84 81 81 81 81 78 75 75 75 75 82 87 88 101 91 76 70 70 70 70 70 72 70 70 70 70 71 71 73 76 79 76 80 80 81
188 192 187 174 165 165 166 172 183 188 176 165 160 162 167 171 171 173 179 195 184 168 165 171 185 181 162 150 148 130 132 168 153 139 129 119 110 106 99 87 84 115 144 104 102 100 98 95 93 85 88 89 103 102 88 84 84 83 81 81 75 75 75 75 81 82 80 86 88 73 69 69 69 70 74 73 71 70 70 70 72 73 74 76 79 81 84 84 81
163 171 180 177 180 182 185 185 177 176 179 168 161 162 167 170 176 175 176 187 203 186 172 169 178 170 162 147 146 134 138 159 162 159 137 123 116 112 107 91 88 96 108 102 99 99 98 95 91 85 90 88 97 107 96 86 82 82 81 81 78 75 75 75 83 81 85 94 84 70 68 67 70 73 76 74 71 71 70 71 72 76 81 82 85 84 84 101 86
154 151 155 162 180 192 194 185 167 169 173 170 170 167 170 180 182 178 175 178 194 197 183 169 169 160 152 144 142 140 146 157 168 174 150 129 121 118 120 107 89 85 94 103 101 99 98 95 90 87 91 91 97 98 91 85 82 84 81 78 75 74 74 85 95 88 88 84 76 69 67 67 70 71 79 79 74 74 71 72 75 79 90 101 105 89 86 98 101
148 143 146 148 157 162 163 164 161 165 167 180 182 173 174 183 181 186 175 164 179 194 184 164 158 156 150 148 148 149 161 165 155 152 141 128 124 124 129 122 91 88 89 98 106 100 98 95 88 85 85 88 94 88 85 82 81 81 80 78 78 75 75 87 91 90 86 76 71 68 67 67 69 70 73 84 74 75 71 76 76 85 98 114 120 87 81 83 92
139 137 140 140 145 149 159 167 159 159 159 171 176 175 173 173 177 184 171 163 166 187 179 170 159 155 152 151 153 157 153 150 149 139 136 130 125 126 132 121 91 91 92 97 106 104 101 92 85 85 85 88 95 91 85 83 81 80 80 81 79 78 81 81 82 80 91 76 73 68 67 69 70 72 75 79 73 71 73 76 78 84 98 109 117 89 82 80 80
135 131 130 132 132 135 144 152 155 155 155 158 165 170 171 170 175 178 167 163 160 161 167 161 156 155 154 152 152 155 160 157 151 144 138 132 127 124 125 103 94 94 97 99 107 107 102 96 86 85 85 88 90 91 85 85 81 81 81 82 79 82 80 78 78 75 91 88 81 72 68 68 68 75 75 76 79 81 85 84 87 96 107 113 123 110 101 83 79
125 126 129 134 133 130 132 134 142 150 155 156 162 164 168 169 172 177 164 169 163 159 163 160 156 156 154 154 152 157 166 161 153 147 142 138 133 130 120 101 97 94 95 108 110 107 102 95 86 85 88 91 92 90 91 93 91 85 84 81 88 91 83 78 75 74 84 108 86 84 71 68 68 70 75 85 95 96 112 99 97 103 110 120 126 126 132 98 79
129 122 130 133 156 145 129 129 135 147 150 153 162 164 167 172 173 169 171 174 168 170 169 162 156 156 155 155 154 156 162 164 156 145 145 140 135 131 111 106 103 99 97 105 108 108 102 93 87 86 96 96 92 91 92 94 99 103 88 81 88 91 90 76 73 74 78 108 109 121 77 69 69 71 80 96 107 107 126 115 106 108 107 111 116 121 128 104 79
124 122 118 123 145 169 139 127 131 143 146 146 152 159 163 167 169 169 173 169 173 173 174 164 156 155 156 156 154 156 165 186 160 151 151 143 136 126 120 115 109 100 100 118 117 106 101 93 89 92 102 99 95 91 92 93 92 92 91 98 90 76 73 70 73 74 74 94 105 97 73 69 70 72 80 96 106 118 131 129 110 103 95 90 90 92 98 104 92
114 112 113 114 119 148 158 127 130 133 139 145 150 151 158 166 166 166 164 170 172 160 163 161 156 156 156 157 157 157 162 174 175 165 162 145 138 132 126 125 118 104 103 128 117 108 104 94 89 98 103 99 96 93 92 89 86 83 83 91 86 76 73 68 72 69 72 86 89 87 71 71 72 77 85 89 94 119 135 141 106 93 89 86 86 90 86 88 86
113 110 109 112 116 125 133 136 133 133 136 140 145 148 154 157 159 160 164 168 171 168 164 167 164 155 156 157 158 159 163 168 185 179 162 145 139 135 129 128 131 112 106 123 117 108 108 97 91 101 105 103 102 100 95 91 84 83 87 84 80 78 70 70 67 67 71 82 82 71 71 71 76 83 105 96 104 102 114 132 107 93 90 89 92 95 95 86 82
114 112 110 112 115 122 128 130 135 137 136 137 142 145 148 151 153 157 162 165 166 166 166 165 159 154 156 157 158 161 166 182 165 176 152 146 141 137 133 130 139 121 112 117 114 111 107 100 95 101 101 102 107 105 94 86 81 86 91 89 81 74 67 65 66 67 70 75 71 74 72 77 77 86 105 100 97 90 93 93 99 98 98 101 98 95 89 86 83
117 115 115 115 118 122 128 128 131 132 134 137 140 141 144 149 150 153 156 158 159 159 160 162 156 153 155 156 158 161 172 174 158 158 155 149 143 138 135 133 138 124 121 121 112 117 109 103 100 100 101 109 109 105 92 84 84 83 78 77 73 69 65 65 66 67 68 69 73 73 75 79 82 99 116 119 93 81 78 82 98 104 104 104 101 92 88 89 90
123 121 120 121 121 123 128 136 131 133 135 137 140 141 145 149 153 153 152 152 153 156 156 158 156 152 154 155 159 162 161 173 161 165 161 152 144 140 139 137 133 124 124 123 110 122 115 109 103 98 103 117 117 105 97 93 91 90 84 72 66 71 81 74 67 68 68 69 78 78 78 77 82 98 110 113 104 85 77 77 87 98 108 108 111 94 91 94 95
128 126 124 125 125 126 131 139 134 134 136 137 140 142 145 148 154 150 149 150 151 153 155 155 153 150 151 154 159 166 161 158 161 162 158 151 144 140 140 139 133 124 124 118 111 123 119 110 102 99 99 100 103 100 98 95 91 90 78 70 70 71 88 87 68 67 68 70 88 109 90 76 79 88 104 103 103 85 78 78 80 107 114 112 104 94 91 91 88
132 131 129 129 129 130 133 134 135 137 137 139 142 144 145 148 148 147 149 150 150 150 151 153 151 147 149 151 158 165 164 163 157 156 153 149 144 142 139 136 130 122 120 115 118 124 115 108 106 102 103 102 100 102 100 96 98 87 79 90 78 77 90 73 67 70 71 73 90 95 87 77 76 80 90 94 97 88 80 78 78 90 112 104 101 90 88 87 78
139 136 135 135 135 135 135 136 136 139 139 142 142 145 147 146 146 147 150 152 149 147 149 152 148 145 146 149 154 166 181 164 153 151 148 146 144 142 139 136 128 122 119 121 124 118 111 106 108 102 103 100 99 104 106 100 90 85 93 96 90 93 78 68 69 74 81 87 108 113 93 75 76 78 84 91 94 92 81 79 78 81 101 97 88 85 84 79 77
156 145 141 141 141 140 140 140 140 142 144 145 146 148 149 147 146 147 147 146 146 144 145 146 147 146 144 145 153 172 184 155 146 145 144 145 143 140 142 135 127 122 123 127 121 112 107 107 111 105 102 98 99 98 99 100 99 99 96 96 88 91 72 69 72 90 104 128 128 94 82 74 74 77 82 88 88 93 84 78 78 78 86 88 85 83 78 77 77
196 172 150 147 147 146 145 143 143 145 146 148 150 149 149 149 148 145 145 146 145 142 142 142 143 146 144 142 157 169 171 151 143 141 141 143 139 139 142 138 126 122 120 120 116 110 106 105 108 105 101 102 111 105 98 96 93 94 92 103 96 85 76 72 76 100 118 140 106 94 80 74 74 75 77 78 83 87 83 78 77 77 82 97 101 83 77 77 77
