model/data/bioclim/bclim3.asc
NCOLS 300 
NROWS 300 
XLLCORNER -125.25 
YLLCORNER 30.75 
CELLSIZE 0.0416666666666667 
NODATA_value -3.4e+38 
[rows 88 to 109 of 300, columns 196 to 244 of 300]
41.2619590759277 41.0634689331055 41.1803169250488 41.3532638549805 41.3576049804688 41.5735282897949 41.2851829528809 40.7268486022949 40.6270332336426 41.1142196655273 41.6250762939453 41.8578071594238 42.1022605895996 42.1241073608398 41.9850273132324 41.9196357727051 41.7912483215332 41.6578559875488 41.2950134277344 41.0373954772949 41.0945434570312 40.9568862915039 40.5479850769043 40.0694313049316 40.6459693908691 41.3866844177246 41.0360374450684 40.5598831176758 40.2887268066406 40.6372222900391 40.6199226379395 40.8042793273926 41.1528472900391 40.9951820373535 41.2721328735352 41.7917938232422 42.0349044799805 41.804126739502 41.489143371582 41.5208892822266 41.6372451782227 41.6901321411133 41.621768951416 41.4003486633301 41.3468933105469 41.6070594787598 41.8792343139648 42.1427688598633 42.3890609741211
41.0740432739258 41.014289855957 41.3279113769531 41.2043418884277 41.1316337585449 41.5852737426758 41.2476806640625 40.7975959777832 41.3754959106445 42.0864067077637 42.2226638793945 42.1937217712402 42.2493629455566 42.203182220459 42.0794868469238 41.9968528747559 41.987491607666 41.9307975769043 41.7146453857422 41.4978141784668 41.2672462463379 40.8841934204102 40.4894752502441 40.103141784668 40.2788124084473 40.4813194274902 40.1252517700195 40.2071723937988 40.2977027893066 40.8708419799805 40.968807220459 41.1905250549316 41.2689514160156 41.2224044799805 41.457878112793 41.8033180236816 41.9137573242188 41.8578414916992 41.5780487060547 41.4648742675781 41.5080261230469 41.5273551940918 41.3640327453613 41.1850776672363 41.1968841552734 41.2932434082031 41.5959739685059 41.8885612487793 42.2177391052246
40.9465026855469 40.8528137207031 40.7392463684082 40.7726936340332 41.453125 42.056999206543 41.5140037536621 40.9274559020996 41.4993629455566 42.0851211547852 42.2155799865723 42.1278686523438 42.1029167175293 42.0001640319824 41.8800048828125 41.7362442016602 41.8589286804199 42.0228805541992 41.9550476074219 41.719654083252 41.4317092895508 41.0245361328125 40.7757835388184 40.6178855895996 40.5047950744629 40.1353492736816 40.282356262207 40.3873176574707 40.5643692016602 40.6768074035645 40.8110694885254 41.3604278564453 41.394645690918 41.3427696228027 41.6127243041992 41.8506889343262 41.9350433349609 41.8916931152344 41.6412086486816 41.3081398010254 41.2242240905762 41.1281852722168 41.0800361633301 41.1361389160156 41.336296081543 41.4645919799805 41.5661468505859 41.6322975158691 41.6219596862793
41.0208778381348 40.9352874755859 40.847412109375 41.4754905700684 42.4893684387207 42.8676719665527 42.5014572143555 42.2087211608887 41.9326057434082 42.0474090576172 41.9756126403809 41.7879219055176 41.6149749755859 41.3523330688477 41.0878257751465 41.0196266174316 41.4978370666504 42.146556854248 42.2502937316895 42.0538101196289 41.7978172302246 41.4969100952148 41.3342781066895 41.1941566467285 40.8891983032227 40.5794143676758 40.6934051513672 40.7604942321777 40.9157981872559 40.7267265319824 41.0289535522461 41.2542266845703 41.1996955871582 41.166748046875 41.5730323791504 41.9587287902832 42.0728569030762 41.9531784057617 41.6616477966309 41.4022369384766 41.3909759521484 41.2489128112793 41.3530006408691 41.6194725036621 41.7999687194824 41.839958190918 41.6984939575195 41.4579315185547 41.2352447509766
40.8503341674805 41.2142333984375 41.893138885498 42.9009246826172 43.3424835205078 43.4775161743164 43.6030082702637 43.4265403747559 42.6206703186035 42.1773452758789 41.8644752502441 41.613697052002 41.2908592224121 40.9557838439941 40.6469497680664 40.8288879394531 41.5596313476562 42.3761749267578 42.6120719909668 42.3957023620605 42.1513252258301 41.974781036377 41.8678932189941 41.5089569091797 41.2917251586914 41.2304992675781 41.0548973083496 40.9828681945801 41.2921333312988 41.2863960266113 41.3039932250977 41.0488166809082 40.8487396240234 40.9518699645996 41.4526748657227 42.0007438659668 42.1359672546387 41.975944519043 41.7248039245605 41.6880493164062 41.9186782836914 41.7900314331055 41.8871269226074 42.1833724975586 42.2071418762207 42.1443290710449 42.0300521850586 41.6709136962891 41.8734817504883
40.9821586608887 41.7729606628418 42.8195152282715 43.2776832580566 43.4710311889648 43.5961418151855 43.4768142700195 43.0651512145996 42.3148536682129 42.2365226745605 42.2107238769531 41.9593124389648 41.6223754882812 41.4622535705566 41.3853187561035 41.517162322998 41.9957695007324 42.5698699951172 42.72412109375 42.607120513916 42.4163398742676 42.2444801330566 42.0000343322754 41.649242401123 41.5194206237793 41.509334564209 41.4358978271484 41.3484001159668 41.5203514099121 41.4526977539062 41.2994117736816 41.0540657043457 40.9731330871582 41.2431869506836 41.6082992553711 41.9847831726074 42.018253326416 41.7901725769043 41.4902267456055 41.5895309448242 41.850025177002 41.7343559265137 41.8856887817383 42.0083541870117 42.0312156677246 42.1283798217773 42.3169326782227 41.7384147644043 41.9807281494141
41.1940650939941 42.6349983215332 43.4205322265625 43.5420150756836 43.5630760192871 43.52783203125 43.0868263244629 42.3570327758789 41.893424987793 42.1713905334473 42.5045433044434 42.4509925842285 42.1460151672363 41.9615325927734 41.7987174987793 41.5018310546875 42.0938110351562 42.8294563293457 42.998477935791 42.9668045043945 42.6490097045898 42.3381118774414 42.2910995483398 42.1163444519043 42.0506629943848 42.2044067382812 42.0578918457031 41.7653160095215 41.4956932067871 41.1838493347168 41.1165313720703 41.0486183166504 41.210277557373 41.5475234985352 41.9297981262207 41.9147567749023 41.6411094665527 41.201961517334 40.9438858032227 41.1930046081543 41.4340553283691 41.4216728210449 41.6919288635254 41.6989364624023 41.6938819885254 41.834342956543 42.1913261413574 41.7893028259277 42.0060729980469
42.2718696594238 43.4604301452637 43.8114051818848 43.7183494567871 43.5480194091797 43.2481498718262 42.7424278259277 42.1875 41.7873611450195 42.2192649841309 42.7366142272949 42.6235046386719 42.1619300842285 41.795524597168 41.6777420043945 41.7156867980957 42.4019088745117 43.140251159668 43.470100402832 43.1911582946777 42.5628318786621 42.1212272644043 42.2197380065918 42.1265487670898 42.1850318908691 42.5313415527344 42.328067779541 41.9841194152832 41.7560424804688 41.501350402832 41.4232635498047 41.0748023986816 41.1453056335449 41.6936721801758 41.8569030761719 41.4507026672363 41.0988693237305 40.6700477600098 40.7351417541504 41.0892944335938 41.2503471374512 41.2494697570801 41.588809967041 41.4196395874023 41.4464378356934 41.5769462585449 41.9347343444824 41.848258972168 42.335865020752
43.1066398620605 43.6709403991699 43.979061126709 43.7024993896484 43.2107238769531 42.6023368835449 42.1241264343262 41.8500595092773 41.798713684082 42.402759552002 42.8827095031738 42.5729522705078 41.9685935974121 42.0626029968262 42.0567588806152 42.38818359375 43.102653503418 43.5522918701172 43.6467094421387 42.9947738647461 42.220401763916 41.8844146728516 41.9418067932129 41.8692474365234 41.9119338989258 42.2631721496582 42.0892601013184 41.9104843139648 41.7758026123047 41.7237167358398 41.6952171325684 41.5628929138184 41.5229606628418 41.7900314331055 41.5261917114258 41.2466239929199 41.3928909301758 41.3060531616211 41.2539329528809 41.051887512207 40.9968566894531 41.288890838623 41.718132019043 41.5563163757324 41.4186248779297 41.6590003967285 41.9658470153809 42.1445693969727 42.726505279541
43.253059387207 43.7643890380859 43.9099197387695 43.4699745178223 42.6343116760254 41.6985511779785 41.6261672973633 41.8178901672363 42.1595573425293 42.7468338012695 43.117977142334 43.0042877197266 42.5869903564453 42.3654441833496 41.9525871276855 42.4922027587891 42.9858436584473 43.2706069946289 43.2415428161621 42.3471450805664 41.7755928039551 41.9853630065918 42.0460929870605 42.0233383178711 42.1506385803223 42.3270034790039 42.0235824584961 41.7799530029297 41.7696952819824 41.7505378723145 41.6484031677246 41.770866394043 41.8109092712402 41.9156913757324 41.6760063171387 41.7905769348145 42.1520042419434 42.0520858764648 41.7056312561035 41.4215965270996 41.1372337341309 41.5261878967285 41.7728080749512 41.7028884887695 41.7044067382812 41.8183937072754 42.0699462890625 42.4476318359375 42.769115447998
43.8930816650391 44.1690063476562 43.8826103210449 43.3018188476562 42.3160171508789 41.5843467712402 41.6123199462891 41.9219017028809 42.2470054626465 42.7932777404785 43.2827224731445 43.4492568969727 43.2275047302246 42.6789855957031 42.0428161621094 42.1482543945312 42.4260787963867 42.8205261230469 42.9845542907715 41.9635887145996 41.7805671691895 42.1997261047363 42.3748817443848 42.4159965515137 42.5747947692871 42.4653472900391 41.8987503051758 41.4705772399902 41.4133491516113 41.4847869873047 41.6699829101562 41.9496688842773 42.0761299133301 42.0147094726562 41.995189666748 42.1272583007812 42.1855163574219 42.0058937072754 41.584644317627 41.305347442627 41.231014251709 41.3986701965332 41.4234771728516 41.4431686401367 41.5735816955566 41.7104759216309 41.8827476501465 42.4098701477051 42.7203521728516
43.7449226379395 43.8364753723145 43.6347427368164 43.2533836364746 42.5802383422852 42.0921287536621 41.72607421875 41.6647796630859 41.8626594543457 42.5199813842773 43.1857833862305 43.4380302429199 43.2106285095215 42.6720199584961 42.1858596801758 41.8663177490234 41.870491027832 42.390754699707 42.5041084289551 41.5769424438477 41.970043182373 42.7067642211914 43.0107536315918 42.9987335205078 42.8527030944824 42.4035339355469 41.8014259338379 41.2649383544922 41.1160621643066 41.3129615783691 41.643180847168 41.9878463745117 42.172607421875 42.07861328125 42.237979888916 42.1819114685059 42.0446815490723 41.9437942504883 41.4502868652344 40.7815475463867 40.8844261169434 41.3478851318359 41.1602210998535 41.416820526123 41.5794982910156 41.7170372009277 41.8572845458984 42.2458076477051 42.4853248596191
43.7730445861816 43.8608779907227 43.7151832580566 43.3420066833496 42.6837158203125 42.3351287841797 41.755443572998 41.5742607116699 41.9745788574219 42.7720909118652 43.288387298584 43.4257888793945 43.2378807067871 42.7434310913086 42.1001014709473 41.7067222595215 41.8561706542969 42.0952415466309 42.0712585449219 41.6504135131836 42.2698440551758 43.1040878295898 43.3715400695801 43.3773193359375 43.1115798950195 42.7038269042969 42.2798538208008 41.5486183166504 41.262321472168 41.4084777832031 41.8066444396973 42.347770690918 42.5594367980957 42.4665946960449 42.2592926025391 42.1041374206543 42.0645294189453 42.1541137695312 41.7274551391602 41.2530288696289 41.4783973693848 41.8414916992188 41.6594848632812 41.7796592712402 41.7971954345703 41.7755317687988 42.048267364502 42.4784698486328 42.7577934265137
43.9347343444824 43.8656158447266 43.5806465148926 43.0842018127441 42.7001953125 42.2660942077637 42.0258712768555 42.2915191650391 42.7630615234375 43.2231674194336 43.4183082580566 43.3521347045898 43.0840682983398 42.4500732421875 41.8068809509277 42.0438194274902 42.6669235229492 42.2830467224121 42.3504486083984 42.104679107666 42.1807403564453 42.9628829956055 43.3746681213379 43.4927444458008 43.2973289489746 42.9323539733887 42.5618553161621 41.9783058166504 41.6142921447754 41.6209182739258 42.1188316345215 42.600227355957 42.8298454284668 42.7625885009766 42.4192924499512 42.194652557373 42.1801490783691 42.2587738037109 41.6921043395996 40.9893531799316 41.2323837280273 41.5526542663574 41.6727905273438 42.0217971801758 42.2382659912109 42.2778358459473 42.576847076416 42.8842277526855 43.0714988708496
43.9449310302734 43.7857627868652 43.4087867736816 42.8484764099121 42.4795188903809 42.2099342346191 42.5014610290527 42.7185935974121 43.1505889892578 43.3243408203125 43.3103828430176 43.260066986084 42.8103218078613 42.0905685424805 41.8283500671387 42.5194435119629 43.2728385925293 43.2910652160645 43.178581237793 42.438892364502 42.1478996276855 42.9141464233398 43.1901741027832 43.2076530456543 43.2290153503418 43.0735092163086 42.8803901672363 42.5502166748047 42.0831069946289 41.8737831115723 42.2194442749023 42.5229759216309 42.8397674560547 42.6029968261719 42.3951721191406 42.3178062438965 42.2939643859863 42.2875633239746 41.6518974304199 40.7869987487793 40.9926872253418 41.3574295043945 41.7032661437988 42.1233558654785 42.5294342041016 42.7798843383789 43.0144805908203 43.1848030090332 43.3019638061523
43.7950286865234 43.672550201416 43.5820236206055 43.3754501342773 42.9906730651855 42.6138076782227 42.7543678283691 43.0445976257324 43.4055137634277 43.2950592041016 43.1864547729492 43.0846290588379 42.5501289367676 41.9223175048828 42.3727416992188 43.093936920166 43.6642608642578 43.8711433410645 43.7716598510742 42.7092475891113 42.5752334594727 42.85888671875 42.7033081054688 42.7739715576172 43.0558280944824 43.0958404541016 42.9974060058594 42.9934997558594 42.693000793457 42.3229904174805 42.1598129272461 42.3015975952148 42.8204765319824 42.6371536254883 42.4403343200684 42.4006996154785 42.2775268554688 42.1808395385742 41.5481834411621 40.4094505310059 40.6111030578613 41.1721534729004 41.5460929870605 41.8747100830078 42.3674736022949 42.7226676940918 42.9190940856934 43.189697265625 43.3838272094727
43.7433624267578 43.4350929260254 43.0922393798828 42.7896881103516 42.5346069335938 42.6480941772461 43.2230262756348 43.6212730407715 43.7466430664062 43.5197296142578 42.8785209655762 42.2554397583008 42.001293182373 42.0672149658203 42.935905456543 43.6211891174316 43.8502311706543 43.6565551757812 43.1214408874512 42.6062850952148 42.9368209838867 42.5711860656738 42.1568641662598 42.49755859375 42.8909454345703 43.2961616516113 43.4331474304199 43.4842758178711 43.1591796875 42.7723617553711 42.2827987670898 42.0888710021973 42.2136650085449 42.1601333618164 42.2963676452637 42.3365135192871 42.0855140686035 42.1139030456543 41.7601318359375 40.6874885559082 40.5446319580078 41.0931816101074 41.3240356445312 41.4310417175293 41.8129081726074 42.055534362793 42.5328941345215 43.0544815063477 43.4423522949219
43.6800498962402 43.1873474121094 42.3408012390137 41.4253387451172 41.5764923095703 42.2017250061035 43.3155860900879 43.8772926330566 43.7854232788086 43.3899879455566 42.4059066772461 41.5744323730469 41.8432655334473 42.5068397521973 43.2406044006348 43.754768371582 43.7333679199219 43.2682876586914 42.2017860412598 42.3238372802734 43.0740928649902 42.5397567749023 42.6080207824707 42.6729393005371 42.8331832885742 43.2729644775391 43.6168823242188 43.5611114501953 43.1672859191895 42.8238945007324 42.3467140197754 41.6982841491699 41.4027328491211 41.5614776611328 42.146900177002 42.2433090209961 42.0201148986816 42.0557250976562 42.3696365356445 41.9627914428711 41.3770332336426 41.0431022644043 40.9530982971191 41.0931053161621 41.3611106872559 41.6264533996582 42.1994552612305 42.987377166748 43.536979675293
43.5851020812988 43.1842002868652 42.4255065917969 41.2318954467773 41.4240264892578 41.8081893920898 42.6614112854004 43.5386428833008 43.5519943237305 42.9094467163086 42.0566291809082 41.7759208679199 42.099063873291 42.7806396484375 43.2892875671387 43.5848655700684 43.310230255127 42.8805656433105 42.1015129089355 42.650390625 43.2853775024414 43.2719421386719 42.9142112731934 42.6330718994141 42.6264724731445 43.0667762756348 43.4176826477051 43.2529182434082 42.7715110778809 42.3010482788086 41.8338088989258 41.425479888916 41.4805564880371 41.5323638916016 42.002742767334 42.3422813415527 42.2546615600586 42.0714645385742 42.2343444824219 42.2731170654297 41.745189666748 40.9347648620605 40.7712097167969 41.1590042114258 41.6085510253906 42.2052154541016 42.6443901062012 43.1821784973145 43.608699798584
43.3704566955566 43.2659568786621 42.9131889343262 41.9412956237793 42.4061279296875 41.9639472961426 42.1130790710449 42.9986190795898 43.421630859375 42.9797477722168 42.0996551513672 41.906078338623 42.0561294555664 42.5301246643066 43.163516998291 43.4294395446777 42.8731651306152 42.3683319091797 42.1092643737793 42.735595703125 43.2143325805664 43.4611206054688 43.0150451660156 42.3813705444336 42.5349311828613 43.1297912597656 43.3222427368164 42.9981155395508 42.3628425598145 41.6968536376953 41.561882019043 41.866886138916 41.952262878418 41.6395149230957 42.1806907653809 42.508659362793 42.3620491027832 42.2468223571777 42.1231727600098 41.8754539489746 41.5177268981934 41.172119140625 41.1288375854492 41.6176147460938 42.4077949523926 43.1883430480957 43.3708000183105 43.384952545166 43.4600982666016
42.6656455993652 42.6263008117676 42.5570945739746 42.81884765625 43.0918617248535 42.420970916748 42.1492691040039 42.7117309570312 43.3058204650879 43.0844116210938 42.3737373352051 42.1098670959473 42.2113342285156 42.4799842834473 42.9828491210938 43.1374931335449 42.4920921325684 42.041130065918 41.9450187683105 42.2343673706055 42.6806831359863 43.190616607666 43.2088279724121 42.7515869140625 43.0525093078613 43.5383262634277 43.3493232727051 42.8790740966797 42.2050361633301 41.7624015808105 41.9570465087891 42.2304153442383 42.4980316162109 42.202507019043 42.4163856506348 42.4988784790039 42.2622261047363 42.1860504150391 41.9173965454102 41.4360580444336 41.3135871887207 41.3783874511719 41.3235244750977 42.0185127258301 42.9454727172852 43.420352935791 43.422290802002 43.3479957580566 43.1953315734863
42.2830924987793 41.8576507568359 41.6265525817871 41.6821403503418 42.2583885192871 42.3683547973633 42.493335723877 42.9611320495605 43.3146362304688 42.9577331542969 42.4080810546875 42.4791641235352 42.4090690612793 42.3586120605469 42.8027687072754 42.7939414978027 42.1346168518066 41.6732063293457 41.4486503601074 41.6472396850586 42.4096755981445 43.1588973999023 43.3639526367188 43.0270538330078 43.2690124511719 43.6580467224121 43.3726119995117 42.8657264709473 42.2567100524902 41.9166831970215 42.1510124206543 42.479736328125 42.5865898132324 42.5357437133789 42.4791107177734 42.3322601318359 42.0925064086914 42.0816955566406 41.5074768066406 40.726806640625 40.9042663574219 41.3376960754395 41.3766632080078 42.0392417907715 42.8523178100586 43.2466735839844 43.2907867431641 43.3618240356445 43.0621604919434
