model/data/bioclim/bclim8.asc
NCOLS 300 
NROWS 300 
XLLCORNER -125.25 
YLLCORNER 30.75 
CELLSIZE 0.0416666666666667 
NODATA_value -3.4e+38 
[rows 0 to 21 of 300, columns 49 to 97 of 300]
6.29266691207886 6.02266693115234 5.6560001373291 5.42799997329712 5.37266683578491 5.0406665802002 4.99133348464966 4.7926664352417 4.63466644287109 4.06333351135254 3.76333332061768 3.64466667175293 2.79466652870178 2.80400013923645 2.20066666603088 2.59266662597656 2.99600005149841 2.43199992179871 2.32200002670288 2.0239999294281 1.55866658687592 0.489333361387253 0.422666639089584 0.177333235740662 -0.304666727781296 -0.649333417415619 -1.43066668510437 -2.27133345603943 -2.82333326339722 -2.53733348846436 -2.35400009155273 -2.13600015640259 -1.89466667175293 -1.72133326530457 -1.72266674041748 -2.00933361053467 -2.16666674613953 -2.29133319854736 -2.32933330535889 -2.34866666793823 -2.26999998092651 -2.17133331298828 -2.23066663742065 -2.28399991989136 -2.39000010490417 -2.55666661262512 -2.37666654586792 -1.78799998760223 -1.26066660881042
6.11266660690308 5.6486668586731 5.29200029373169 5.41266679763794 5.23266649246216 4.7093334197998 4.48600006103516 3.9593334197998 3.9006667137146 4.40199995040894 4.10333347320557 3.08533334732056 2.35666680335999 2.18466663360596 1.9760000705719 2.36266684532166 2.22733306884766 1.76133334636688 1.31599998474121 1.58000004291534 0.990000009536743 0.157999992370605 -0.548666656017303 -1.11666667461395 -1.10266673564911 -1.01800000667572 -1.86466670036316 -2.82066679000854 -3.34533333778381 -2.88333320617676 -2.27866673469543 -1.91866648197174 -1.7573333978653 -1.7700001001358 -1.77799999713898 -1.85533344745636 -2.00400018692017 -2.16933345794678 -2.20600008964539 -2.11399984359741 -2.17133331298828 -2.14933347702026 -2.14800000190735 -2.22599983215332 -2.26133346557617 -2.35800004005432 -1.96733331680298 -1.58933329582214 -1.29266667366028
5.68733310699463 5.45133304595947 5.34133338928223 5.11600017547607 5.02666664123535 4.85666656494141 4.58599996566772 3.81599998474121 3.65000009536743 3.97666668891907 3.75999999046326 3.58266663551331 3.1746666431427 3.18799996376038 3.0239999294281 3.20333337783813 2.89333343505859 1.97866654396057 0.910000026226044 1.05266666412354 0.566666722297668 -0.627333402633667 -1.45133328437805 -2.22666668891907 -1.84666657447815 -1.25533330440521 -2.20466661453247 -3.19199991226196 -3.21266674995422 -2.51533317565918 -2.01000022888184 -1.86133337020874 -1.88266670703888 -1.92733335494995 -1.88533329963684 -1.82666683197021 -1.87733328342438 -2.01733350753784 -2.12400007247925 -2.06333327293396 -2.16333341598511 -2.1986665725708 -2.05399990081787 -2.05533337593079 -1.9799998998642 -1.78599989414215 -1.49866664409637 -1.26333332061768 -1.03199994564056
5.72399997711182 5.42199993133545 5.10866641998291 4.94733333587646 4.81733322143555 4.52199983596802 4.09266662597656 4.06733322143555 4.20866680145264 4.22733306884766 4.13466644287109 3.93599987030029 3.6340000629425 3.80800008773804 3.65866661071777 3.36733317375183 3.04133319854736 1.89200007915497 1.09333336353302 0.441999912261963 0.23999996483326 -0.00666666030883789 -0.87800008058548 -1.5479998588562 -1.5553332567215 -1.66266667842865 -2.09333348274231 -2.47333335876465 -2.27066683769226 -1.89999997615814 -1.82333338260651 -1.90133345127106 -1.99533331394196 -2.0293333530426 -1.98266673088074 -1.89800000190735 -1.77133321762085 -1.71799993515015 -1.82733345031738 -1.7793333530426 -1.91666674613953 -1.95866656303406 -1.88466668128967 -1.87066662311554 -1.867999792099 -1.62999999523163 -1.42400002479553 -1.17866671085358 -0.832000017166138
5.59999990463257 5.34333324432373 5.21733331680298 5.20599985122681 5.06533336639404 4.5939998626709 4.31333351135254 4.20466661453247 4.23866653442383 4.20133352279663 4.14666652679443 3.94333338737488 3.88800001144409 3.64333343505859 3.28733325004578 3.05400013923645 2.4539999961853 1.62466669082642 0.814000010490417 0.299333333969116 0.577333390712738 0.274666666984558 -0.595333278179169 -1.29466676712036 -1.67666661739349 -2.25999999046326 -2.41933345794678 -2.63866662979126 -2.04133319854736 -1.74266672134399 -1.77600014209747 -1.93466663360596 -2.0773332118988 -2.04333329200745 -1.91866660118103 -1.83800005912781 -1.80466675758362 -1.71800005435944 -1.63866662979126 -1.63933336734772 -1.64800000190735 -1.65933322906494 -1.70533335208893 -1.81533336639404 -1.88333344459534 -1.69199991226196 -1.47066676616669 -1.24466669559479 -1.05266666412354
5.53066682815552 5.40399980545044 5.34266662597656 5.25 4.93466663360596 4.73266696929932 4.62333345413208 4.52799987792969 4.41733360290527 4.25466680526733 3.77066659927368 3.7739999294281 3.75999999046326 3.63466668128967 3.23200011253357 3.03133344650269 2.89266681671143 1.72866666316986 0.84799998998642 1.03133344650269 0.634666681289673 -0.0399999618530273 -0.639333367347717 -1.46466660499573 -2.19333338737488 -2.70199990272522 -2.88533329963684 -2.53133344650269 -1.9613333940506 -1.79666662216187 -1.79333317279816 -1.9006667137146 -2.00800013542175 -1.95733344554901 -1.84666669368744 -1.79133343696594 -1.76066660881042 -1.74933338165283 -1.82866668701172 -1.71333348751068 -1.64199995994568 -1.58733332157135 -1.66333329677582 -1.81733322143555 -1.87266671657562 -1.84799993038177 -1.76666665077209 -1.52533340454102 -1.38266670703888
5.78866672515869 5.65666675567627 5.5 5.19999980926514 5.07666683197021 4.95466661453247 4.57999992370605 4.64599990844727 4.55200004577637 4.13133335113525 4.06199979782104 4.08666658401489 3.96466660499573 3.62933325767517 3.09266662597656 2.92866659164429 2.66266655921936 1.84399998188019 1.39800000190735 1.25066661834717 0.533333241939545 0.0300000105053186 -0.510666608810425 -1.44266664981842 -2.53999996185303 -3.01533341407776 -2.46133327484131 -2.25999999046326 -2.38000011444092 -2.24799990653992 -1.90466678142548 -1.64933335781097 -1.83666670322418 -1.87466681003571 -1.86133337020874 -1.8659999370575 -1.75533318519592 -1.67799997329712 -1.79733335971832 -1.73400008678436 -1.66999995708466 -1.59399998188019 -1.62466669082642 -1.85066676139832 -2.16533350944519 -2.3733332157135 -2.33466672897339 -1.9446667432785 -1.70933330059052
5.73533344268799 5.67133331298828 5.61533308029175 5.4539999961853 5.28133344650269 5.03066682815552 4.8439998626709 4.44733333587646 4.25600004196167 4.3973331451416 3.9466667175293 3.84800004959106 3.68133330345154 3.22466659545898 2.28266668319702 1.60333323478699 1.8033332824707 2.08400011062622 1.96933329105377 1.41466677188873 0.676666676998138 0.19466669857502 -0.393333226442337 -1.25266659259796 -2.27666664123535 -1.82400000095367 -0.689333260059357 -1.09399998188019 -2.76933336257935 -2.84200000762939 -1.93866670131683 -1.47399997711182 -1.63933324813843 -1.91200017929077 -2.01866674423218 -1.90066659450531 -1.60533344745636 -1.52866661548615 -1.64866673946381 -1.69133329391479 -1.69266676902771 -1.56400001049042 -1.6453332901001 -2.16533350944519 -2.66999983787537 -2.91533327102661 -2.67999982833862 -2.0973334312439 -1.75933349132538
5.3473334312439 5.27133321762085 5.19933319091797 5.25466680526733 5.06333351135254 4.83666658401489 4.73066663742065 4.46866655349731 4.1506667137146 3.95599985122681 4.03466653823853 3.5053334236145 2.8146665096283 2.68333339691162 1.93266665935516 2.02800011634827 2.42199993133545 2.28666663169861 2.04400014877319 1.01066672801971 0.271333426237106 0.0553333759307861 -0.519333302974701 -1.44733333587646 -2.10933327674866 -1.96333336830139 -1.26400005817413 -1.48933339118958 -2.53733325004578 -2.6453332901001 -1.76733338832855 -1.36466658115387 -1.58999991416931 -1.88466680049896 -1.98333334922791 -1.72399997711182 -1.37000012397766 -1.33399999141693 -1.47200012207031 -1.5073333978653 -1.43400001525879 -1.44266676902771 -1.51733338832855 -1.939333319664 -2.53400015830994 -2.55933332443237 -2.4706666469574 -2.05400013923645 -1.73533344268799
5.03000020980835 4.90199995040894 4.8459997177124 4.73466634750366 4.56666660308838 4.62466669082642 4.65999984741211 4.60400009155273 4.56266689300537 3.9026665687561 3.48599982261658 3.39800000190735 3.60666680335999 3.47399997711182 2.7846667766571 2.46799993515015 2.68266654014587 2.48866677284241 2.03266668319702 1.30266666412354 0.415333390235901 -0.501999914646149 -0.916000068187714 -1.82066667079926 -2.51000022888184 -2.42400002479553 -2.3840000629425 -2.05599999427795 -1.871333360672 -1.92599999904633 -1.7426666021347 -1.52199995517731 -1.56399989128113 -1.76199996471405 -1.80133330821991 -1.5073333978653 -1.29933333396912 -1.4046665430069 -1.29466676712036 -1.29000008106232 -1.33133327960968 -1.3899998664856 -1.50133323669434 -1.72533333301544 -2.09200000762939 -2.18133330345154 -2.17066669464111 -1.93866670131683 -1.810666680336
4.87666654586792 4.72933340072632 4.69466686248779 4.58533334732056 4.42266654968262 4.4040002822876 4.28399991989136 4.13000011444092 4.42000007629395 4.27733325958252 3.71266674995422 3.67199993133545 3.92000007629395 3.74533343315125 3.52600002288818 2.75399994850159 2.73933339118958 2.86933326721191 2.27533340454102 1.79466676712036 0.625333309173584 0.101999998092651 -0.330666780471802 -1.5 -2.22866678237915 -2.41466665267944 -1.64933335781097 -1.23266673088074 -1.45799994468689 -1.817999958992 -1.84399998188019 -1.55066668987274 -1.39266669750214 -1.64933323860168 -1.75533330440521 -1.58000004291534 -1.51066672801971 -1.37666666507721 -1.3840000629425 -1.27666676044464 -1.28200018405914 -1.36533343791962 -1.41466677188873 -1.61133325099945 -1.86400008201599 -2.0699999332428 -2.07200002670288 -1.92133343219757 -1.91866660118103
4.8033332824707 4.49333333969116 4.42466688156128 4.62533330917358 4.21733331680298 4.1526665687561 3.72000002861023 3.69000005722046 3.90199995040894 3.70799994468689 3.6986665725708 3.97333335876465 4.0019998550415 3.84466671943665 3.4353334903717 2.69600009918213 2.89733338356018 3.22533345222473 2.80666661262512 2.28399991989136 1.77133333683014 0.77266663312912 -0.685999929904938 -1.35733330249786 -2.05666661262512 -2.11933326721191 -1.28933334350586 -1.07133328914642 -1.24666666984558 -1.68533325195312 -1.75999999046326 -1.43866670131683 -1.28466665744781 -1.42999994754791 -1.52066659927368 -1.56866657733917 -1.51733362674713 -1.43133342266083 -1.37599992752075 -1.26800012588501 -1.25199997425079 -1.29266667366028 -1.35133326053619 -1.48333334922791 -1.75266671180725 -1.79266655445099 -1.79533338546753 -1.83466672897339 -1.91133320331573
4.55533361434937 4.53266668319702 4.58200025558472 4.28399991989136 4.16200017929077 4.06400012969971 4.13600015640259 4.33599996566772 4.33733320236206 4.20333337783813 4.19733333587646 4.1453332901001 3.90533328056335 3.95333337783813 3.44733333587646 3.57800006866455 3.51933336257935 3.22933340072632 2.73733329772949 2.35199999809265 2.11733341217041 1.4026665687561 0.312000036239624 -0.653333365917206 -1.89333343505859 -1.65333330631256 -1.07933330535889 -1.02533328533173 -1.26866662502289 -1.29533350467682 -1.3639999628067 -1.27933323383331 -1.23266661167145 -1.36000001430511 -1.47733342647552 -1.4006667137146 -1.38466668128967 -1.3546667098999 -1.37066662311554 -1.35000002384186 -1.22599995136261 -1.15866672992706 -1.24599993228912 -1.32200002670288 -1.36466670036316 -1.41266667842865 -1.51399993896484 -1.7186666727066 -1.82866668701172
4.65533351898193 4.59133338928223 4.59200000762939 4.45266675949097 4.29333353042603 4.24333333969116 4.40199995040894 4.37133312225342 4.47133350372314 4.32666683197021 4.27066659927368 4.24866676330566 4.03133344650269 4.30800008773804 3.92600011825562 2.97666668891907 2.35599994659424 2.78133344650269 2.55866646766663 1.87533330917358 1.68666660785675 1.14466679096222 -0.305333286523819 -0.964666604995728 -1.71399998664856 -1.95733332633972 -1.58466672897339 -0.903333365917206 -1.07466673851013 -1.02866673469543 -1.14400017261505 -1.04199993610382 -1.05133318901062 -1.13999998569489 -1.18733334541321 -1.25666666030884 -1.27599990367889 -1.28400003910065 -1.30666673183441 -1.40866672992706 -1.33866667747498 -1.11866664886475 -1.16266679763794 -1.19066667556763 -1.34066677093506 -1.42133331298828 -1.50266659259796 -1.65133333206177 -1.75466668605804
4.72399997711182 4.81599998474121 4.67066669464111 4.52799987792969 4.31933355331421 4.26333332061768 4.54333305358887 4.28933334350586 4.43333339691162 4.51599979400635 4.30999994277954 4.15933322906494 4.14933347702026 3.72466659545898 3.33866667747498 2.57933330535889 1.96866679191589 2.48666644096375 2.43666672706604 1.70466661453247 1.28333330154419 0.996000051498413 -0.506666660308838 -2.11266684532166 -2.41066670417786 -1.96399998664856 -1.25400006771088 -0.821333289146423 -0.967333436012268 -0.860666751861572 -0.894666612148285 -0.823333323001862 -0.819333255290985 -1.15933334827423 -1.16533327102661 -1.14000010490417 -1.12266659736633 -1.1966667175293 -1.21000003814697 -1.53266668319702 -1.439333319664 -1.22733330726624 -1.36866664886475 -1.03066670894623 -1.25466668605804 -1.50333321094513 -1.47199988365173 -1.46266674995422 -1.57066667079926
4.94066667556763 4.83599996566772 4.72933340072632 4.71066665649414 4.68066644668579 4.55866670608521 4.62866687774658 4.51599979400635 4.64066648483276 4.6046667098999 4.33733320236206 4.26733350753784 4.14866638183594 3.87533354759216 3.64066672325134 2.99066662788391 2.64733338356018 2.79200005531311 2.61466646194458 2.02400016784668 0.916666567325592 0.608666718006134 -0.525999963283539 -1.84200000762939 -1.84533333778381 -1.47666668891907 -0.799333274364471 -0.699333369731903 -0.837333381175995 -0.719333529472351 -0.542666554450989 -0.730000019073486 -0.837999999523163 -1.09866666793823 -1.05266666412354 -0.998000025749207 -0.967333376407623 -1.15400004386902 -1.2700001001358 -1.53733348846436 -1.61799991130829 -1.49199998378754 -1.24800002574921 -1.02666664123535 -1.19266676902771 -1.32266676425934 -1.32866668701172 -1.25 -1.14933335781097
5.03933334350586 4.87199974060059 4.88133335113525 4.85999965667725 4.62733316421509 4.5993332862854 4.77600002288818 4.87266635894775 4.8386664390564 4.74133348464966 4.51266670227051 4.33733320236206 3.93133330345154 3.76800012588501 3.68133330345154 3.49933338165283 3.32733345031738 3.03133320808411 2.68733334541321 2.24066662788391 1.37066662311554 0.0686666592955589 -0.659333288669586 -1.682000041008 -1.7720000743866 -1.4686666727066 -0.798666656017303 -0.520666658878326 -0.655333161354065 -0.352000117301941 -0.113333344459534 -0.449333280324936 -0.702000081539154 -1.06799983978271 -1.07599997520447 -1.07600009441376 -0.951999962329865 -1.07066679000854 -1.06866669654846 -1.182000041008 -1.31466674804688 -1.39000010490417 -1.26666665077209 -1.14866673946381 -1.18866658210754 -1.13866662979126 -1.02866661548615 -0.83133339881897 -0.811333358287811
5.02199983596802 4.85599994659424 4.70533323287964 4.72733306884766 4.75266647338867 4.87599992752075 4.99733304977417 5.06266689300537 4.99200010299683 4.80200004577637 4.65799999237061 4.36466646194458 4.07666683197021 3.82999992370605 3.37266659736633 3.13666677474976 3.11866664886475 2.90866661071777 2.63333344459534 2.27866649627686 1.59999990463257 -0.221999958157539 -1.20133328437805 -1.66999995708466 -1.71000003814697 -2.22733330726624 -1.31666660308838 -0.425333350896835 -0.341333389282227 0.0160000324249268 0.0600000619888306 -0.260666638612747 -0.755333364009857 -0.859333336353302 -1.08799993991852 -0.969333291053772 -1.11733329296112 -1.17399990558624 -0.933333456516266 -0.998666644096375 -1.02266657352448 -0.990666806697845 -0.945999979972839 -0.973333299160004 -1.03199994564056 -0.882666707038879 -0.675999939441681 -0.640666663646698 -0.732666730880737
5.02266645431519 4.86266660690308 4.86733341217041 4.91266679763794 4.93466663360596 5.02200031280518 5.03733348846436 4.99399995803833 4.98000001907349 4.84666681289673 4.77066659927368 4.65133333206177 4.50066661834717 4.25799989700317 3.92133331298828 3.18799996376038 2.58333349227905 2.63466668128967 2.59866666793823 2.21000003814697 1.10133337974548 -0.630666673183441 -1.49933326244354 -1.63933348655701 -1.17533338069916 -1.10733342170715 -0.562666654586792 -0.0439999513328075 0.171333312988281 0.266666650772095 0.0846667662262917 -0.0806666612625122 -0.558666706085205 -0.924666702747345 -1.0073333978653 -1.17266666889191 -1.39200007915497 -0.949999988079071 -0.969333469867706 -0.936000168323517 -0.858666718006134 -0.809333264827728 -0.745999991893768 -0.723333358764648 -0.655999958515167 -0.55266672372818 -0.41333332657814 -0.48400005698204 -0.717999994754791
5.10200023651123 5.02466678619385 5.06333351135254 5.09200000762939 5.06466674804688 5.07933330535889 5.16800022125244 5.10933351516724 4.96933317184448 4.87466669082642 4.76133346557617 4.55466651916504 4.3953332901001 4.37400007247925 4.34533357620239 3.96399998664856 2.76999998092651 2.08599996566772 2.18466663360596 1.55733335018158 0.0526667423546314 -1.57466661930084 -1.57999992370605 -1.30599999427795 -0.642000019550323 -0.41200003027916 -0.401999980211258 -0.042666632682085 0.397333353757858 0.528666794300079 0.428000122308731 0.384000062942505 -0.155333280563354 -0.864666640758514 -0.909333348274231 -1.29533326625824 -1.56800007820129 -1.00600004196167 -0.997333228588104 -0.973333418369293 -0.957333385944366 -0.880666673183441 -0.740666568279266 -0.591333329677582 -0.468666762113571 -0.443333297967911 -0.39399990439415 -0.511999905109406 -0.543999850749969
4.87733316421509 5.04866647720337 4.84466648101807 4.8459997177124 4.8546667098999 4.96533346176147 5.16666650772095 5.1046667098999 4.9506664276123 4.80399990081787 4.64266681671143 4.50466680526733 4.16933345794678 4.15000009536743 4.21666669845581 4.02533340454102 3.40399980545044 2.52466678619385 2.14800000190735 1.25866675376892 0.134000062942505 -0.672000050544739 -1.121333360672 -1.15199995040894 -1.03866672515869 -1.11999988555908 -1.18266665935516 -0.626666605472565 0.00266671180725098 0.100666724145412 0.214000031352043 0.561333358287811 0.601999938488007 -0.210000038146973 -0.655999958515167 -1.12266659736633 -1.36000001430511 -1.29666674137115 -1.06800007820129 -0.849333345890045 -0.930000066757202 -1.03533327579498 -0.974000036716461 -0.722000062465668 -0.539333403110504 -0.560000002384186 -0.524000108242035 -0.548666715621948 -0.735333263874054
4.83533334732056 4.96133327484131 4.84333324432373 4.56533336639404 4.4946665763855 4.67799997329712 4.96799993515015 5.06733322143555 4.9980001449585 4.76599979400635 4.42399978637695 4.13199996948242 4.03533315658569 3.54800009727478 3.70133328437805 3.5 3.29466676712036 2.7260000705719 1.96133327484131 0.737333297729492 0.0220000352710485 -0.447999984025955 -1.189333319664 -1.19533336162567 -1.35866665840149 -1.66799998283386 -1.77666664123535 -1.66066670417786 -0.531333327293396 -0.591333389282227 -0.192000031471252 0.369333297014236 0.604666650295258 0.096666693687439 -0.688000023365021 -0.718666613101959 -0.654666602611542 -0.639999985694885 -0.957333266735077 -0.671333253383636 -0.388666659593582 -0.62800008058548 -0.791999936103821 -0.687333405017853 -0.749333322048187 -0.819999992847443 -0.827999949455261 -0.849333345890045 -0.8253333568573
