model/data/bioclim/bclim5.asc
NCOLS 300 
NROWS 300 
XLLCORNER -125.25 
YLLCORNER 30.75 
CELLSIZE 0.0416666666666667 
NODATA_value -3.4e+38 
[rows 110 to 131 of 300, columns 196 to 244 of 300]
28.8880004882812 25.4640007019043 23.5359992980957 24.4559993743896 25.6480007171631 27.4599990844727 28.9079990386963 29.4200000762939 29.3719997406006 27.8320007324219 26.1319999694824 25.0639991760254 26.431999206543 28.3640003204346 29.984001159668 29.503999710083 27.6119995117188 24.7240009307861 24.8799991607666 24.8199996948242 29.3759994506836 31.4559993743896 31.0599994659424 30.1760005950928 31.3239994049072 32.1319999694824 31.8640003204346 31.3600006103516 29.8920001983643 29.8840007781982 30.8600006103516 32.7280006408691 33.939998626709 34.4599990844727 34.5400009155273 34.2960014343262 34.2000007629395 34.3440017700195 33.0999984741211 29.9080009460449 30.003999710083 30.7840003967285 29.8360004425049 31.2600002288818 32.5999984741211 32.9759979248047 32.9879989624023 33.0359992980957 32.5880012512207
28.0279998779297 26.1280002593994 26.6119995117188 27.3040008544922 27.6200008392334 28.3920001983643 29.2280006408691 29.3039989471436 28.8400001525879 27.2080001831055 26.1240005493164 27.0319995880127 27.2919998168945 28.6959991455078 29.9519996643066 28.3920001983643 27.4720001220703 27.3479995727539 27 26.4400005340576 30.9440002441406 32.3279991149902 32.1599998474121 32.0439987182617 32.3199996948242 32.1640014648438 30.8519992828369 30.3439998626709 30.2239990234375 29.8159999847412 31.0520000457764 33.3600006103516 34.3839988708496 34.6080017089844 34.2719993591309 34.1720008850098 34.2200012207031 34.1080017089844 31.7480010986328 28.6119995117188 28.7320003509521 29.7560005187988 30.0359992980957 31.07200050354 31.5679988861084 32.2960014343262 32.9599990844727 33.068000793457 32.7719993591309
27.1439990997314 26.5639991760254 27.8400001525879 29.1200008392334 28.9720001220703 28.6959991455078 29.2000007629395 29.0160007476807 27.8479995727539 26.0240001678467 28.0279998779297 29.1639995574951 28.6000003814697 28.3600006103516 29.8279991149902 29.1480007171631 28.0400009155273 29.2479991912842 30.2719993591309 31.7360000610352 32.9519996643066 33.1199989318848 32.7000007629395 32.6839981079102 32.6559982299805 32.5120010375977 31.7439994812012 30.8159999847412 30.8199996948242 30.7240009307861 32.4720001220703 34.023998260498 34.3079986572266 34.2039985656738 33.9640007019043 33.8680000305176 33.7080001831055 33.1599998474121 28.6079998016357 27.4039993286133 28.2719993591309 28.6800003051758 28.996000289917 29.7639999389648 32 32.5120010375977 33.1640014648438 33.2879981994629 33.1040000915527
27.5 27.6000003814697 28.9400005340576 30.1599998474121 29.8159999847412 29.0879993438721 28.6439990997314 27.6879997253418 25.9759998321533 26.4120006561279 28.8519992828369 30.511999130249 30.0559997558594 29.4440002441406 29.8360004425049 28.8880004882812 28.6800003051758 31.0359992980957 32.6840019226074 33.2799987792969 33.5400009155273 33.0480003356934 31.568000793457 32.4360008239746 32.7200012207031 32.8320007324219 32.5400009155273 31.9120006561279 31.7520008087158 32.7680015563965 34.060001373291 34.6959991455078 34.3880004882812 34.3880004882812 34.3320007324219 34.060001373291 33.6759986877441 33.068000793457 29.0960006713867 27.0240001678467 26.7679996490479 28.5839996337891 29.4680004119873 30.8159999847412 32.6800003051758 33.2639999389648 33.3800010681152 33.4039993286133 33.3160018920898
28.2639999389648 29.3239994049072 30.1159992218018 30.3640003204346 29.7159996032715 28.4440002441406 28.1560001373291 26.5879993438721 27.1919994354248 28 29.8320007324219 30.9519996643066 29.6679992675781 28.9440002441406 28.4559993743896 27.3560009002686 27.7320003509521 31.5399990081787 33.2840003967285 33.6199989318848 33.5040016174316 33.0839996337891 32.2120018005371 32.7159996032715 32.9119987487793 33.0639991760254 32.992000579834 33.2000007629395 32.4199981689453 33.6759986877441 34.8120002746582 34.8479995727539 34.3919982910156 34.4400024414062 34.4879989624023 34.3959999084473 34.0839996337891 33.5999984741211 30.423999786377 26.4479999542236 27.0440006256104 28.5399990081787 30.8959999084473 32.0200004577637 32.947998046875 33.439998626709 33.4200019836426 33.423999786377 33.3600006103516
29.8880004882812 30.6119995117188 30.8560009002686 29.7159996032715 28.0559997558594 27.2639999389648 27.1240005493164 26.5559997558594 26.1560001373291 28.1719989776611 30.3320007324219 31.1879997253418 29.8239994049072 29.1840000152588 28.011999130249 27.576000213623 28.4120006561279 31.7239990234375 33.2999992370605 33.4519996643066 33.4799995422363 33.2120018005371 32.0200004577637 32.5839996337891 33 33.2319984436035 33.423999786377 33.4000015258789 33.4640007019043 34.8680000305176 35.1479988098145 34.9280014038086 34.2680015563965 34.0800018310547 34.2519989013672 34.4360008239746 34.1679992675781 33.1160011291504 30.2639999389648 27.7119998931885 26.6240005493164 28.6720008850098 31.6319999694824 32.6720008850098 33.1840019226074 33.4879989624023 33.5400009155273 33.5639991760254 33.3959999084473
31.2399997711182 31.3799991607666 31.1520004272461 29.7040004730225 27.4400005340576 25.9200000762939 26.1919994354248 25.6919994354248 25.8360004425049 28.3880004882812 30.4839992523193 31.492000579834 31.0799999237061 29.9759998321533 27.4839992523193 27.6800003051758 28.6800003051758 31.7040004730225 33.3320007324219 33.8120002746582 33.939998626709 32.8759994506836 31.7280006408691 32.568000793457 33.1440010070801 33.2319984436035 32.9160003662109 33.5880012512207 34.5279998779297 35.2119979858398 35.1679992675781 35.0039978027344 34.4599990844727 34.1520004272461 34.0960006713867 34.3079986572266 33.1040000915527 30.6560001373291 28.2280006408691 27.5480003356934 28.7040004730225 30.6879997253418 32.3439979553223 33.1199989318848 33.4200019836426 33.5439987182617 33.439998626709 33.2840003967285 33.023998260498
31.7919998168945 31.7240009307861 31.4680004119873 30.5279998779297 28.6040000915527 26.6040000915527 25.3159999847412 25.1319999694824 26.2639999389648 28.2040004730225 30.7000007629395 31.6560001373291 31.5599994659424 30.2320003509521 27.3199996948242 26.9599990844727 28.2360000610352 31.7600002288818 33.6800003051758 34.2560005187988 34.4000015258789 34.0480003356934 32.8359985351562 31.9519996643066 32.7039985656738 33.1240005493164 32.2000007629395 33.052001953125 35.2560005187988 35.3600006103516 35.3240013122559 35.1119995117188 34.8320007324219 34.4480018615723 34.1920013427734 33.7280006408691 31.003999710083 26.7399997711182 25.6679992675781 28.2560005187988 30.1639995574951 31.8080005645752 32.8600006103516 33.4039993286133 33.5999984741211 33.4039993286133 33.0999984741211 32.9879989624023 32.9959983825684
32.0319976806641 31.9599990844727 31.6679992675781 30.9640007019043 29.6599998474121 28.7800006866455 28.2280006408691 27.9080009460449 28.9519996643066 29.5279998779297 31.511999130249 31.923999786377 31.9839992523193 30.9440002441406 28.0559997558594 27.7880001068115 29.068000793457 31.8319988250732 33.9039993286133 34.2760009765625 34.3600006103516 34.2760009765625 33.6080017089844 31.7760009765625 33.0559997558594 33.6959991455078 33.4039993286133 34.0719985961914 35.4119987487793 35.5279998779297 35.3720016479492 34.9519996643066 34.9120025634766 34.6800003051758 34.2439994812012 33.2439994812012 29.9440002441406 24.4080009460449 25.57200050354 29.9400005340576 31.7199993133545 32.7639999389648 33.2599983215332 33.2519989013672 33.7880020141602 33.5719985961914 33.3079986572266 33.0999984741211 32.5800018310547
32.1640014648438 31.9639987945557 31.3880004882812 30.3040008544922 29.1679992675781 29.3680000305176 29.9360008239746 30.2919998168945 31.0919990539551 31.431999206543 32.2560005187988 32.1599998474121 32.431999206543 31.6399993896484 30.0359992980957 29.3999996185303 30.7119998931885 32.6360015869141 34.1640014648438 34.3559989929199 34.3040008544922 33.9599990844727 33.7919998168945 32.9360008239746 32.7080001831055 33.7319984436035 34.7919998168945 35.0320014953613 35.423999786377 35.6040000915527 35.3800010681152 34.9640007019043 34.9119987487793 34.1520004272461 32.9199981689453 31.8400001525879 28.4400005340576 24.2320003509521 27.7719993591309 31.7999992370605 33.0919990539551 33.3600006103516 33.1199989318848 33.3680000305176 33.8759994506836 33.8079986572266 33.5200004577637 32.9160003662109 32.2840003967285
32.2360000610352 31.7199993133545 30.6639995574951 29.3719997406006 28.496000289917 29.2719993591309 30.1840000152588 30 31.2080001831055 31.8799991607666 32.3680000305176 32.3880004882812 32.5879974365234 32.1279983520508 31.07200050354 30.1919994354248 31.9079990386963 33.576000213623 34.2999992370605 34.5519981384277 34.4799995422363 34.0400009155273 33.507999420166 32.7480010986328 33 34.3800010681152 35.2560005187988 35.5040016174316 35.6279983520508 35.6520004272461 35.423999786377 34.8199996948242 33.7480010986328 30.5919990539551 28.8759994506836 28.5520000457764 26.507999420166 26.6480007171631 30.2199993133545 32.7560005187988 33.4519996643066 33.4519996643066 32.4119987487793 33.0320014953613 33.7919998168945 33.8920021057129 33.6920013427734 33.1959991455078 32.6079978942871
32.4679985046387 31.4720001220703 30.4039993286133 29.2040004730225 29.8959999084473 29.7000007629395 30.8759994506836 30.5559997558594 30.9360008239746 32.0279998779297 32.4200019836426 32.6279983520508 32.6759986877441 32.560001373291 31.8680000305176 30.6480007171631 31.7560005187988 33.7200012207031 34.2960014343262 34.4679985046387 34.2319984436035 33.9080009460449 34.0919990539551 34.2960014343262 35.0200004577637 35.3199996948242 35.3920021057129 35.4640007019043 35.3680000305176 35.2119979858398 34.5320014953613 32.5480003356934 29.9720001220703 26.5160007476807 26.2999992370605 26.7759990692139 26.9360008239746 29.5359992980957 31.9479999542236 33.4080009460449 33.6640014648438 33.4280014038086 33.4759979248047 33.5559997558594 33.5719985961914 33.4000015258789 33.5240020751953 33.6479988098145 32.6399993896484
32.8440017700195 32.2360000610352 31.4759998321533 30.6359996795654 30.4360008239746 31.2399997711182 31.496000289917 30.57200050354 30.7040004730225 31.9160003662109 32.484001159668 32.6840019226074 32.7000007629395 32.5279998779297 31.923999786377 30.7880001068115 31.0599994659424 33.2719993591309 34.0439987182617 34.2200012207031 33.4879989624023 32.3919982910156 33.3720016479492 34.5639991760254 35.2599983215332 35.423999786377 35.4720001220703 35.2280006408691 34.507999420166 33.8559989929199 31.5799999237061 28.0440006256104 27.2360000610352 24.8680000305176 27.3479995727539 28.8199996948242 29.4200000762939 31.5440006256104 33.1240005493164 34.0279998779297 33.7999992370605 32.9360008239746 33.552001953125 33.8880004882812 32.7919998168945 32.1080017089844 32.523998260498 33.4360008239746 33.6720008850098
33.0799980163574 33.0960006713867 32.7599983215332 31.9120006561279 31.2479991912842 31.8840007781982 32.2639999389648 31.2719993591309 31.0960006713867 31.8360004425049 32.4879989624023 32.6640014648438 32.6360015869141 32.2519989013672 31.0520000457764 29.568000793457 30.3400001525879 32.4199981689453 33.7319984436035 33.6640014648438 32.2200012207031 31.511999130249 32.5639991760254 34.2719993591309 35.2639999389648 35.4360008239746 35.3720016479492 34.5400009155273 32.939998626709 32.0960006713867 29.8360004425049 26.6199989318848 24.6560001373291 26.6000003814697 29.0839996337891 29.935998916626 31.7080001831055 32.9679985046387 33.8040008544922 34.2080001831055 33.7919998168945 32.9679985046387 33.6520004272461 33.9040031433105 33.5880012512207 32.3320007324219 31.5839996337891 32.1679992675781 32.8919982910156
33.2000007629395 33.3320007324219 33.2919998168945 32.7519989013672 31.6159992218018 32.1599998474121 32.6479988098145 31.7159996032715 31.3120002746582 32.0279998779297 32.7519989013672 32.8440017700195 32.431999206543 31.2479991912842 29.996000289917 29.1480007171631 29.3719997406006 32.2600021362305 33.3400001525879 32.923999786377 31.4640007019043 31.0839996337891 32.2120018005371 34.0999984741211 35.2080001831055 35.4280014038086 35.3880004882812 34.4519996643066 32.5559997558594 30.6359996795654 28.4440002441406 25.8999996185303 26.2760009765625 29.3719997406006 31.2479991912842 32.2239990234375 33.2480010986328 33.8919982910156 34.2159996032715 34.2760009765625 33.7560005187988 33.9039993286133 33.9720001220703 33.8800010681152 33.931999206543 33.3680000305176 31.92799949646 29.488000869751 30.488000869751
33.3400001525879 33.4120025634766 33.4000015258789 33.3080024719238 32.8400001525879 32.8880004882812 33.0559997558594 32.7760009765625 32.5400009155273 32.7360000610352 32.9280014038086 32.5559997558594 31.3959999084473 29.1480007171631 26.1679992675781 26.2520008087158 29.507999420166 32.1679992675781 33.060001373291 32.8320007324219 31.7639999389648 30.0879993438721 31.3239994049072 33.7519989013672 34.984001159668 35.2280006408691 35.5040016174316 34.568000793457 32 29.5279998779297 29.011999130249 26.996000289917 28.5240001678467 30.496000289917 31.8640003204346 32.9440002441406 33.576000213623 34.0519981384277 34.3199996948242 34.3079986572266 33.9519996643066 33.6599998474121 34.0639991760254 34.0880012512207 34.1079978942871 33.6040000915527 32.0919990539551 29.3479995727539 28.8320007324219
33.4680023193359 33.4599990844727 33.3680000305176 33.3680000305176 32.6199989318848 32.8880004882812 33.2439994812012 33.2039985656738 33.1199989318848 33.1440010070801 32.6720008850098 31.6000003814697 30.3120002746582 28.3279991149902 25.988000869751 25.6520004272461 29.1480007171631 31.6399993896484 32.4799995422363 32.3880004882812 31.6319999694824 30.0279998779297 30.7239990234375 33.4679985046387 34.6839981079102 34.7600021362305 35.1639976501465 34.2039985656738 31.5960006713867 29.2919998168945 30.2719993591309 30.6079998016357 31.6159992218018 32.0960006713867 32.5800018310547 32.8919982910156 33.5200004577637 34.007999420166 34.1920013427734 33.8759994506836 33.568000793457 34.0399971008301 34.0879974365234 34.1679992675781 34.2319984436035 33.523998260498 32 29.492000579834 28.7439994812012
33.4560012817383 33.431999206543 33.4000015258789 33.4599990844727 32.8400001525879 32.9879989624023 33.3720016479492 33.1640014648438 33.1879997253418 33.2239990234375 32.560001373291 31.2880001068115 29.57200050354 27.0839996337891 26.5639991760254 25.488000869751 27.8159999847412 30.435998916626 31.8159999847412 32.1199989318848 31.9119987487793 30.8799991607666 30.1240005493164 32.8199996948242 35.0040016174316 35.576000213623 35.4599990844727 33.7919998168945 30.8040008544922 30.7080001831055 32.2879981994629 33.3479995727539 33.7159996032715 33.6640014648438 32.6959991455078 30.6319999694824 32.6599998474121 33.6080017089844 33.4160003662109 32.4360008239746 32.4959983825684 33.9360008239746 33.9480018615723 34.1959991455078 34.3040008544922 33.439998626709 32.1559982299805 31.7959995269775 30.92799949646
32.7840003967285 33 33.4120025634766 33.4560012817383 33.4799995422363 33.4360008239746 33.4200019836426 33.2480010986328 33.2880020141602 33.3920021057129 33.0279998779297 32.2080001831055 30.9120006561279 29.8840007781982 29.076000213623 27.5920009613037 27.1159992218018 29.2320003509521 31.1079998016357 31.9879989624023 32.2840003967285 31.6280002593994 29.576000213623 31.5359992980957 34.6559982299805 35.6160011291504 35.0799980163574 33.3520011901855 31.8159999847412 32.8439979553223 34.0040016174316 34.576000213623 34.6440010070801 34.3159980773926 32.7519989013672 28.92799949646 31.6720008850098 32.939998626709 32.431999206543 30.4160003662109 31.6359996795654 33.6640014648438 33.5200004577637 33.8400001525879 34.1279983520508 32.6240005493164 31.9120006561279 32.9119987487793 33.2799987792969
32.3320007324219 32.6240005493164 33.4000015258789 33.4560012817383 33.515998840332 33.4799995422363 33.4640007019043 33.492000579834 33.4280014038086 33.484001159668 33.4160003662109 32.9640007019043 32.2999992370605 31.6439990997314 30.8840007781982 30.0240001678467 28.1280002593994 28.1639995574951 30.4519996643066 31.7919998168945 32.523998260498 32.1520004272461 29.6840000152588 31.1399993896484 34.1040000915527 35.1440010070801 34.3279991149902 32.9440002441406 33.3880004882812 34.1160011291504 34.7200012207031 35.0639991760254 35.0400009155273 34.7200012207031 33.560001373291 29.9519996643066 31.5599994659424 32.4440002441406 31.4120006561279 29.5359992980957 32.2239990234375 33.9160003662109 33.7400016784668 33.7999992370605 33.923999786377 32.6119995117188 32.4160003662109 33.5559997558594 34.3919982910156
32.8120002746582 32.6079978942871 33.1520004272461 32.9560012817383 32.560001373291 32.6119995117188 33.1040000915527 33.3800010681152 33.4799995422363 33.5599975585938 33.576000213623 33.3440017700195 32.9039993286133 32.5279998779297 32.1279983520508 31.4160003662109 29.8800010681152 27.8799991607666 29.1280002593994 31.3400001525879 32.4000015258789 32.8520011901855 32.1199989318848 32.8040008544922 34.1640014648438 34.7879981994629 34.1640014648438 33.2080001831055 33.2879981994629 34.1959991455078 34.8479995727539 35.1559982299805 35.2239990234375 35.076000213623 34.423999786377 30.9799995422363 31.6200008392334 31.5240001678467 31.4400005340576 31.4440002441406 33.1759986877441 34.1359977722168 34.2519989013672 33.9360008239746 33.9599990844727 34.0519981384277 33.1679992675781 34.2319984436035 35.1959991455078
32.7120018005371 33.0719985961914 33.0919990539551 32.2480010986328 31.2280006408691 31.2280006408691 32.3160018920898 32.9519996643066 33.3359985351562 33.515998840332 33.5279998779297 33.4080009460449 33.1160011291504 32.8920021057129 32.6599998474121 32.1599998474121 31.0879993438721 28.8799991607666 28.1919994354248 30.7800006866455 32.1920013427734 32.992000579834 33.4799995422363 33.8440017700195 34.2400016784668 34.3279991149902 33.5559997558594 32.4160003662109 33.0919990539551 34.052001953125 34.7560005187988 35.068000793457 35.2039985656738 35.0480003356934 34.5880012512207 32.8800010681152 31.8080005645752 31.2320003509521 31.7399997711182 31.9559993743896 33.2239990234375 33.8759994506836 34.0800018310547 33.4879989624023 33.8439979553223 34.4160003662109 34.8199996948242 35.3759994506836 35.2080001831055
