model/data/bioclim/bclim16.asc
NCOLS 300 
NROWS 300 
XLLCORNER -125.25 
YLLCORNER 30.75 
CELLSIZE 0.0416666666666667 
NODATA_value -3.4e+38 
[rows 74 to 110 of 300, columns 168 to 251 of 300]
54 58 59 56 56 57 57 57 62 72 85 69 68 64 64 69 69 68 82 106 115 102 103 97 86 80 82 83 95 117 114 101 88 86 91 86 91 96 104 109 134 121 104 93 90 87 87 88 88 89 99 109 131 111 92 90 91 98 97 94 96 104 123 144 147 107 99 98 102 116 114 108 102 103 101 96 92 88 90 99 132 117 110 83
52 53 53 53 55 56 56 60 65 77 78 63 62 60 61 64 66 72 78 93 95 87 88 91 84 87 88 89 104 125 103 89 90 98 93 94 102 110 102 95 115 111 94 89 89 88 89 90 91 93 103 110 123 102 97 101 99 96 98 92 96 103 121 149 135 97 97 97 98 104 113 109 99 96 94 87 87 87 89 98 136 139 125 85
49 52 53 53 54 57 64 71 73 84 69 55 57 60 61 62 71 86 81 80 82 83 81 82 86 89 89 99 110 106 89 87 101 112 103 109 125 120 97 96 97 102 98 99 97 97 94 91 93 99 105 109 121 97 103 105 98 110 110 92 92 99 109 132 119 96 95 95 96 104 110 104 94 94 96 87 84 85 87 96 137 132 103 79
48 50 54 55 59 72 87 80 75 76 57 54 55 58 61 68 92 100 81 80 81 83 83 84 85 86 91 106 107 89 87 89 96 106 109 112 118 115 95 101 96 109 122 119 107 97 95 92 94 98 102 113 115 97 105 104 97 127 123 94 91 96 102 107 106 101 96 94 99 109 102 93 92 97 98 87 85 85 87 96 132 120 89 76
47 50 55 59 68 89 83 69 63 55 56 53 53 56 61 69 89 93 78 80 83 81 84 86 84 88 96 101 91 89 89 92 98 109 108 102 102 103 104 98 96 114 126 112 100 97 97 98 101 100 101 113 99 104 105 103 93 121 131 97 91 92 96 105 126 119 99 96 105 107 97 86 92 102 92 83 83 84 89 108 144 101 79 77
47 50 56 66 75 70 58 51 52 53 54 53 55 58 61 66 75 80 77 81 83 83 86 94 97 99 93 95 91 92 95 96 102 116 111 100 97 100 104 99 103 116 130 115 104 111 116 114 119 108 107 113 100 104 106 102 90 106 130 97 91 91 96 105 127 121 103 106 99 92 85 88 95 91 87 82 83 88 93 113 118 84 78 79
47 53 63 73 76 55 49 51 54 55 52 52 56 60 65 63 66 73 77 81 82 85 93 101 105 98 95 93 98 100 98 101 112 120 113 99 99 106 106 103 124 125 119 115 116 141 147 137 124 110 109 109 99 107 99 93 90 105 133 109 91 90 91 99 113 118 99 94 86 83 85 107 96 85 85 82 90 102 97 94 83 77 76 76
49 60 75 78 68 53 50 49 49 51 50 54 60 62 70 69 72 75 80 82 84 87 96 110 110 108 108 94 103 107 110 115 120 126 111 103 98 97 102 103 124 125 110 118 126 137 143 134 119 107 110 108 95 91 88 92 94 107 142 120 88 84 84 86 97 101 96 86 82 82 89 115 91 83 83 86 97 116 95 89 81 75 74 75
51 66 63 59 51 48 49 48 48 50 52 60 68 70 73 82 90 84 84 83 86 89 100 110 122 120 111 97 108 121 127 129 133 130 118 105 102 102 99 111 131 121 110 117 132 136 126 123 118 115 106 100 93 90 89 94 97 107 135 108 88 84 85 90 101 100 97 83 82 81 84 92 83 84 83 86 102 120 97 89 94 75 75 75
60 66 53 48 46 45 48 48 49 52 58 70 86 83 76 84 94 92 96 90 89 91 98 114 115 102 97 104 114 126 137 135 139 130 118 106 100 99 105 131 130 110 105 108 119 125 111 106 105 105 102 97 90 89 88 94 98 107 127 95 97 93 90 94 102 99 90 83 84 83 83 95 86 84 83 90 109 112 97 92 107 91 75 74
69 53 47 47 50 47 48 49 52 60 69 83 99 91 78 77 79 86 107 96 91 94 103 120 111 95 97 107 120 132 144 145 129 115 108 104 99 99 122 134 121 104 101 103 103 105 103 104 102 99 102 98 93 94 95 98 98 112 114 90 104 94 109 115 97 90 85 81 83 84 100 123 96 84 82 86 99 89 92 112 121 113 75 74
64 48 46 47 50 48 48 52 59 72 97 98 89 78 77 79 76 88 114 102 98 96 103 120 106 97 104 112 122 135 143 137 117 111 109 107 100 106 122 124 105 100 98 98 98 98 97 97 98 96 99 97 98 100 100 100 97 115 118 92 104 90 112 112 96 89 82 84 84 85 107 119 94 83 81 81 82 83 103 129 131 100 74 74
65 50 47 48 48 50 56 66 71 82 100 88 72 76 84 79 76 96 125 114 106 101 102 113 100 97 103 113 128 139 137 132 118 110 107 111 115 125 123 117 101 97 97 97 97 97 97 95 93 93 97 107 100 100 101 95 98 113 119 90 107 96 106 105 93 86 82 83 83 86 100 113 95 83 80 79 79 83 103 121 111 83 74 73
74 54 47 48 48 54 71 94 101 103 96 76 70 82 76 71 77 93 110 110 103 102 105 108 101 98 103 114 128 131 131 127 119 116 118 124 129 129 119 107 96 95 96 96 94 97 95 100 95 92 94 99 100 96 97 96 103 122 136 97 98 101 86 83 84 86 82 82 82 84 88 94 93 84 80 77 79 80 94 98 81 73 72 72
69 50 46 47 49 55 77 104 104 86 69 65 66 69 70 76 83 89 95 97 100 103 107 106 102 106 101 108 128 128 122 118 116 117 123 133 129 113 102 98 95 96 99 96 93 92 94 94 91 94 99 100 96 100 99 99 110 127 124 91 90 90 83 81 85 92 86 83 82 84 87 92 94 84 81 78 79 80 101 89 74 71 71 72
57 49 46 48 51 58 76 109 103 75 64 65 65 69 78 94 97 90 90 95 103 106 101 99 96 98 100 108 127 126 119 119 113 112 117 118 107 100 99 96 96 94 93 93 91 90 90 90 90 96 107 112 104 99 105 107 108 114 108 90 94 86 82 82 85 89 85 85 84 85 89 96 101 98 91 80 78 87 106 89 73 71 71 72
52 47 47 50 57 64 74 83 84 67 64 67 69 78 98 100 90 84 88 95 104 102 98 94 96 97 98 113 131 128 121 113 103 103 110 111 102 99 98 97 94 95 96 97 93 89 88 89 90 97 106 106 107 111 116 113 115 103 90 86 84 83 82 83 86 89 90 88 91 90 94 93 95 98 88 89 98 101 108 103 74 72 71 71
50 47 47 55 62 65 65 69 66 63 72 91 84 87 104 88 82 83 85 90 104 99 92 93 96 94 98 121 130 128 119 109 96 94 103 101 101 97 96 96 96 104 108 106 97 88 86 88 90 95 107 108 112 125 122 108 112 96 86 86 85 86 84 84 85 89 96 96 95 91 88 83 82 83 88 101 110 116 101 109 92 79 70 72
48 48 48 56 62 62 60 64 60 62 74 104 105 92 85 79 78 80 85 86 97 92 91 90 92 95 106 128 130 123 106 92 89 90 91 92 98 96 97 96 103 114 126 119 100 88 85 88 90 91 96 100 108 112 103 95 95 91 85 83 85 90 85 85 87 89 101 99 94 93 85 82 78 83 91 104 96 101 92 83 105 87 72 80
46 46 48 50 57 57 58 58 56 59 73 108 106 93 85 77 76 80 86 86 88 87 90 88 90 99 116 129 129 108 92 85 85 84 85 88 95 94 94 99 109 120 128 117 98 85 84 86 87 89 92 103 101 90 91 90 87 86 84 81 87 91 83 84 87 91 103 94 89 90 85 82 80 82 88 108 92 91 92 78 78 75 72 94
46 47 47 48 52 53 53 55 55 61 68 94 101 96 92 75 79 88 90 84 90 87 85 84 90 110 125 134 118 90 82 81 80 83 90 94 94 92 91 91 102 113 111 109 90 83 83 84 87 87 89 103 92 85 87 86 85 81 80 81 86 85 83 84 89 93 100 100 91 103 86 83 84 84 87 110 101 87 86 81 78 77 75 99
45 48 50 49 51 51 52 54 58 59 65 84 93 88 86 71 74 85 80 81 89 90 84 84 98 120 126 128 102 80 80 81 79 82 92 103 96 90 90 91 95 108 103 110 89 82 82 83 83 81 81 83 83 80 80 80 81 79 84 83 83 83 82 87 110 116 114 111 98 108 87 85 84 83 90 102 99 94 90 88 87 81 80 104
47 52 60 56 55 54 54 59 64 61 63 75 90 81 69 69 69 74 82 86 89 86 81 86 100 120 117 108 83 74 76 81 78 88 96 104 98 87 90 90 103 104 108 100 84 82 82 82 92 85 78 81 81 78 78 77 78 78 80 81 81 82 83 86 112 123 115 115 106 109 88 83 82 80 90 99 92 94 100 103 93 86 82 94
47 56 61 59 57 55 56 61 66 64 65 72 75 71 67 68 71 87 99 103 93 82 84 94 110 126 119 90 74 69 74 77 81 95 102 103 91 82 85 85 95 98 104 91 85 80 81 96 106 88 80 77 77 77 76 75 75 77 79 79 80 81 84 77 88 104 103 105 112 104 89 82 81 80 84 88 84 86 100 115 100 92 88 88
49 51 52 55 56 55 56 59 61 62 65 67 67 67 67 69 82 98 110 101 89 80 86 100 117 127 111 78 70 74 75 73 84 104 106 98 88 79 81 78 81 88 108 102 90 79 81 112 109 85 74 72 73 76 77 77 76 76 77 77 77 80 79 76 80 90 98 106 108 103 100 88 84 83 82 82 82 87 109 134 111 96 85 82
50 52 52 54 53 54 57 58 60 59 62 65 65 65 67 74 97 101 91 81 71 76 88 109 121 106 73 73 75 72 67 72 86 103 107 102 93 80 77 75 78 86 100 104 102 85 87 114 95 73 69 68 68 71 75 81 81 77 76 75 75 77 75 76 80 87 94 115 111 100 105 98 91 85 82 79 80 84 101 131 124 97 85 83
50 51 51 54 52 52 54 54 56 55 57 62 62 62 67 83 103 92 72 69 70 77 95 108 106 72 67 73 69 64 65 72 81 103 116 113 93 78 74 75 77 84 97 110 107 96 88 103 86 71 67 67 69 70 77 93 93 80 74 70 70 73 74 75 77 84 91 107 108 101 104 97 90 84 84 79 77 78 89 121 131 101 85 84
48 47 51 52 50 49 51 54 56 52 55 65 65 62 65 76 101 84 69 68 69 81 100 114 91 63 65 63 65 63 66 75 88 107 112 105 81 72 71 73 78 89 103 102 86 91 83 89 85 70 67 67 67 68 74 89 90 78 70 68 69 71 72 71 72 80 93 107 102 99 94 90 83 81 77 75 73 75 84 111 118 97 86 83
43 44 48 49 49 49 49 52 52 51 61 70 64 60 62 69 78 74 66 67 74 95 114 106 72 59 66 63 67 64 69 78 83 95 100 86 71 70 71 74 82 96 109 89 72 71 71 84 83 69 68 66 66 67 70 73 83 79 70 67 67 68 68 67 69 74 90 119 110 100 92 84 78 77 75 74 75 75 79 100 116 103 88 85
45 44 46 47 48 48 49 49 49 51 62 74 65 57 58 63 75 72 66 69 84 106 116 91 59 54 59 60 59 60 67 74 85 92 90 74 70 70 71 74 83 102 94 74 66 66 68 84 76 72 75 68 66 68 67 69 70 71 71 66 68 69 65 64 69 75 93 126 109 97 92 84 79 77 76 73 73 74 76 98 130 111 91 94
45 44 44 45 47 47 47 47 49 52 60 63 57 56 58 64 81 76 70 81 97 112 102 82 56 53 56 55 55 58 65 74 81 82 75 67 67 68 74 90 100 97 76 65 64 65 72 74 71 79 86 71 66 68 68 67 67 70 74 65 63 67 62 62 68 76 93 129 117 103 94 85 78 77 77 74 76 80 79 100 116 108 94 105
43 45 45 45 44 46 48 47 52 60 61 56 54 55 56 61 70 77 74 86 102 124 103 88 67 51 55 54 55 61 74 87 87 75 67 64 65 67 87 107 112 96 69 64 64 68 84 76 71 86 74 71 65 66 66 65 65 68 73 66 63 62 60 61 62 69 90 115 111 89 89 84 79 78 74 72 76 78 80 104 114 97 97 104
44 47 45 44 45 46 46 47 52 60 65 56 53 53 55 59 70 78 76 77 85 109 108 112 84 52 54 51 53 63 97 130 105 74 65 64 64 71 95 120 110 84 66 64 64 69 85 73 68 70 70 71 65 67 64 64 65 67 73 69 69 63 57 58 59 61 67 73 79 81 87 86 85 79 76 71 72 74 81 106 110 95 101 103
47 44 45 46 46 46 47 48 49 53 56 54 53 52 55 62 80 77 72 87 93 98 113 104 85 52 50 51 53 63 91 134 115 88 70 63 65 80 95 118 103 78 65 63 65 70 80 68 64 65 71 71 69 64 64 63 65 72 78 75 70 61 58 57 57 58 61 66 69 85 86 81 76 72 70 68 71 71 92 114 105 96 97 110
50 46 46 46 46 47 48 48 48 49 49 52 51 50 53 63 78 77 73 90 86 82 88 80 68 52 50 54 56 60 76 100 93 88 76 62 62 79 99 114 103 72 63 63 66 73 77 72 65 62 71 73 67 64 63 64 67 81 75 69 68 63 57 57 56 58 59 64 70 76 79 73 70 69 68 68 69 74 89 101 95 90 99 119
50 50 50 47 47 47 47 48 47 47 48 49 49 51 52 58 69 66 65 81 83 68 75 77 59 50 50 55 62 77 100 89 80 80 69 62 62 80 92 102 85 69 63 63 70 87 93 82 66 61 66 69 65 61 62 64 70 78 72 66 60 58 57 59 57 57 60 69 69 73 78 72 70 69 67 67 70 87 109 106 95 87 90 116
51 54 54 49 48 48 47 48 48 47 47 47 47 48 50 50 55 55 57 65 65 62 60 68 56 50 51 54 60 80 97 91 81 67 62 62 65 72 82 88 77 66 61 64 72 93 93 93 64 58 63 68 63 61 64 66 72 72 67 61 57 55 58 60 58 58 61 77 77 74 79 73 68 67 67 67 70 83 111 105 90 85 82 96
