model/data/bioclim/bclim9.asc
NCOLS 300 
NROWS 300 
XLLCORNER -125.250000000003 
YLLCORNER 30.7499999999996 
CELLSIZE 0.041666666666667 
NODATA_value -32768 
[rows 0 to 37 of 300, columns 172 to 257 of 300]
164 168 174 178 179 179 178 175 175 177 178 186 185 189 186 172 168 170 161 145 143 157 162 166 174 172 166 159 151 150 168 183 180 173 189 200 208 208 203 206 211 208 206 205 203 203 203 204 207 209 209 209 209 207 207 204 202 202 198 192 177 170 162 133 130 139 142 146 149 148 147 151 151 151 151 146 155 155 163 164 155 156 159 157 154 154
174 179 179 179 179 179 177 175 173 180 186 182 185 179 173 166 166 166 162 158 160 164 151 153 170 173 167 159 153 152 156 177 176 172 186 195 203 206 203 207 214 213 210 209 204 206 206 207 208 209 210 210 210 208 209 206 206 206 204 201 197 188 182 166 152 149 150 146 152 153 153 154 153 152 152 149 152 153 153 158 158 158 158 158 154 159
178 179 177 177 177 178 179 178 179 181 181 174 170 169 168 168 170 169 167 167 169 169 166 165 169 172 168 157 147 139 147 161 158 158 168 188 197 199 204 209 214 220 218 211 209 209 208 209 209 208 210 210 210 210 209 208 208 208 205 204 201 201 199 194 182 178 169 167 166 165 165 165 164 161 166 169 170 167 168 167 164 165 170 165 166 171
176 177 176 174 175 179 180 183 192 187 179 177 174 171 171 171 172 171 172 171 171 169 172 173 172 168 169 161 148 131 139 153 139 152 164 183 193 198 201 207 212 218 220 220 216 212 211 210 209 210 211 211 211 211 209 209 209 209 208 206 205 204 203 203 200 197 194 189 185 184 180 178 177 177 180 179 184 186 186 183 183 186 187 186 190 187
175 176 175 175 173 178 181 185 189 192 183 180 174 173 172 170 172 173 173 171 168 170 171 172 173 167 155 163 150 136 130 135 137 160 174 183 189 193 199 205 210 214 217 217 218 215 213 212 210 211 211 212 212 212 211 210 210 209 209 207 206 205 205 204 203 201 199 198 199 197 197 197 195 195 196 196 197 194 195 196 197 198 199 200 199 198
172 174 176 178 180 181 185 188 191 189 184 180 177 175 172 170 171 174 174 171 169 169 173 175 173 168 155 157 154 150 143 133 132 142 160 166 181 190 197 205 211 214 215 215 216 217 217 216 214 211 211 212 212 212 211 210 210 209 209 208 207 208 206 205 205 203 203 204 210 210 207 206 206 205 205 204 202 201 202 204 205 203 203 204 203 202
171 173 176 178 181 183 185 187 189 185 183 181 177 175 172 172 173 174 174 173 174 175 175 175 175 172 168 161 159 157 145 126 121 123 126 157 176 187 191 196 204 211 209 212 211 212 214 215 216 215 214 214 214 215 214 213 211 210 210 209 209 211 211 208 206 207 211 209 212 212 211 206 206 205 201 204 205 204 204 206 206 206 206 205 204 204
165 172 176 179 180 182 184 187 187 186 182 183 185 183 178 177 174 175 176 175 175 173 172 174 174 174 166 161 160 163 151 145 137 137 128 144 161 176 187 192 198 204 203 204 206 208 210 213 214 215 216 215 215 215 213 216 216 215 212 214 213 212 214 212 208 210 211 209 206 210 210 207 206 206 206 205 205 206 206 205 206 207 206 206 205 204
163 172 178 180 181 181 183 186 190 188 186 187 186 186 183 180 177 174 174 174 175 175 170 169 173 174 171 166 168 168 162 157 151 149 149 149 152 161 179 188 191 192 195 199 201 204 207 210 212 211 212 213 215 216 214 211 213 214 210 212 213 209 209 205 205 206 206 208 206 205 209 208 207 206 207 209 207 207 207 205 206 206 206 205 204 202
163 171 177 182 183 184 185 186 191 192 194 187 184 184 181 175 171 172 174 173 170 168 166 160 165 171 166 168 167 167 165 162 160 157 160 160 157 146 158 177 171 179 185 192 196 199 203 206 207 208 210 213 214 214 214 214 210 205 204 208 210 208 207 207 206 204 205 205 207 205 205 203 202 203 204 205 210 207 207 207 207 206 206 205 204 202
159 167 169 177 184 186 186 187 190 189 192 190 185 182 182 179 175 171 172 170 169 168 165 158 158 166 157 156 160 160 161 159 158 163 164 159 160 161 165 168 156 168 173 184 192 198 200 202 204 207 209 212 211 211 211 212 213 205 202 206 205 207 206 206 206 206 205 204 204 204 203 203 201 203 203 209 212 208 207 207 207 207 206 205 204 202
169 174 175 178 183 187 188 189 190 188 188 187 185 184 181 176 175 173 174 173 171 170 168 164 163 162 148 140 141 153 151 150 149 158 159 158 151 153 156 148 151 151 164 178 185 192 195 198 200 204 206 208 207 207 204 207 210 206 200 200 197 199 201 204 204 204 204 202 203 203 202 201 200 202 202 210 211 209 208 208 207 207 207 206 204 201
183 180 180 181 186 187 188 189 189 189 188 187 186 183 178 174 175 176 174 170 171 172 171 170 168 163 148 135 130 143 141 142 141 148 153 148 151 149 150 145 139 146 159 163 167 171 178 189 192 198 199 203 203 203 200 203 203 202 197 196 195 196 196 197 199 202 203 202 203 203 202 200 199 200 201 204 205 210 208 208 208 207 206 205 203 201
184 185 185 186 187 188 189 189 188 189 187 186 185 183 179 175 175 173 172 175 171 172 171 169 168 164 157 150 144 142 137 139 139 144 149 145 150 151 145 144 146 144 148 150 149 156 169 175 185 187 191 196 196 198 197 197 195 195 193 192 191 191 192 192 191 193 196 199 201 202 202 200 197 198 199 201 203 208 210 209 208 207 206 205 203 201
182 184 186 188 188 188 189 189 188 188 186 185 184 184 182 178 173 165 167 172 175 172 169 169 168 166 165 161 155 150 145 142 143 151 151 149 151 149 144 144 146 148 148 149 153 160 164 168 176 180 180 185 186 187 192 193 192 193 191 189 186 185 186 189 190 190 191 191 193 196 197 199 199 196 196 198 201 203 208 206 204 205 207 205 204 203
183 183 187 188 188 187 187 186 186 188 185 181 181 182 179 176 173 168 168 171 174 173 170 169 170 168 165 162 159 155 153 152 154 159 160 155 152 150 148 147 147 147 148 150 154 153 154 162 169 176 173 174 177 180 184 188 190 190 190 188 186 185 185 186 187 187 188 190 189 189 192 191 194 196 195 195 199 200 200 198 197 199 200 201 201 201
184 184 186 188 188 186 182 180 181 187 187 184 180 177 176 174 172 170 169 168 169 174 173 172 171 169 166 160 158 158 156 156 159 158 156 154 154 152 151 150 149 150 150 148 151 152 153 159 166 171 170 168 172 175 178 181 184 187 187 187 186 186 186 186 186 185 183 184 187 188 186 189 190 193 194 195 195 196 196 195 193 194 195 196 196 197
182 183 185 187 186 184 181 172 173 184 187 183 179 173 172 172 169 168 168 168 170 175 176 171 171 164 163 153 154 156 156 158 157 159 161 159 157 152 151 151 151 151 150 148 151 152 152 157 160 165 168 168 168 170 173 177 179 182 184 185 184 182 183 182 183 182 181 180 180 182 186 185 185 185 190 193 194 194 194 193 192 191 191 191 191 192
182 182 186 186 185 179 179 174 173 184 184 179 171 168 169 169 168 167 168 170 174 169 171 171 170 162 156 150 147 150 159 162 161 164 162 160 155 153 149 148 151 152 152 153 153 152 151 151 154 156 164 166 167 167 169 174 176 175 178 184 182 179 180 180 180 179 178 177 177 179 181 183 183 185 187 190 191 192 191 190 188 186 185 186 186 186
180 177 183 180 181 180 177 177 174 181 174 170 168 166 167 168 169 170 169 169 175 172 170 169 168 164 159 152 142 140 148 153 162 166 165 161 159 157 153 152 152 153 154 152 152 150 150 149 150 152 158 161 164 167 168 170 173 174 176 178 177 174 172 176 179 179 178 174 172 176 178 180 182 184 184 186 187 189 188 187 185 183 181 184 185 183
178 176 175 170 169 179 176 174 172 172 169 166 166 165 165 167 169 168 167 166 170 168 168 170 167 161 157 153 149 151 150 153 163 170 168 163 162 161 160 157 154 154 153 153 153 151 148 148 147 149 153 159 162 165 167 170 172 171 173 176 175 172 169 171 171 176 175 174 172 173 175 177 178 181 181 181 182 183 185 184 183 182 182 182 183 183
166 166 167 169 153 168 171 174 167 162 164 164 164 163 163 166 167 168 167 167 169 166 165 165 169 163 159 159 166 167 162 161 167 170 170 166 160 160 159 159 157 155 152 153 154 154 150 149 146 147 150 158 162 162 163 168 169 170 175 173 173 173 171 169 169 172 173 172 172 170 169 173 176 177 178 178 179 179 180 181 181 182 182 182 182 182
150 148 162 165 156 154 166 171 164 155 150 160 162 162 162 163 165 167 168 167 166 166 166 165 165 165 166 164 165 171 167 162 162 170 168 166 161 161 162 159 158 155 153 154 156 157 155 154 153 149 150 155 160 162 163 165 166 174 177 171 171 171 170 170 168 168 169 170 170 169 168 170 173 174 173 175 174 175 176 176 177 179 181 181 181 179
141 137 165 172 170 161 165 173 167 156 148 157 159 159 160 161 163 164 166 165 165 165 166 165 163 163 162 166 173 173 167 165 163 169 169 165 163 165 163 160 157 155 154 156 158 158 158 155 152 150 150 152 158 161 161 164 164 171 167 170 169 169 169 168 167 163 165 167 167 166 166 165 167 167 169 169 170 172 173 173 175 176 178 179 178 174
145 138 162 170 174 176 174 175 169 157 148 155 156 157 156 157 158 159 161 163 163 162 163 164 163 163 163 163 171 166 165 166 166 167 171 169 167 168 164 162 158 155 154 158 159 159 158 156 152 149 150 149 152 158 160 165 163 167 163 164 166 168 166 165 164 163 163 164 166 165 162 161 164 164 164 164 167 168 169 172 174 176 177 177 176 173
142 134 146 153 171 177 179 178 167 156 154 150 153 155 152 152 154 155 157 161 160 161 160 161 161 164 165 167 173 170 166 165 166 167 170 168 164 165 163 162 160 156 155 157 159 160 159 157 150 147 148 148 148 153 157 161 161 167 160 160 162 164 164 162 161 161 161 163 164 163 160 157 159 160 161 163 167 166 165 170 174 175 174 172 169 168
137 132 134 130 157 175 180 180 172 157 160 147 149 150 150 148 150 155 158 158 159 160 160 160 161 164 165 164 168 170 168 166 165 165 165 165 162 162 163 164 162 158 155 158 158 160 160 154 146 144 147 147 148 150 155 160 160 165 157 156 159 160 161 159 160 161 161 162 163 163 160 158 158 159 157 156 153 151 149 169 172 170 166 157 157 161
144 141 137 133 153 175 180 180 176 170 166 147 145 148 150 149 152 155 156 156 159 160 161 162 164 165 166 166 168 164 167 168 165 165 167 164 163 163 166 164 162 157 154 158 157 159 160 150 141 139 142 145 147 152 153 154 155 161 158 153 156 157 159 159 159 160 159 161 164 163 160 157 156 155 152 144 141 137 149 171 171 169 159 149 156 159
164 164 162 159 152 165 181 181 177 175 170 159 146 147 150 151 153 154 154 156 159 161 162 164 165 166 167 169 168 164 166 170 166 167 170 168 167 167 167 166 161 156 153 158 159 159 159 147 139 136 137 140 144 149 153 152 151 154 159 152 154 156 155 158 158 157 157 158 161 161 160 154 150 144 140 135 133 137 164 172 171 168 160 151 160 164
170 170 165 170 169 170 179 182 180 178 175 169 155 155 152 150 153 150 153 156 158 161 161 163 164 166 168 169 165 165 166 167 169 166 168 170 170 168 167 165 160 156 154 157 160 160 158 148 134 130 132 137 137 141 147 147 149 151 159 151 152 152 151 153 156 156 155 155 157 156 154 147 138 133 133 133 140 143 164 166 172 168 167 161 165 166
167 165 163 163 172 175 181 182 182 180 178 174 167 164 160 159 154 149 151 153 157 162 163 164 166 168 170 169 163 164 166 166 166 169 166 164 162 160 159 158 157 155 153 156 160 159 159 153 135 128 129 138 140 134 137 141 145 153 156 149 145 146 145 147 149 148 147 147 148 148 143 135 123 136 138 142 145 138 158 164 169 169 172 170 168 163
155 160 163 170 173 176 181 182 183 182 179 172 165 162 149 155 161 155 153 155 158 159 162 164 166 168 169 169 167 162 163 166 166 169 169 167 165 163 161 159 158 156 156 158 160 159 158 156 146 140 134 137 138 132 129 141 144 157 148 140 134 134 138 142 138 137 141 135 137 140 137 126 127 142 146 153 145 145 153 161 168 173 173 171 166 159
154 157 168 173 170 171 172 183 185 182 178 165 152 154 147 145 150 152 145 152 156 159 161 164 165 167 168 168 168 167 165 166 167 169 170 168 167 165 163 161 160 159 159 159 160 156 155 150 149 144 138 135 133 131 133 139 141 153 154 145 133 125 129 138 130 123 134 121 121 127 130 128 134 144 153 155 147 150 149 156 168 174 173 171 166 152
150 148 166 171 168 166 168 187 186 182 177 162 151 141 136 141 144 147 132 147 155 160 161 163 165 167 168 168 168 169 169 169 169 170 170 169 167 166 164 162 162 162 162 161 159 154 146 140 143 144 148 144 141 130 127 140 146 147 146 153 146 136 121 130 104 111 134 118 112 125 134 139 146 147 158 149 149 146 148 160 170 172 167 169 166 154
147 155 167 172 172 177 180 188 186 183 175 159 139 136 140 144 149 152 139 146 154 157 159 162 165 167 168 169 169 168 169 169 170 170 170 169 168 167 165 164 164 164 165 163 160 155 144 132 134 139 145 148 146 142 137 139 141 138 132 146 144 117 114 123 111 105 121 111 114 133 145 149 152 157 160 152 145 134 149 164 172 161 145 162 163 148
156 159 174 176 179 189 190 189 186 182 173 162 143 141 147 151 154 157 149 149 155 158 161 163 164 166 168 169 169 169 170 170 170 170 170 169 168 168 167 166 166 166 167 165 161 156 143 129 132 141 146 150 146 143 140 141 138 134 129 131 145 112 125 112 111 102 109 118 129 144 151 154 157 160 156 158 152 138 149 165 170 161 145 159 157 153
166 176 182 184 190 193 192 189 183 176 164 148 132 146 155 152 147 153 155 155 157 160 161 163 164 166 167 169 169 169 170 171 171 171 170 169 168 168 167 167 166 167 168 165 161 156 143 131 124 139 149 148 144 139 144 142 140 142 134 143 147 138 135 124 125 117 115 129 141 149 153 155 158 153 143 148 155 161 167 165 154 148 144 160 160 155
178 182 186 192 194 194 192 188 176 161 145 127 127 140 154 156 149 151 153 159 163 161 160 162 165 167 167 168 169 170 171 171 171 171 171 170 169 168 168 168 168 166 167 165 161 152 122 134 138 143 138 137 136 142 147 146 145 143 134 138 144 150 136 131 134 120 124 138 148 151 153 157 157 149 138 148 156 165 167 153 138 137 144 151 157 160
