model/data/bioclim/bclim9.asc
NCOLS 300 
NROWS 300 
XLLCORNER -125.25 
YLLCORNER 30.75 
CELLSIZE 0.0416666666666667 
NODATA_value -3.4e+38 
[rows 88 to 109 of 300, columns 147 to 195 of 300]
22.4860000610352 22.6560001373291 22.7719993591309 22.6119995117188 22.2686672210693 22.0226669311523 21.945333480835 21.8986663818359 21.695333480835 21.2660007476807 21.046667098999 21.2013320922852 21.257999420166 21.1180000305176 20.6319999694824 20.6073341369629 20.8773326873779 21.1186656951904 19.9139995574951 18.2826671600342 17.6353340148926 18.0639991760254 20.8666667938232 22.1446666717529 22.0419998168945 21.6926670074463 20.6526660919189 18.5513343811035 16.1886672973633 15.6306667327881 16.9500007629395 18.7313327789307 19.6593341827393 19.3906669616699 19.2866668701172 19.5413341522217 19.716667175293 19.4946670532227 18.9993343353271 18.4846668243408 18.4519996643066 18.5160007476807 18.6639995574951 18.7533340454102 19.0953330993652 19.542667388916 19.5566673278809 19.7233333587646 19.5639991760254
22.4466667175293 22.7773323059082 22.7560005187988 22.3740005493164 22.0679988861084 21.8353328704834 21.5953330993652 21.4266662597656 21.1879997253418 20.9593334197998 20.9619998931885 20.9986667633057 20.7526664733887 20.5860004425049 20.482666015625 20.6553325653076 20.771333694458 20.8546657562256 19.2466659545898 17.3759994506836 17.7373332977295 19.2373332977295 21.0613327026367 21.8819999694824 21.6240005493164 21.0340003967285 20.0066661834717 18.3606662750244 15.4260005950928 15.4840002059937 17.4353332519531 18.990665435791 19.5799999237061 19.5993328094482 19.6426658630371 19.3640003204346 18.2959995269775 18.0559997558594 18.5920009613037 18.6493339538574 18.6613330841064 18.4893341064453 18.2819995880127 18.8813323974609 19.3659992218018 19.5933322906494 19.4820003509521 19.515998840332 19.4686660766602
22.5419998168945 18.9053325653076 22.7019996643066 22.1246662139893 21.8166656494141 21.521333694458 21.0806674957275 20.8733329772949 20.7233333587646 20.5626659393311 20.5 20.5699996948242 20.5186672210693 20.5646667480469 20.7693328857422 20.7899990081787 20.4866676330566 20.3366661071777 19.0779991149902 17.974666595459 18.6719989776611 19.9686660766602 21.232666015625 21.5106658935547 20.6520004272461 19.8846664428711 19.0400009155273 18.0493335723877 16.8206672668457 16.5753326416016 18.1100006103516 18.9780006408691 19.2226657867432 19.4379997253418 18.9720001220703 17.5986671447754 17.0279998779297 17.9093322753906 18.5406665802002 18.6053333282471 18.6480007171631 18.318000793457 18.4853343963623 19.1046676635742 19.5120010375977 19.3373336791992 19.1013336181641 19.3239994049072 19.2360000610352
18.6066665649414 18.7513332366943 22.3520011901855 22.1393337249756 21.9726676940918 21.6420001983643 21.0793342590332 20.5353336334229 20.1866664886475 20.2919998168945 20.5480003356934 20.757999420166 20.9766654968262 21.1486663818359 21.2506656646729 20.8573341369629 20.3886661529541 20.0639991760254 19.4953327178955 19.3080005645752 19.7280006408691 20.3320007324219 21.050666809082 21.0986671447754 19.8813343048096 19.0939998626709 18.5686664581299 18.5799999237061 18.2446670532227 18.4499988555908 18.9673328399658 18.3506660461426 17.1119995117188 17.6806659698486 17.5459995269775 16.4713344573975 17.5886669158936 18.4300003051758 18.6873340606689 18.5559997558594 18.6646671295166 18.0139999389648 18.6686668395996 19.263334274292 19.2560005187988 19.1273326873779 19.2000007629395 19.1826667785645 18.0286674499512
18.1193332672119 18.0633335113525 21.7653350830078 21.8299999237061 22.2059993743896 22.0219993591309 21.5086669921875 20.7773342132568 20.0353336334229 20.195333480835 20.8066654205322 21.0959987640381 21.3713340759277 21.3953323364258 21.5773334503174 21.1906661987305 20.6046676635742 20.1820011138916 20.4153347015381 20.6126670837402 20.5540008544922 20.691333770752 20.9026660919189 20.7526664733887 19.7666664123535 18.9860000610352 18.9099998474121 19.3933334350586 19.2533340454102 19.6373329162598 19.67799949646 17.96266746521 15.224666595459 15.4659996032715 16.5540008544922 17.2226657867432 18.2453327178955 18.7573337554932 18.7293338775635 18.3693332672119 18.4206657409668 18.291332244873 19.0053329467773 19.2013339996338 18.8980007171631 19.1633338928223 19.4046669006348 18.6466674804688 16.0646667480469
17.9053325653076 21.8546676635742 21.8540000915527 21.8840007781982 22.1886672973633 22.0646667480469 21.6733341217041 21.3173332214355 20.6686668395996 20.2666664123535 20.4893341064453 20.9219989776611 21.4619998931885 21.691333770752 21.6253318786621 21.267333984375 20.6126670837402 20.3353328704834 20.6086673736572 21.0113334655762 20.9160003662109 20.8659992218018 20.8766670227051 20.7626667022705 20.2159996032715 19.4926662445068 19.4200000762939 19.5806655883789 19.6593341827393 19.7766666412354 19.6813335418701 18.1019992828369 15.0566663742065 15.2186660766602 16.4146671295166 17.0826663970947 18.1860008239746 18.6240005493164 18.3126659393311 17.953332901001 18.1233329772949 18.3753337860107 19.0380001068115 19.0726661682129 18.9220008850098 19.1693325042725 18.8033332824707 17.2360000610352 15.1153335571289
21.9253330230713 21.8313331604004 21.8659992218018 21.9366664886475 22.1106662750244 22.1706657409668 21.8786659240723 21.6639995574951 21.318000793457 20.8526668548584 20.9486656188965 21.1359996795654 21.3640003204346 21.8813323974609 21.8333320617676 21.5866661071777 21.554666519165 21.1713333129883 20.8400001525879 21.1586666107178 20.9939994812012 20.8680000305176 20.703332901001 20.5453319549561 20.2740001678467 19.783332824707 19.7280006408691 19.7693328857422 19.7213325500488 19.6453323364258 19.3233337402344 18.4026679992676 16.3226661682129 15.5346670150757 15.9966669082642 16.7353324890137 18.2353324890137 18.2859992980957 17.6726665496826 17.6666660308838 18.1386661529541 17.9813327789307 18.5779991149902 18.949333190918 18.9793338775635 18.7413330078125 17.2606658935547 14.8573331832886 14.2699995040894
22.0166664123535 22.0319995880127 21.9133338928223 21.814001083374 21.9893341064453 22.1453342437744 22.0553340911865 21.9286670684814 21.8713321685791 21.6193332672119 21.732666015625 21.5240001678467 21.542667388916 21.3266658782959 21.6760005950928 21.9713325500488 21.7880001068115 21.2066669464111 20.6760005950928 20.9893321990967 20.8973331451416 20.6873340606689 20.1466674804688 19.7453327178955 20.0340003967285 19.8179988861084 19.6633338928223 19.6246662139893 19.5186672210693 19.1620006561279 19.0599994659424 18.5200004577637 17.0326671600342 16.2339992523193 16.699333190918 17.0473327636719 18.3199996948242 18.1840000152588 17.8866672515869 18.050666809082 18.191333770752 17.7779998779297 17.8719997406006 18.8106670379639 19.0006675720215 17.7253322601318 14.960000038147 14.5866670608521 14.1359996795654
17.2140007019043 17.9820003509521 17.6259994506836 21.4540004730225 21.6926670074463 21.6893329620361 20.978666305542 16.9646663665771 21.5839996337891 21.9839992523193 21.8780002593994 21.6646671295166 5.62199974060059 5.51133298873901 5.50066661834717 5.92533349990845 21.7439994812012 20.970666885376 4.96799993515015 21.029333114624 21.0579986572266 20.5179996490479 19.32200050354 18.3959999084473 19.0860004425049 19.2293338775635 19.4219989776611 19.3819999694824 19.0406665802002 18.3813343048096 18.6193332672119 18.4606666564941 17.3873329162598 16.4260005950928 17.2180004119873 18.2133331298828 18.4406661987305 18.46266746521 18.2026672363281 17.4213333129883 17.0200004577637 17.1186676025391 18.0273342132568 18.7386665344238 18.6966667175293 17.199333190918 14.6213331222534 14.9919996261597 16.4966659545898
18.2006664276123 18.3453330993652 17.9146671295166 17.2506675720215 17.3039989471436 17.0960006713867 16.978666305542 17.1926670074463 21.7933330535889 22.3239994049072 21.6840000152588 5.50999975204468 5.4026665687561 5.48133325576782 20.3660011291504 5.40000009536743 5.39599990844727 4.91799974441528 4.85066652297974 5.14799976348877 20.9546661376953 20.2439994812012 18.9133338928223 18.5953330993652 18.8246669769287 18.9680004119873 19.207332611084 19.0673332214355 18.6826667785645 18.0120010375977 18.1413326263428 18.1686668395996 17.458667755127 17.2040004730225 17.8526668548584 18.308666229248 18.3406677246094 18.1546669006348 16.6346664428711 14.9873332977295 15.0633335113525 16.3506660461426 18.1633338928223 18.5153331756592 17.9886665344238 15.8579998016357 13.3753337860107 14.7393341064453 18.1733341217041
17.7940006256104 17.9553337097168 18.0866661071777 18.0626678466797 21.8986663818359 17.8740005493164 5.66066694259644 5.65333318710327 6.05466651916504 22.4073333740234 22.21266746521 21.9273338317871 5.79199981689453 5.5620002746582 5.31400012969971 10.5939998626709 4.97733306884766 19.2099990844727 4.58599996566772 4.98866653442383 5.03999996185303 4.71866655349731 4.3973331451416 0.6746666431427 -0.045999925583601 0.0286665763705969 -0.117999948561192 4.0533332824707 -0.328666776418686 -0.485333204269409 -0.460666418075562 18.1033325195312 17.7840003967285 17.953332901001 -1.34600007534027 -1.26800000667572 -1.3160001039505 17.0813331604004 15.2853326797485 14.1133337020874 15.1240005493164 16.6326675415039 18.0699996948242 18.0553340911865 16.9093341827393 14.9293327331543 13.6053333282471 16.0399990081787 19.1946659088135
17.1626663208008 17.4099998474121 17.7080001831055 18.0793342590332 21.9899997711182 6.14266681671143 21.5573329925537 17.4979991912842 6.02799987792969 17.8033332824707 22.2473335266113 22.25 21.9573345184326 5.91333341598511 5.67533349990845 5.48400020599365 5.29399967193604 10.2799997329712 15.3353328704834 4.97866678237915 5.01933336257935 4.70133304595947 4.31599998474121 4.08133363723755 4.17799997329712 0.838000059127808 0.81333327293396 0.674666583538055 0.582000076770782 -0.146000146865845 0.770000159740448 0.344666719436646 -1.30333340167999 -1.63666677474976 -1.51333320140839 -1.46733343601227 -1.71733331680298 15.3999996185303 15.1433334350586 15.6453332901001 16.779333114624 -0.768666565418243 -0.861333310604095 17.3693332672119 15.5553331375122 14.1140003204346 15.8913335800171 19.2513332366943 19.7679996490479
20.4266662597656 20.7959995269775 17.5259990692139 17.7859992980957 17.8513336181641 21.9993324279785 6.2906665802002 6.16066646575928 5.97733306884766 11.4613332748413 5.9040002822876 6.08199977874756 5.96533346176147 5.88266658782959 5.746666431427 5.56066703796387 5.26666641235352 4.96666669845581 4.57399988174438 4.63066673278809 4.63133335113525 4.63600015640259 4.59466648101807 4.56866645812988 4.37466669082642 4.62666654586792 1.22066676616669 1.1653333902359 1.09133315086365 0.444666713476181 0.644000053405762 0.786666691303253 -1.06400012969971 -1.61066663265228 -1.58933341503143 -1.5719997882843 16.5906658172607 14.7513332366943 15.6820001602173 -1.4686666727066 -1.12000000476837 -0.949333369731903 -1.15266668796539 16.3899993896484 15.0766668319702 15.5993328094482 4.07666683197021 0.627999842166901 0.44666662812233
20.1300010681152 20.6706657409668 17.4793338775635 17.5093326568604 17.5526676177979 18.0673332214355 18.2906665802002 6.38866662979126 6.24866676330566 6.23400020599365 6.49066638946533 22.3266658782959 6.02600002288818 5.7553334236145 5.60333347320557 5.33200025558472 4.9573335647583 5.01666641235352 5.08466672897339 5.09333324432373 5.06666660308838 5.24200010299683 5.4466667175293 4.93199968338013 1.22133338451385 1.33333337306976 1.36466658115387 1.34866666793823 1.25600016117096 0.54066675901413 1.38133335113525 0.815333306789398 -1.09400022029877 -1.60266661643982 -1.58933317661285 -1.62133324146271 -2.01466655731201 14.7706661224365 16.1040000915527 -1.40399992465973 -1.17999994754791 -1.24000000953674 -1.49533331394196 15.6619997024536 14.0006666183472 16.9939994812012 4.39666700363159 0.525999963283539 0.434000253677368
16.8400001525879 17.318000793457 17.2553329467773 17.3706665039062 16.6053333282471 17.0020008087158 22.1546669006348 22.3246669769287 22.490665435791 6.52466678619385 6.59333324432373 6.4520001411438 6.12066650390625 5.91933345794678 5.77866649627686 5.59066677093506 5.36399984359741 5.63000011444092 5.93599987030029 6.02199983596802 5.9946665763855 6.06266641616821 6.07600021362305 5.26666641235352 1.63199996948242 1.52400004863739 1.38266670703888 1.47266674041748 1.59466683864594 1.61133337020874 1.66600000858307 0.524666547775269 -1.51800000667572 -1.60066664218903 -1.4779999256134 -1.45799994468689 -1.65133321285248 -1.87533330917358 -1.71533334255219 -1.4246666431427 -1.37533330917358 -1.560666680336 16.1513328552246 13.9646663665771 14.2626667022705 -0.354666620492935 4.30666637420654 0.278666645288467 0.262666791677475
17.0286674499512 17.6326675415039 17.5553340911865 17.1180000305176 15.4153337478638 14.8706665039062 16.9039993286133 18.1726665496826 18.3946666717529 6.37066698074341 6.27866649627686 6.18133354187012 6.0406665802002 6.02933311462402 6.02199983596802 5.99066686630249 5.92399978637695 6.30200004577637 6.22933340072632 2.23533320426941 2.19533324241638 2.28933334350586 2.3360002040863 5.65399980545044 2.04800009727478 1.75733351707458 1.65733325481415 1.77133321762085 1.85666656494141 1.81599998474121 1.61466681957245 -0.502000093460083 16.4913330078125 -1.39466655254364 -1.16666674613953 -0.375333458185196 -1.29999995231628 -1.67799997329712 -1.7206666469574 -1.55266666412354 -1.66466653347015 16.5746669769287 14.743332862854 10.1326665878296 11.6673336029053 3.58466672897339 4.36466646194458 0.382000118494034 0.319333463907242
16.8806667327881 17.4386672973633 17.5886669158936 17.2786655426025 16.3206672668457 15.0913333892822 14.9106664657593 17.3853321075439 22.3506660461426 22.4139995574951 6.16333341598511 5.7093334197998 5.52400016784668 5.65533351898193 5.90866661071777 5.98133373260498 5.93466663360596 6.30266666412354 6.14799976348877 1.92800009250641 1.81599986553192 1.93799996376038 2.02733325958252 2.03800010681152 2.13333320617676 1.9099999666214 1.76600003242493 1.64400005340576 1.63933348655701 1.44800007343292 0.992000102996826 -0.834000051021576 -1.37266659736633 -1.00733327865601 -0.168666526675224 -0.933999955654144 -0.24599988758564 16.2299995422363 -1.89666664600372 -1.90799987316132 -2.13333344459534 15.0073337554932 13.0893335342407 10.460000038147 11.576000213623 3.53866672515869 4.35933351516724 4.25333309173584 4.24733352661133
17.3973331451416 17.5953330993652 17.4366664886475 17.0699996948242 16.6066665649414 15.695333480835 14.9933338165283 16.3613338470459 22.1426677703857 22.4093341827393 6.51333332061768 5.93266630172729 10.7126665115356 5.36866664886475 5.57866668701172 5.51066637039185 5.68133354187012 6.0546669960022 6.09333324432373 2.09866666793823 1.93666660785675 1.87600004673004 1.91533350944519 1.97466683387756 5.75466680526733 2.01799988746643 1.817999958992 1.56199991703033 1.55399990081787 1.24533331394196 -0.270666599273682 -0.270666688680649 -0.365999847650528 -0.111333452165127 -0.0779999867081642 -0.74866658449173 -0.12266667932272 -1.55400002002716 -2.10999989509583 -2.36666679382324 15.5033330917358 11.0893335342407 11.4873332977295 10.1693334579468 10.8093328475952 2.59666681289673 4.18266677856445 4.22533369064331 4.40866661071777
17.7126655578613 17.7233333587646 17.2313327789307 16.4933338165283 16.0053329467773 15.0606660842896 12.9233331680298 14.6566667556763 6.2906665802002 22.1900005340576 7.02266645431519 6.45866680145264 5.69000005722046 5.35066699981689 10.5646667480469 5.03999996185303 5.42666673660278 5.57333374023438 5.91800022125244 6.00333309173584 5.80466651916504 5.68533325195312 2.00333333015442 2.07866668701172 5.76600027084351 2.00600004196167 1.89933335781097 1.75733327865601 1.63199996948242 1.26666665077209 8.85199928283691 8.1966667175293 -0.23066671192646 -0.0200000610202551 0.0420000553131104 0.0813333168625832 -0.176666811108589 -0.833333432674408 1.91133332252502 6.9433331489563 1.75866663455963 11.804666519165 10.2153339385986 10.0066661834717 9.48866653442383 11.9513330459595 4.06933307647705 0.404666751623154 4.55000019073486
17.3460006713867 17.4886665344238 17.6373329162598 17.2153339385986 16.6386680603027 15.4180002212524 13.1766672134399 13.6766662597656 16.7880001068115 21.3293342590332 21.4153327941895 6.89666700363159 5.72266674041748 5.47199964523315 5.18266677856445 5.1473331451416 5.13666677474976 4.79400014877319 5.32266664505005 5.50466632843018 5.27999973297119 5.18733358383179 5.77466678619385 5.81599998474121 2.00999999046326 1.95066678524017 1.81333327293396 1.62333333492279 1.39399993419647 1.16800010204315 0.799333274364471 3.71400022506714 0.11733341217041 0.201333358883858 0.175333261489868 0.135999917984009 -0.268000036478043 12.0746669769287 1.73933339118958 1.81400012969971 11.5346660614014 11.227334022522 10.9586668014526 12.2593336105347 10.423999786377 7.27266693115234 4.18733310699463 4.31666660308838 4.47133350372314
16.2233333587646 17.0559997558594 17.0426654815674 17.4226665496826 16.8500003814697 15.6719999313354 13.7653331756592 14.8159999847412 17.507999420166 20.7533340454102 20.6633338928223 7.26133298873901 11.2366666793823 10.6873331069946 10.1746664047241 4.60266637802124 4.58400011062622 4.57400035858154 9.78733348846436 4.71000003814697 4.53600025177002 4.48999977111816 5.16533327102661 1.66000008583069 5.26200008392334 1.84666657447815 1.74400007724762 1.48666679859161 1.21599996089935 1.05333340167999 0.931333303451538 0.590666592121124 0.326000064611435 0.333333402872086 0.356666564941406 0.256666660308838 -0.266000032424927 12.2146663665771 2.10533332824707 2.2093334197998 11.4793338775635 1.65133333206177 6.7519998550415 6.67066669464111 -0.886666774749756 3.27066659927368 4.28000020980835 4.33666658401489 4.25466680526733
14.1393337249756 15.6999998092651 16.5673332214355 17.4293327331543 16.9306659698486 15.6859998703003 13.7839994430542 15.0933332443237 17.5906658172607 20.8733329772949 20.7439994812012 17.9599990844727 11.4079999923706 15.1766662597656 14.5819997787476 9.26399993896484 9.06733322143555 9.56533336639404 3.9980001449585 3.89666628837585 3.97533321380615 9.08466625213623 3.91066670417786 3.99933338165283 4.93599987030029 1.63933336734772 1.61066663265228 1.40466678142548 1.09399998188019 0.939333260059357 0.794000089168549 0.504666566848755 0.242666721343994 0.280666679143906 0.471999973058701 0.438000053167343 3.44533348083496 2.74333333969116 2.79666686058044 2.77600026130676 6.70799970626831 6.59333324432373 2.43400001525879 2.47733330726624 2.45199990272522 3.44599986076355 4.34999990463257 4.31066656112671 0.436000019311905
