model/data/bioclim/bclim2.asc
NCOLS 300 
NROWS 300 
XLLCORNER -125.250000000003 
YLLCORNER 30.7499999999996 
CELLSIZE 0.041666666666667 
NODATA_value -32768 
[rows 152 to 189 of 300, columns 172 to 257 of 300]
138 137 156 170 173 173 172 167 164 171 160 143 143 159 149 147 162 168 169 168 166 158 150 149 146 149 155 156 157 157 159 160 157 155 155 157 156 154 151 154 155 153 152 152 151 153 154 155 156 157 157 158 159 158 153 153 156 159 163 164 156 161 165 166 163 160 161 160 162 164 160 152 162 164 164 164 163 161 160 160 160 160 159 158 158 158
147 138 156 170 172 172 172 171 171 171 161 152 148 155 148 145 154 165 168 168 168 166 160 157 155 148 154 157 159 160 160 161 157 152 154 158 158 156 153 156 157 155 154 155 154 152 153 155 156 157 159 159 160 159 156 156 154 156 164 164 155 160 164 165 161 155 155 157 158 161 157 149 159 162 163 162 162 160 159 159 158 158 158 156 157 156
158 132 138 161 171 171 171 171 170 163 157 162 158 157 147 142 149 162 168 167 167 167 165 159 154 154 152 156 159 160 161 161 161 158 155 159 159 157 155 156 158 157 156 156 155 154 153 154 155 157 159 160 160 159 158 157 154 156 164 166 156 160 164 165 163 157 158 152 155 157 153 147 157 161 162 161 160 159 158 157 157 156 156 155 154 154
165 135 133 151 170 171 171 170 170 167 161 165 162 159 147 145 152 165 167 167 167 166 166 164 163 157 157 156 157 159 160 161 161 161 159 160 160 159 157 157 158 158 157 156 154 152 152 153 155 157 158 158 157 156 156 156 156 159 165 166 162 160 163 164 163 161 160 155 153 152 148 149 157 160 161 160 159 158 157 156 155 155 155 154 153 152
167 145 126 138 158 170 170 170 170 170 168 164 163 156 154 148 157 164 167 167 166 166 166 165 165 163 163 161 156 157 159 160 161 161 161 161 160 160 160 159 159 159 156 155 154 153 154 154 154 155 156 156 155 155 156 155 159 163 166 166 156 160 164 164 161 157 159 155 149 146 144 149 155 158 159 159 157 156 156 155 154 154 153 153 151 151
167 158 132 130 146 165 170 170 170 170 169 164 163 158 156 151 155 162 166 166 166 165 165 164 165 165 165 164 159 153 156 160 161 161 162 162 161 160 161 161 160 159 158 157 156 155 154 154 154 154 154 154 153 154 156 158 161 164 166 164 157 164 166 163 157 157 157 152 144 138 142 148 152 155 158 158 155 154 154 153 152 152 151 151 151 150
166 165 150 127 136 146 164 168 169 169 169 165 161 155 154 157 155 162 166 166 165 165 164 164 164 164 164 163 164 161 158 159 161 161 161 162 162 162 162 161 161 160 159 157 156 154 154 154 154 154 154 152 153 154 156 159 163 165 165 164 162 166 167 165 156 156 154 148 140 137 141 145 151 155 157 156 154 153 152 151 151 150 150 149 149 148
164 165 160 139 132 133 140 156 154 159 166 165 155 147 149 153 158 163 165 166 165 165 164 164 163 163 162 162 163 163 162 160 160 160 161 162 162 162 162 162 162 161 161 161 159 156 155 155 155 155 155 155 156 157 158 160 163 165 165 165 166 167 168 165 158 157 151 142 138 141 143 145 148 154 156 155 153 152 151 150 149 149 147 146 146 146
162 163 164 159 148 141 132 143 148 145 149 156 152 142 142 149 155 160 164 165 165 165 163 161 163 162 162 162 161 162 163 161 156 156 158 162 162 162 162 162 162 162 162 162 163 162 161 160 156 155 154 155 157 158 160 161 162 163 164 165 167 168 168 165 162 156 149 139 140 145 146 146 146 150 154 154 152 151 150 149 147 147 145 144 143 143
158 163 163 163 161 154 143 134 141 146 147 144 147 147 146 151 157 158 159 165 165 163 153 151 161 163 161 161 161 161 163 159 156 153 154 161 162 162 163 163 163 163 163 164 164 164 164 162 156 153 151 153 155 156 157 158 158 157 160 162 166 167 168 167 165 160 151 142 144 148 147 145 146 151 153 152 151 150 148 147 146 144 143 142 141 141
152 162 162 162 162 161 154 142 141 147 149 150 150 160 162 161 156 151 153 160 163 160 151 149 158 163 162 161 160 161 163 160 156 153 151 157 162 163 163 163 164 164 164 164 165 165 165 163 157 151 145 148 150 151 152 153 152 154 154 156 159 163 165 168 168 164 156 148 150 150 146 144 149 152 152 151 151 149 147 146 144 142 141 140 139 138
149 161 161 161 161 161 157 143 138 147 150 151 153 161 166 166 163 149 144 153 155 155 149 149 160 163 162 161 160 160 162 163 160 156 156 154 161 163 163 164 164 165 164 164 164 165 165 161 158 154 147 142 142 145 143 147 148 149 149 148 152 156 160 167 169 168 162 157 153 150 148 147 150 151 151 150 150 148 145 144 142 140 140 140 137 136
144 160 160 161 161 159 156 149 141 148 151 152 154 161 167 167 166 161 152 149 143 149 151 149 156 162 162 161 160 160 162 163 163 161 156 151 157 161 163 164 165 165 165 166 162 164 163 158 162 159 154 147 140 141 140 138 142 143 144 145 148 151 157 163 168 167 165 161 155 147 148 151 149 149 150 149 148 146 143 142 141 140 141 140 138 137
136 158 160 159 158 156 154 153 151 150 150 150 155 162 166 166 166 165 160 151 143 144 149 148 147 155 162 161 161 161 162 162 162 162 159 159 157 159 161 164 165 165 166 166 166 164 164 162 164 165 159 153 144 141 142 137 133 136 138 141 142 147 151 158 163 165 164 162 160 157 155 153 151 150 148 147 146 143 142 140 140 139 138 136 135 136
141 158 158 157 154 147 146 150 151 148 148 148 155 160 160 165 166 165 162 153 147 149 148 143 150 155 162 162 161 161 161 162 155 160 157 159 161 162 163 165 165 166 166 165 166 166 165 161 167 170 167 160 150 143 144 139 133 133 131 136 138 144 151 155 158 161 162 161 159 158 156 155 152 150 148 146 144 142 140 139 140 139 136 135 135 136
139 155 157 154 150 140 137 143 147 147 146 150 154 154 151 162 165 165 164 159 154 152 149 140 139 148 160 162 162 161 162 162 155 157 157 157 161 163 164 165 166 166 166 160 163 168 166 169 171 172 170 163 156 151 146 141 134 128 134 137 142 146 149 151 151 159 161 159 158 157 156 155 153 152 149 146 143 141 139 137 137 137 135 134 135 136
139 151 155 152 149 140 134 137 136 142 146 151 154 150 146 158 165 165 165 163 158 149 144 138 137 148 159 163 162 162 162 162 154 154 157 156 159 161 163 165 165 166 166 163 161 168 168 170 172 173 172 166 159 151 148 144 138 133 131 136 141 144 144 144 149 156 159 158 156 156 155 155 154 151 146 144 144 142 139 136 135 135 134 133 133 134
126 145 153 153 150 146 138 136 133 137 144 147 151 149 143 157 164 165 165 165 163 155 143 133 139 152 159 163 162 162 162 162 158 153 152 155 157 157 161 164 165 166 167 165 159 164 170 171 172 173 174 171 167 158 153 148 143 142 138 140 139 141 144 146 151 155 157 155 155 154 154 154 153 148 143 145 145 143 140 138 137 137 133 133 134 135
126 143 152 152 146 145 142 141 138 138 143 145 149 147 138 151 162 165 165 165 165 158 143 135 136 149 157 163 163 163 162 163 163 156 149 152 156 155 157 162 164 165 167 167 162 162 168 170 172 173 173 172 170 165 159 154 151 146 143 141 142 142 150 153 154 154 155 154 153 152 151 151 151 148 143 143 145 144 143 140 141 139 139 137 135 140
123 139 152 153 146 147 147 146 146 143 142 143 145 143 136 148 161 165 165 165 165 159 147 139 137 148 157 162 163 163 163 163 162 155 149 150 155 156 157 160 157 164 167 167 164 166 158 166 171 171 172 171 169 166 162 159 156 150 145 145 145 141 149 152 150 153 153 152 150 149 149 149 149 147 145 144 142 142 143 142 141 140 134 132 132 139
123 139 153 158 154 150 149 153 152 146 144 142 141 143 139 144 159 164 165 165 165 162 150 141 136 148 155 161 163 163 163 163 163 159 155 152 157 159 161 160 159 163 166 166 162 168 166 158 167 170 170 170 168 166 164 162 160 156 151 149 146 143 145 152 150 152 151 150 148 147 146 145 145 145 143 139 133 134 141 141 140 133 131 131 131 136
129 131 149 158 158 155 151 155 155 150 146 144 142 142 143 147 155 164 165 165 165 160 147 143 140 146 152 159 163 163 163 163 161 152 154 154 157 160 162 162 161 163 166 166 165 167 168 160 155 168 169 169 167 166 164 163 160 157 154 151 147 144 143 150 150 150 149 148 147 145 144 142 141 139 138 136 130 130 136 139 139 132 130 133 131 134
132 129 141 157 159 153 149 160 164 157 151 147 142 141 144 147 155 161 164 165 165 160 147 143 147 152 155 158 162 163 163 163 164 162 157 156 159 157 160 162 164 164 165 166 166 167 167 163 153 164 167 167 166 165 164 162 160 157 154 151 143 139 141 146 148 148 147 147 145 144 142 139 137 135 133 132 130 128 128 131 139 133 129 132 131 134
127 128 135 148 159 152 152 166 168 166 162 156 145 142 143 146 151 160 161 164 165 162 149 148 154 156 159 160 162 163 163 163 164 164 162 162 163 163 162 160 163 165 165 166 166 166 166 165 157 163 165 165 165 164 162 161 160 157 155 151 146 140 139 144 146 146 145 144 143 142 140 138 137 134 133 134 134 131 130 129 137 135 131 130 130 134
127 132 136 147 163 164 164 167 169 168 165 160 149 144 143 148 155 161 162 160 164 164 154 150 153 152 157 157 160 162 163 164 164 164 164 164 164 163 162 160 160 164 165 165 165 166 165 165 162 164 164 161 162 162 161 160 159 157 154 150 147 141 143 145 142 144 144 143 142 140 138 137 136 134 135 137 135 133 131 128 132 139 136 130 130 133
131 134 140 149 164 168 168 169 168 168 168 165 154 151 148 148 157 164 164 160 157 164 161 156 153 154 157 157 161 163 163 162 161 163 164 164 164 163 162 160 159 164 164 165 165 165 165 162 162 164 162 159 157 157 156 158 158 157 155 153 149 144 144 145 142 143 143 142 140 139 137 136 135 135 137 136 133 130 128 127 136 140 139 133 131 133
138 135 140 145 164 172 172 171 171 170 169 167 161 156 150 152 161 165 165 161 153 160 164 157 155 158 160 161 162 162 161 158 159 161 163 164 164 164 163 163 160 163 163 163 164 164 164 163 163 162 159 150 151 152 153 154 157 156 155 153 150 146 143 145 145 143 143 142 140 138 137 135 135 137 137 134 130 128 127 128 134 137 133 132 130 132
143 135 142 150 165 173 173 172 171 170 169 168 165 158 155 159 164 165 165 163 159 153 162 161 160 161 162 162 161 159 160 158 159 162 162 163 164 164 164 164 164 163 163 164 164 163 163 161 162 160 151 145 146 150 153 155 155 155 154 153 151 147 143 143 144 143 142 141 139 137 136 136 137 136 135 131 129 129 128 130 136 138 131 130 130 131
148 137 136 149 163 174 174 173 171 170 169 168 166 163 162 161 165 165 165 164 161 151 158 163 161 161 161 160 156 158 160 160 161 162 162 162 164 164 164 164 164 163 163 163 163 163 163 162 161 159 152 144 142 148 152 151 150 151 153 152 150 147 142 142 144 143 141 139 138 136 135 135 134 134 133 130 130 130 128 132 139 141 134 130 130 131
142 139 137 146 158 174 174 173 171 170 169 167 167 165 165 165 165 165 165 164 162 156 156 162 159 153 157 158 157 159 159 160 161 160 159 162 163 164 164 163 164 163 163 163 163 163 162 162 161 159 157 151 151 151 151 149 147 147 148 150 149 148 143 141 143 142 140 138 136 135 134 133 132 132 132 130 130 130 129 132 138 142 136 132 131 131
134 138 144 143 157 172 174 172 171 169 168 166 166 166 165 164 165 165 165 164 159 151 152 159 161 158 154 154 152 155 157 158 159 160 161 162 163 163 163 163 164 163 163 163 163 163 162 161 161 160 159 157 155 154 152 150 149 147 144 146 146 144 142 141 142 141 139 136 135 133 133 133 132 131 130 130 129 130 129 130 138 142 139 135 131 131
137 141 145 153 161 168 171 170 169 168 167 164 161 162 162 163 165 165 164 162 151 151 154 159 161 159 157 155 153 154 155 158 159 161 161 160 161 161 161 162 162 162 162 162 163 162 162 161 160 159 158 155 152 152 150 150 149 146 144 142 140 141 142 142 142 140 137 135 134 132 132 132 131 131 130 129 129 129 129 132 136 141 141 136 132 132
143 151 155 159 163 165 166 166 165 161 159 156 156 156 162 164 164 163 161 162 159 158 159 161 161 161 160 158 156 156 156 158 160 160 160 160 158 157 158 157 155 156 158 161 161 162 162 160 159 158 156 153 150 150 148 148 148 145 142 139 137 140 142 142 141 139 136 134 133 132 132 131 131 131 130 129 129 129 129 132 137 141 141 136 131 132
148 155 158 161 162 155 156 157 160 155 154 156 160 163 164 164 163 161 160 161 161 161 160 160 159 159 159 156 152 153 154 155 155 158 157 155 154 154 153 152 149 148 148 156 161 161 161 160 157 155 153 151 148 147 147 146 146 144 140 135 136 139 139 141 140 139 137 134 133 132 131 131 130 130 129 129 129 129 130 132 138 142 142 137 133 132
150 155 157 159 156 145 151 153 153 147 152 153 153 157 160 161 158 159 160 159 158 156 158 158 155 156 157 156 155 154 156 157 155 154 154 155 154 154 155 154 153 151 149 153 159 161 161 160 158 154 151 148 146 144 145 145 144 142 140 138 137 137 137 138 139 138 136 135 133 131 130 130 130 129 129 129 129 129 130 134 138 142 143 140 135 132
149 153 156 157 153 148 146 158 156 154 154 152 147 147 152 155 158 158 156 155 154 153 152 153 153 155 155 156 155 156 156 157 156 157 155 152 153 154 155 155 155 155 155 156 159 160 160 159 157 154 151 146 146 143 142 142 142 141 139 138 135 135 134 135 138 137 136 134 132 130 130 129 129 129 129 129 129 128 130 133 138 142 143 142 138 133
149 156 160 159 156 159 165 167 164 159 152 150 148 151 153 150 156 155 153 152 149 152 153 152 151 153 154 156 156 156 156 156 156 157 156 155 156 156 157 156 156 157 157 158 160 160 160 159 157 153 150 148 148 144 141 141 140 139 138 136 135 134 133 135 136 136 134 133 130 129 129 129 128 129 129 129 129 129 130 131 136 139 143 143 139 136
153 158 163 164 168 168 168 165 159 148 145 145 149 157 158 156 156 152 150 152 150 151 154 155 155 155 154 155 157 156 154 153 156 157 158 158 158 158 158 158 158 158 158 158 160 160 160 159 158 156 153 151 149 145 142 138 138 137 136 135 134 132 133 134 135 134 132 130 128 128 128 128 128 128 128 129 129 129 129 130 132 136 140 143 141 138
