model/data/bioclim/bclim19.asc
NCOLS 300 
NROWS 300 
XLLCORNER -125.25 
YLLCORNER 30.75 
CELLSIZE 0.0416666666666667 
NODATA_value -3.4e+38 
[rows 222 to 258 of 300, columns 168 to 251 of 300]
211 214 216 219 223 246 251 248 239 242 247 245 229 215 210 204 198 193 190 188 182 181 189 194 189 186 177 172 169 175 186 199 200 182 196 210 216 170 115 96 83 78 84 87 98 115 145 165 164 145 146 133 124 98 84 69 57 57 60 48 37 34 32 31 31 29 28 29 36 50 36 29 29 33 40 53 51 37 38 37 36 36 36 36
206 208 212 214 216 220 227 231 237 239 245 247 240 225 207 201 199 201 193 186 185 189 191 190 186 183 177 174 171 171 170 166 161 145 135 128 117 109 103 90 81 74 72 71 73 85 86 132 128 164 159 113 107 98 74 54 44 40 48 41 33 31 30 30 29 29 29 28 30 42 34 29 27 30 34 38 44 37 40 43 39 38 37 38
202 205 207 209 209 210 219 220 219 219 222 227 232 220 209 202 198 198 193 192 192 195 195 188 184 182 180 169 165 168 170 165 169 182 151 142 140 114 103 89 81 75 71 70 67 63 66 67 72 92 124 132 102 95 89 69 49 43 40 37 35 36 37 40 41 49 37 30 27 35 33 28 26 27 31 34 38 38 39 45 45 41 41 43
199 201 204 204 204 204 207 209 209 209 213 216 223 228 243 217 207 202 207 201 199 197 195 190 182 181 178 167 161 158 167 173 197 228 242 263 343 231 229 125 86 76 70 69 63 62 57 57 59 71 96 118 130 108 103 78 80 78 58 47 42 43 42 46 52 43 31 28 27 29 39 29 27 29 31 35 40 43 36 37 40 44 41 41
194 198 201 201 201 201 204 204 204 205 212 220 231 242 259 268 233 205 201 204 210 208 205 193 181 177 173 174 176 157 154 179 179 197 235 346 368 404 365 217 103 78 72 67 60 56 53 53 55 52 58 78 101 104 94 95 100 83 67 57 54 51 53 57 59 46 31 28 26 26 28 28 27 28 33 39 43 41 36 39 39 39 40 39
189 194 196 195 196 197 199 199 199 201 203 213 226 227 243 274 277 239 197 213 225 220 212 188 179 175 178 189 177 159 155 151 150 154 222 288 357 387 367 244 104 87 81 70 63 57 52 48 47 44 44 53 67 78 82 86 89 79 71 77 72 62 64 55 51 46 33 28 26 27 25 26 27 28 35 49 45 38 35 38 43 38 38 37
186 190 -3.4e+38 194 192 191 193 193 192 193 191 196 210 228 229 256 333 323 245 206 194 201 198 184 181 173 173 175 166 160 158 158 155 155 161 226 294 321 333 222 123 95 100 84 66 60 55 50 44 41 42 44 52 62 68 86 98 80 69 85 93 64 64 47 47 41 30 28 29 28 28 27 27 28 32 36 35 35 33 35 41 41 39 37
-3.4e+38 -3.4e+38 -3.4e+38 -3.4e+38 189 189 188 188 186 186 187 191 197 209 218 232 269 284 320 268 198 178 184 181 178 174 172 170 166 167 162 171 176 174 185 218 267 254 272 297 222 117 130 98 73 70 58 51 46 44 40 41 45 49 53 53 56 52 47 50 48 39 33 31 31 32 35 35 31 33 31 29 28 27 29 31 32 33 31 33 36 43 39 38
-3.4e+38 -3.4e+38 -3.4e+38 -3.4e+38 -3.4e+38 187 185 185 183 185 190 193 191 196 205 207 214 265 302 270 237 188 172 187 190 180 175 171 175 185 182 175 188 213 188 209 257 282 237 282 295 156 164 142 95 82 63 54 47 44 41 39 41 47 49 46 40 41 43 43 42 45 40 39 38 35 43 52 46 44 38 33 32 30 29 28 29 30 31 32 35 38 39 39
-3.4e+38 -3.4e+38 -3.4e+38 -3.4e+38 -3.4e+38 -3.4e+38 -3.4e+38 179 178 193 209 203 194 191 196 198 200 207 231 242 256 270 208 178 184 184 174 171 175 177 182 188 194 210 230 230 219 280 281 247 289 185 166 168 139 138 83 58 49 45 42 40 39 40 41 42 40 52 61 56 50 45 42 39 38 37 43 52 58 55 43 37 33 31 31 30 31 30 31 31 32 34 35 36
-3.4e+38 -3.4e+38 -3.4e+38 -3.4e+38 -3.4e+38 -3.4e+38 -3.4e+38 -3.4e+38 -3.4e+38 178 191 197 187 185 187 187 185 194 254 263 230 233 225 196 173 171 171 172 172 174 179 185 186 201 218 234 197 197 198 240 250 232 252 237 196 224 156 77 62 48 44 41 39 38 36 36 37 40 50 63 51 42 37 36 36 39 42 52 63 66 52 43 36 34 32 31 32 33 32 32 32 33 35 33
-3.4e+38 -3.4e+38 -3.4e+38 -3.4e+38 -3.4e+38 -3.4e+38 -3.4e+38 -3.4e+38 -3.4e+38 -3.4e+38 -3.4e+38 185 187 184 177 181 181 189 240 209 221 238 225 207 194 176 170 172 172 173 191 179 183 188 204 202 201 199 189 219 203 241 305 323 303 201 136 92 69 53 45 41 39 38 36 34 34 34 33 35 36 34 37 41 43 44 44 45 49 52 52 45 39 36 34 32 34 34 34 34 33 36 38 36
-3.4e+38 -3.4e+38 -3.4e+38 -3.4e+38 -3.4e+38 -3.4e+38 -3.4e+38 -3.4e+38 -3.4e+38 -3.4e+38 -3.4e+38 -3.4e+38 176 173 178 183 180 184 194 223 254 228 191 180 181 189 177 171 173 181 177 173 175 187 203 218 242 258 213 186 169 166 221 221 194 207 199 130 99 66 48 44 40 38 38 36 33 33 31 31 31 34 47 52 52 49 47 46 48 50 49 47 43 42 39 36 36 36 36 35 34 36 35 33
-3.4e+38 -3.4e+38 -3.4e+38 -3.4e+38 -3.4e+38 -3.4e+38 -3.4e+38 -3.4e+38 -3.4e+38 -3.4e+38 -3.4e+38 -3.4e+38 -3.4e+38 -3.4e+38 167 175 170 173 185 232 272 207 168 182 179 177 191 188 185 224 232 204 191 186 203 233 266 271 270 225 182 143 152 142 139 133 162 187 185 89 57 47 42 38 38 36 35 34 32 31 31 31 40 41 47 41 41 41 42 46 48 45 43 42 41 39 36 36 35 34 35 35 34 33
-3.4e+38 -3.4e+38 -3.4e+38 -3.4e+38 -3.4e+38 -3.4e+38 -3.4e+38 -3.4e+38 -3.4e+38 -3.4e+38 -3.4e+38 -3.4e+38 -3.4e+38 -3.4e+38 -3.4e+38 162 166 175 172 193 216 186 167 170 169 177 182 185 182 225 276 279 245 247 215 200 222 252 282 298 238 187 127 122 115 97 83 88 161 129 75 58 50 41 39 36 35 35 32 31 30 30 31 32 34 33 34 37 38 42 43 44 42 40 37 37 36 36 36 36 36 36 35 34
-3.4e+38 -3.4e+38 -3.4e+38 -3.4e+38 -3.4e+38 -3.4e+38 -3.4e+38 -3.4e+38 -3.4e+38 -3.4e+38 -3.4e+38 -3.4e+38 -3.4e+38 -3.4e+38 -3.4e+38 -3.4e+38 163 193 200 175 165 168 160 172 171 169 164 170 166 177 228 317 345 342 314 248 222 231 253 289 285 228 142 125 96 97 88 70 88 141 100 64 50 42 40 38 35 35 33 32 30 30 29 29 30 31 31 31 35 41 40 42 40 37 37 37 36 36 36 35 36 36 36 35
-3.4e+38 -3.4e+38 -3.4e+38 -3.4e+38 -3.4e+38 -3.4e+38 -3.4e+38 -3.4e+38 -3.4e+38 -3.4e+38 -3.4e+38 -3.4e+38 -3.4e+38 -3.4e+38 -3.4e+38 -3.4e+38 -3.4e+38 -3.4e+38 160 163 169 154 161 170 163 161 171 179 188 179 177 220 293 335 304 246 221 200 215 265 326 286 218 145 93 82 86 71 69 78 83 64 50 44 40 39 38 35 33 33 31 31 31 29 29 29 30 30 31 35 40 40 39 37 37 36 34 34 34 34 34 35 36 36
-3.4e+38 -3.4e+38 -3.4e+38 -3.4e+38 -3.4e+38 -3.4e+38 -3.4e+38 -3.4e+38 -3.4e+38 -3.4e+38 -3.4e+38 -3.4e+38 -3.4e+38 -3.4e+38 -3.4e+38 -3.4e+38 -3.4e+38 -3.4e+38 148 151 157 156 155 160 160 169 177 186 190 200 191 185 214 229 251 242 202 198 203 243 298 300 254 155 91 81 76 74 75 68 63 57 50 45 41 38 37 36 33 33 32 31 31 31 30 28 29 30 31 32 37 37 37 38 36 36 36 36 36 36 34 34 33 34
-3.4e+38 -3.4e+38 -3.4e+38 -3.4e+38 -3.4e+38 -3.4e+38 -3.4e+38 -3.4e+38 -3.4e+38 -3.4e+38 -3.4e+38 -3.4e+38 -3.4e+38 -3.4e+38 -3.4e+38 -3.4e+38 -3.4e+38 -3.4e+38 -3.4e+38 146 147 151 153 160 172 188 191 200 200 199 199 210 237 265 251 252 207 211 224 222 256 281 242 149 97 82 76 72 68 63 59 55 49 45 42 39 37 37 36 33 33 32 31 31 30 29 29 29 29 31 32 36 39 39 39 39 38 36 36 36 36 36 36 34
-3.4e+38 -3.4e+38 -3.4e+38 -3.4e+38 -3.4e+38 -3.4e+38 -3.4e+38 -3.4e+38 -3.4e+38 -3.4e+38 -3.4e+38 -3.4e+38 -3.4e+38 -3.4e+38 -3.4e+38 -3.4e+38 -3.4e+38 -3.4e+38 -3.4e+38 -3.4e+38 148 152 157 165 174 189 196 199 208 205 211 212 217 214 239 260 259 259 296 267 248 233 229 212 137 96 84 75 72 66 57 53 50 47 44 42 40 37 36 34 33 32 31 30 30 30 29 29 29 29 31 33 36 39 41 41 41 38 38 38 36 36 37 35
-3.4e+38 -3.4e+38 -3.4e+38 -3.4e+38 -3.4e+38 -3.4e+38 -3.4e+38 -3.4e+38 -3.4e+38 -3.4e+38 -3.4e+38 -3.4e+38 -3.4e+38 -3.4e+38 -3.4e+38 -3.4e+38 -3.4e+38 -3.4e+38 -3.4e+38 -3.4e+38 -3.4e+38 149 155 165 175 185 189 191 190 192 211 211 208 184 229 227 249 245 302 344 231 194 174 152 137 115 98 86 75 66 58 53 50 47 45 42 40 37 36 35 34 32 32 31 30 30 29 29 29 29 29 31 33 33 33 36 41 41 41 39 36 37 36 36
-3.4e+38 -3.4e+38 -3.4e+38 -3.4e+38 -3.4e+38 -3.4e+38 -3.4e+38 -3.4e+38 -3.4e+38 -3.4e+38 -3.4e+38 -3.4e+38 -3.4e+38 -3.4e+38 -3.4e+38 -3.4e+38 -3.4e+38 -3.4e+38 -3.4e+38 -3.4e+38 -3.4e+38 -3.4e+38 154 160 175 196 199 193 188 178 184 192 193 189 213 214 223 231 273 315 254 172 174 155 155 125 113 122 107 84 61 53 49 46 44 41 39 36 35 34 34 33 33 33 32 31 30 30 30 29 29 30 30 30 31 33 33 35 38 38 36 38 38 38
-3.4e+38 -3.4e+38 -3.4e+38 -3.4e+38 -3.4e+38 -3.4e+38 -3.4e+38 -3.4e+38 -3.4e+38 -3.4e+38 -3.4e+38 -3.4e+38 -3.4e+38 -3.4e+38 -3.4e+38 -3.4e+38 -3.4e+38 -3.4e+38 -3.4e+38 -3.4e+38 -3.4e+38 -3.4e+38 153 161 163 178 195 182 175 182 195 203 201 199 211 221 225 225 283 329 280 217 235 164 161 179 162 133 128 116 75 56 51 47 44 42 39 39 37 35 34 34 33 33 32 31 30 30 30 29 29 28 29 29 29 30 31 33 34 35 35 38 39 35
-3.4e+38 -3.4e+38 -3.4e+38 -3.4e+38 -3.4e+38 -3.4e+38 -3.4e+38 -3.4e+38 -3.4e+38 -3.4e+38 -3.4e+38 -3.4e+38 -3.4e+38 -3.4e+38 -3.4e+38 -3.4e+38 -3.4e+38 -3.4e+38 -3.4e+38 -3.4e+38 -3.4e+38 -3.4e+38 150 158 160 163 174 187 182 189 220 208 202 202 202 216 208 232 279 346 368 275 204 176 161 181 205 159 114 103 79 63 60 53 44 43 40 39 38 37 35 33 33 33 33 31 31 30 30 28 29 28 28 29 28 30 30 32 32 33 34 35 36 35
-3.4e+38 -3.4e+38 -3.4e+38 -3.4e+38 -3.4e+38 -3.4e+38 -3.4e+38 -3.4e+38 -3.4e+38 -3.4e+38 -3.4e+38 -3.4e+38 -3.4e+38 -3.4e+38 -3.4e+38 -3.4e+38 -3.4e+38 -3.4e+38 -3.4e+38 -3.4e+38 -3.4e+38 -3.4e+38 -3.4e+38 154 157 160 175 191 186 186 216 220 200 199 212 195 186 225 266 366 380 335 220 153 143 125 115 109 98 81 71 69 70 74 64 44 41 41 39 37 35 33 33 33 33 32 31 30 30 29 28 28 27 28 28 28 28 30 32 32 33 34 35 34
-3.4e+38 -3.4e+38 -3.4e+38 -3.4e+38 -3.4e+38 -3.4e+38 -3.4e+38 -3.4e+38 -3.4e+38 -3.4e+38 -3.4e+38 -3.4e+38 -3.4e+38 -3.4e+38 -3.4e+38 -3.4e+38 -3.4e+38 -3.4e+38 -3.4e+38 -3.4e+38 -3.4e+38 -3.4e+38 -3.4e+38 158 160 162 169 180 182 186 195 196 194 209 229 188 211 221 263 363 352 351 299 195 146 135 128 102 89 81 73 65 65 64 54 44 41 40 39 36 35 33 33 33 32 31 30 31 29 29 29 27 27 27 28 28 29 29 30 30 32 32 33 33
-3.4e+38 -3.4e+38 -3.4e+38 -3.4e+38 -3.4e+38 -3.4e+38 -3.4e+38 -3.4e+38 -3.4e+38 -3.4e+38 -3.4e+38 -3.4e+38 -3.4e+38 -3.4e+38 -3.4e+38 -3.4e+38 -3.4e+38 -3.4e+38 -3.4e+38 -3.4e+38 -3.4e+38 -3.4e+38 -3.4e+38 158 161 163 169 177 186 183 182 170 195 190 208 194 208 218 248 292 331 334 325 297 194 172 134 115 89 77 71 66 59 55 48 44 41 39 37 36 34 33 32 32 31 30 30 29 29 29 28 28 27 27 27 28 28 29 29 30 30 31 36 36
-3.4e+38 -3.4e+38 -3.4e+38 -3.4e+38 -3.4e+38 -3.4e+38 -3.4e+38 -3.4e+38 -3.4e+38 -3.4e+38 -3.4e+38 -3.4e+38 -3.4e+38 -3.4e+38 -3.4e+38 -3.4e+38 -3.4e+38 -3.4e+38 -3.4e+38 -3.4e+38 -3.4e+38 -3.4e+38 -3.4e+38 156 162 164 167 168 179 164 161 161 163 190 198 214 244 230 264 266 293 275 314 310 289 193 156 124 93 78 74 66 61 59 50 46 42 39 36 34 32 31 31 30 31 30 29 29 28 28 27 27 27 27 27 27 28 28 29 29 28 30 33 35
-3.4e+38 -3.4e+38 -3.4e+38 -3.4e+38 -3.4e+38 -3.4e+38 -3.4e+38 -3.4e+38 -3.4e+38 -3.4e+38 -3.4e+38 -3.4e+38 -3.4e+38 -3.4e+38 -3.4e+38 -3.4e+38 -3.4e+38 -3.4e+38 -3.4e+38 -3.4e+38 -3.4e+38 -3.4e+38 -3.4e+38 156 156 160 163 156 164 176 161 161 182 195 196 215 215 226 239 255 265 270 293 295 278 246 183 131 100 95 86 77 74 74 57 46 42 38 35 33 31 31 30 30 29 29 28 27 27 27 27 28 26 26 26 26 26 27 28 28 28 29 31 32
-3.4e+38 -3.4e+38 -3.4e+38 -3.4e+38 -3.4e+38 -3.4e+38 -3.4e+38 -3.4e+38 -3.4e+38 -3.4e+38 -3.4e+38 -3.4e+38 -3.4e+38 -3.4e+38 -3.4e+38 -3.4e+38 -3.4e+38 -3.4e+38 -3.4e+38 -3.4e+38 -3.4e+38 -3.4e+38 -3.4e+38 145 144 150 152 153 159 165 170 162 163 177 197 214 223 222 218 253 270 261 238 250 225 222 178 147 112 108 96 79 67 61 53 46 43 38 35 33 31 30 30 29 29 28 27 27 27 28 28 27 26 26 26 26 27 27 27 28 28 28 29 29
-3.4e+38 -3.4e+38 -3.4e+38 -3.4e+38 -3.4e+38 -3.4e+38 -3.4e+38 -3.4e+38 -3.4e+38 -3.4e+38 -3.4e+38 -3.4e+38 -3.4e+38 -3.4e+38 -3.4e+38 -3.4e+38 -3.4e+38 -3.4e+38 -3.4e+38 -3.4e+38 -3.4e+38 -3.4e+38 -3.4e+38 147 148 144 149 148 152 155 160 160 169 197 221 230 236 216 215 233 242 219 199 194 193 202 163 149 126 114 105 88 75 64 53 48 45 40 34 33 30 29 29 29 28 27 27 28 28 27 27 27 26 26 26 26 27 27 27 27 28 28 28 30
-3.4e+38 -3.4e+38 -3.4e+38 -3.4e+38 -3.4e+38 -3.4e+38 -3.4e+38 -3.4e+38 -3.4e+38 -3.4e+38 -3.4e+38 -3.4e+38 -3.4e+38 -3.4e+38 -3.4e+38 -3.4e+38 -3.4e+38 -3.4e+38 -3.4e+38 -3.4e+38 -3.4e+38 -3.4e+38 -3.4e+38 147 144 141 139 138 146 145 153 189 184 171 187 225 228 211 206 207 212 200 194 186 176 173 158 137 127 116 109 102 93 78 66 52 45 41 36 33 29 29 27 28 27 26 26 27 26 28 26 26 26 26 26 26 26 26 27 27 27 28 28 28
-3.4e+38 -3.4e+38 -3.4e+38 -3.4e+38 -3.4e+38 -3.4e+38 -3.4e+38 -3.4e+38 -3.4e+38 -3.4e+38 -3.4e+38 -3.4e+38 -3.4e+38 -3.4e+38 -3.4e+38 -3.4e+38 -3.4e+38 -3.4e+38 -3.4e+38 -3.4e+38 -3.4e+38 -3.4e+38 -3.4e+38 -3.4e+38 -3.4e+38 -3.4e+38 134 133 137 145 155 157 173 174 176 197 225 194 207 204 200 199 181 172 165 160 151 133 123 118 107 100 98 88 75 63 48 41 37 33 35 32 28 27 27 27 26 26 26 26 26 26 26 26 25 26 25 26 26 26 27 28 28 29
-3.4e+38 -3.4e+38 -3.4e+38 -3.4e+38 -3.4e+38 -3.4e+38 -3.4e+38 -3.4e+38 -3.4e+38 -3.4e+38 -3.4e+38 -3.4e+38 -3.4e+38 -3.4e+38 -3.4e+38 -3.4e+38 -3.4e+38 -3.4e+38 -3.4e+38 -3.4e+38 -3.4e+38 -3.4e+38 -3.4e+38 -3.4e+38 -3.4e+38 -3.4e+38 133 132 135 141 147 147 180 229 222 191 183 184 199 196 197 189 177 173 168 158 146 132 124 118 111 94 92 96 74 62 54 44 38 36 44 32 28 29 28 27 27 26 26 26 26 26 26 25 24 24 24 25 26 26 27 28 28 29
-3.4e+38 -3.4e+38 -3.4e+38 -3.4e+38 -3.4e+38 -3.4e+38 -3.4e+38 -3.4e+38 -3.4e+38 -3.4e+38 -3.4e+38 -3.4e+38 -3.4e+38 -3.4e+38 -3.4e+38 -3.4e+38 -3.4e+38 -3.4e+38 -3.4e+38 -3.4e+38 -3.4e+38 -3.4e+38 -3.4e+38 -3.4e+38 -3.4e+38 -3.4e+38 132 132 133 145 149 151 162 192 178 152 169 204 186 184 182 177 174 170 163 153 143 132 123 117 107 95 92 94 86 70 61 49 38 33 31 32 32 29 28 28 28 27 27 26 26 25 25 24 24 25 24 25 26 26 26 27 28 29
-3.4e+38 -3.4e+38 -3.4e+38 -3.4e+38 -3.4e+38 -3.4e+38 -3.4e+38 -3.4e+38 -3.4e+38 -3.4e+38 -3.4e+38 -3.4e+38 -3.4e+38 -3.4e+38 -3.4e+38 -3.4e+38 -3.4e+38 -3.4e+38 -3.4e+38 -3.4e+38 -3.4e+38 -3.4e+38 -3.4e+38 -3.4e+38 -3.4e+38 -3.4e+38 -3.4e+38 143 149 138 140 138 140 152 186 148 162 177 181 189 188 185 181 170 161 151 142 132 123 113 103 103 95 97 95 94 83 54 42 36 34 31 36 37 30 29 29 28 26 26 24 24 24 23 24 24 24 24 26 26 25 28 28 27
-3.4e+38 -3.4e+38 -3.4e+38 -3.4e+38 -3.4e+38 -3.4e+38 -3.4e+38 -3.4e+38 -3.4e+38 -3.4e+38 -3.4e+38 -3.4e+38 -3.4e+38 -3.4e+38 -3.4e+38 -3.4e+38 -3.4e+38 -3.4e+38 -3.4e+38 -3.4e+38 -3.4e+38 -3.4e+38 -3.4e+38 -3.4e+38 -3.4e+38 -3.4e+38 -3.4e+38 149 162 162 153 137 149 145 143 150 145 149 178 190 187 171 173 168 160 151 142 134 125 125 116 114 102 97 100 102 93 72 49 40 38 36 35 45 49 39 33 28 27 26 25 24 24 23 24 24 24 24 26 26 26 27 28 28
