model/data/bioclim/bclim17.asc
NCOLS 300 
NROWS 300 
XLLCORNER -125.250000000003 
YLLCORNER 30.7499999999996 
CELLSIZE 0.041666666666667 
NODATA_value -32768 
[rows 0 to 41 of 300, columns 0 to 95 of 300]
-32768.000000000000000 -32768 -32768 -32768 -32768 -32768 -32768 -32768 -32768 -32768 -32768 -32768 -32768 -32768 -32768 -32768 -32768 -32768 -32768 -32768 79 78 77 73 71 70 67 66 64 63 63 62 64 67 66 69 71 65 65 67 65 50 48 49 47 50 53 57 58 61 66 70 74 74 77 79 80 81 84 86 85 88 85 89 85 81 81 80 78 78 85 80 79 80 80 87 97 98 87 84 76 68 60 58 63 62 62 59 58 57 53 51 54 61 61 59
-32768 -32768 -32768 -32768 -32768 -32768 -32768 -32768 -32768 -32768 -32768 -32768 -32768 -32768 -32768 -32768 -32768 -32768 -32768 -32768 78 77 77 71 70 67 67 64 63 60 59 64 66 67 67 67 67 67 67 62 52 50 48 50 49 51 54 57 54 60 69 75 73 73 78 80 84 84 80 82 88 90 90 90 85 84 84 87 79 82 85 90 94 89 81 90 102 101 89 77 67 62 59 58 58 58 58 57 55 54 53 50 51 57 60 53
-32768 -32768 -32768 -32768 -32768 -32768 -32768 -32768 -32768 -32768 -32768 -32768 -32768 -32768 -32768 -32768 -32768 -32768 -32768 79 78 76 76 72 70 67 66 62 61 59 57 59 58 58 59 61 65 68 61 52 52 48 45 48 47 48 53 53 59 65 68 67 71 72 75 78 83 84 81 82 82 83 82 81 79 79 84 91 83 83 92 96 104 93 79 92 104 95 82 72 63 59 56 55 55 56 58 59 54 51 53 50 49 53 54 50
-32768 -32768 -32768 -32768 -32768 -32768 -32768 -32768 -32768 -32768 -32768 -32768 -32768 -32768 -32768 -32768 -32768 -32768 -32768 80 79 77 75 72 70 66 64 62 60 59 58 58 60 66 66 63 67 61 55 49 47 47 47 44 46 49 52 59 62 59 61 65 69 74 78 79 79 78 77 76 78 78 77 77 77 77 85 88 88 84 81 89 90 84 83 87 87 79 69 64 60 58 56 55 54 54 55 59 53 51 51 50 49 49 47 47
-32768 -32768 -32768 -32768 -32768 -32768 -32768 -32768 -32768 -32768 -32768 -32768 -32768 -32768 -32768 -32768 -32768 -32768 -32768 80 79 78 75 72 70 66 64 62 61 61 58 58 60 54 64 66 57 51 52 48 46 48 50 47 47 47 53 56 54 57 59 63 63 67 74 75 76 74 73 72 73 73 74 77 76 80 85 87 87 77 75 82 84 84 93 88 92 77 67 64 60 57 56 55 53 54 52 50 50 49 50 50 53 53 51 49
-32768 -32768 -32768 -32768 -32768 -32768 -32768 -32768 -32768 -32768 -32768 -32768 -32768 -32768 -32768 -32768 -32768 -32768 -32768 82 81 78 78 74 71 67 63 63 61 58 56 56 54 55 62 63 51 48 52 51 50 50 53 52 52 54 48 48 52 55 57 58 61 67 69 69 69 70 69 74 74 72 74 76 76 76 83 84 74 73 77 82 86 90 90 89 85 75 68 61 59 56 55 54 52 51 49 48 48 48 47 51 55 57 57 57
-32768 -32768 -32768 -32768 -32768 -32768 -32768 -32768 -32768 -32768 -32768 -32768 -32768 -32768 -32768 -32768 -32768 -32768 86 84 81 80 77 76 71 67 64 62 63 58 56 57 57 52 57 57 51 55 58 54 51 53 53 60 54 47 47 52 51 51 55 57 62 63 64 68 64 65 70 72 69 69 72 76 76 76 80 76 71 72 74 79 86 95 98 93 89 83 75 66 57 56 54 52 52 51 48 47 47 46 47 51 59 68 69 67
-32768 -32768 -32768 -32768 -32768 -32768 -32768 -32768 -32768 -32768 -32768 -32768 -32768 -32768 -32768 -32768 -32768 -32768 87 85 83 80 77 76 72 68 65 61 63 58 58 59 62 62 56 57 51 51 56 56 57 49 49 47 44 45 45 46 51 51 52 53 55 57 61 61 65 67 65 72 71 71 73 80 83 77 73 72 70 71 74 77 83 96 90 87 89 95 82 66 57 55 53 51 50 48 48 47 47 49 46 52 69 77 75 67
-32768 -32768 -32768 -32768 -32768 -32768 -32768 -32768 -32768 -32768 -32768 -32768 -32768 -32768 -32768 -32768 -32768 90 89 86 84 82 77 77 72 70 66 63 58 59 62 67 65 68 66 60 56 59 57 51 47 48 49 49 48 51 55 52 52 57 56 58 56 59 62 60 62 68 69 69 72 77 77 82 76 69 69 69 74 77 75 77 82 89 94 93 92 86 78 63 56 53 52 51 49 48 48 48 47 47 46 48 57 69 62 60
-32768 -32768 -32768 -32768 -32768 -32768 -32768 -32768 -32768 -32768 -32768 -32768 -32768 -32768 -32768 -32768 93 92 89 86 85 83 81 77 72 68 69 65 60 62 67 70 71 66 60 56 55 58 56 51 49 49 52 51 55 56 53 51 55 57 58 58 59 62 62 62 60 62 69 72 72 69 69 73 73 69 68 68 71 76 82 82 88 90 82 84 79 73 69 61 55 53 52 50 49 48 50 48 48 47 47 46 51 60 58 55
-32768 -32768 -32768 -32768 -32768 -32768 -32768 -32768 -32768 -32768 -32768 -32768 -32768 -32768 -32768 -32768 94 92 90 86 84 80 78 75 72 68 66 70 65 59 67 67 65 62 62 60 56 54 50 48 49 52 49 54 53 53 53 53 51 53 57 56 56 60 63 64 65 62 63 69 68 65 65 67 70 69 66 67 67 76 77 75 83 85 82 71 65 65 65 61 57 52 49 48 48 49 48 51 51 47 46 46 51 57 57 54
-32768 -32768 -32768 -32768 -32768 -32768 -32768 -32768 -32768 -32768 -32768 -32768 -32768 -32768 -32768 -32768 -32768 92 90 86 83 80 78 77 73 72 72 69 63 67 69 66 63 61 61 61 61 57 53 49 48 48 52 49 47 46 47 47 51 53 60 61 57 63 64 68 68 65 68 66 63 63 63 65 69 67 64 64 65 66 70 79 80 82 78 63 57 55 61 61 56 50 49 48 48 47 47 50 49 47 46 46 50 57 55 52
-32768 -32768 -32768 -32768 -32768 -32768 -32768 -32768 -32768 -32768 -32768 -32768 -32768 -32768 -32768 -32768 -32768 92 90 86 83 80 78 74 73 73 74 70 64 65 67 64 55 53 56 55 57 60 55 54 54 48 46 46 45 46 50 51 56 59 59 56 60 62 64 62 59 59 62 62 59 63 63 65 64 63 63 63 63 62 65 71 72 81 70 61 54 53 51 54 54 50 52 52 48 47 47 50 51 49 46 46 47 50 50 49
-32768 -32768 -32768 -32768 -32768 -32768 -32768 -32768 -32768 -32768 -32768 -32768 -32768 -32768 -32768 -32768 -32768 -32768 -32768 86 84 81 78 76 75 72 78 70 66 67 61 55 54 57 53 52 50 55 50 50 50 46 46 46 44 46 48 53 62 56 55 51 54 57 58 58 56 54 59 59 57 59 57 60 65 67 63 63 63 62 62 74 72 76 76 67 53 51 49 51 50 49 48 46 48 49 47 48 51 53 49 48 47 49 49 49
-32768 -32768 -32768 -32768 -32768 -32768 -32768 -32768 -32768 -32768 -32768 -32768 -32768 -32768 -32768 -32768 -32768 -32768 -32768 -32768 82 80 77 76 73 72 74 69 61 59 61 61 61 66 66 55 48 47 48 46 43 42 42 41 41 44 45 51 51 51 50 52 51 54 57 52 58 56 51 55 57 55 61 63 66 68 63 61 62 63 62 72 83 81 74 62 52 50 49 48 46 45 46 45 45 47 46 46 55 55 49 56 50 47 48 50
-32768 -32768 -32768 -32768 -32768 -32768 -32768 -32768 -32768 -32768 -32768 -32768 -32768 -32768 -32768 -32768 -32768 -32768 -32768 -32768 82 80 78 74 72 70 70 69 61 63 61 61 67 70 67 60 53 49 55 45 44 48 45 42 43 46 46 52 50 45 45 51 51 49 50 50 54 50 49 55 56 54 58 60 64 64 61 59 59 66 62 69 77 71 67 57 50 49 47 46 46 43 45 42 41 41 43 46 53 51 49 49 47 47 47 53
-32768 -32768 -32768 -32768 -32768 -32768 -32768 -32768 -32768 -32768 -32768 -32768 -32768 -32768 -32768 -32768 -32768 -32768 -32768 -32768 82 79 77 74 72 72 69 64 61 60 59 68 68 60 60 62 58 53 48 42 42 42 40 38 38 40 42 47 47 40 42 43 45 49 50 47 47 45 48 53 53 56 57 59 60 60 59 59 58 60 66 67 73 70 66 54 49 47 47 45 43 43 48 44 41 41 43 43 43 46 46 47 46 45 46 47
-32768 -32768 -32768 -32768 -32768 -32768 -32768 -32768 -32768 -32768 -32768 -32768 -32768 -32768 -32768 -32768 -32768 -32768 -32768 -32768 82 80 77 74 72 70 67 66 61 60 58 62 61 56 57 60 58 54 46 43 46 42 38 37 37 40 44 48 47 39 41 47 47 48 45 43 42 43 44 48 54 57 59 60 60 59 57 56 58 58 68 69 70 66 77 61 48 47 45 43 43 46 48 49 41 47 47 40 40 42 42 45 44 44 44 43
-32768 -32768 -32768 -32768 -32768 -32768 -32768 -32768 -32768 -32768 -32768 -32768 -32768 -32768 -32768 -32768 -32768 -32768 -32768 83 82 80 77 74 72 70 70 65 63 60 59 59 56 54 54 54 60 54 48 49 46 41 38 37 36 37 40 45 46 40 42 44 43 43 41 41 43 42 43 44 46 49 52 56 59 60 58 55 56 58 67 69 68 61 58 53 47 46 44 43 42 46 51 48 48 54 45 40 40 41 42 42 42 43 43 43
-32768 -32768 -32768 -32768 -32768 -32768 -32768 -32768 -32768 -32768 -32768 -32768 -32768 -32768 -32768 -32768 -32768 -32768 -32768 83 82 80 77 75 72 71 69 70 65 60 59 58 58 54 60 56 56 48 51 54 46 39 37 36 36 36 36 37 43 38 38 40 39 40 40 39 39 41 42 44 49 51 49 51 54 59 59 56 58 63 80 68 63 54 50 49 46 45 43 42 42 45 52 48 51 58 45 43 41 41 41 42 42 42 43 43
-32768 -32768 -32768 -32768 -32768 -32768 -32768 -32768 -32768 -32768 -32768 -32768 -32768 -32768 -32768 -32768 -32768 -32768 -32768 82 81 79 77 75 74 73 70 69 62 60 59 57 53 51 56 50 50 51 53 48 42 40 38 36 35 35 37 44 41 43 36 43 42 42 41 39 39 40 43 45 49 52 52 51 53 55 58 56 57 59 59 60 58 54 57 57 49 44 43 42 39 38 41 41 49 54 52 44 40 43 46 46 43 42 43 43
-32768 -32768 -32768 -32768 -32768 -32768 -32768 -32768 -32768 -32768 -32768 -32768 -32768 -32768 -32768 -32768 -32768 -32768 -32768 83 81 80 76 74 73 72 73 66 66 62 59 61 58 56 52 48 51 55 54 43 40 40 38 37 37 35 37 42 45 46 41 44 49 49 46 40 39 40 45 51 53 52 55 53 53 53 54 56 58 57 58 63 57 59 71 68 59 43 46 42 39 38 38 40 40 37 37 43 42 39 42 45 45 47 48 49
-32768 -32768 -32768 -32768 -32768 -32768 -32768 -32768 -32768 -32768 -32768 -32768 -32768 -32768 -32768 -32768 -32768 -32768 -32768 82 81 79 75 75 72 70 69 66 64 61 59 61 62 62 55 47 49 55 47 41 41 41 43 46 46 39 39 37 37 43 46 48 49 48 45 41 41 41 44 51 55 55 53 58 58 57 57 55 57 56 56 57 56 56 63 67 65 43 42 39 38 37 37 40 40 34 34 36 39 36 36 39 42 47 50 51
-32768 -32768 -32768 -32768 -32768 -32768 -32768 -32768 -32768 -32768 -32768 -32768 -32768 -32768 -32768 -32768 -32768 -32768 -32768 -32768 82 80 77 75 72 70 67 66 63 61 60 55 54 57 57 51 50 44 43 41 39 39 41 42 48 49 45 36 36 39 42 47 45 45 47 48 46 44 43 47 51 55 58 59 58 61 58 57 57 56 58 57 53 52 52 51 54 43 42 41 38 36 35 40 40 36 33 33 36 36 36 38 39 42 44 45
-32768 -32768 -32768 -32768 -32768 -32768 -32768 -32768 -32768 -32768 -32768 -32768 -32768 -32768 -32768 -32768 -32768 -32768 -32768 -32768 82 79 77 74 71 69 68 66 63 60 61 58 57 57 61 59 49 45 41 41 41 41 48 48 52 46 40 36 41 39 43 42 41 45 48 50 52 49 47 46 46 49 51 52 52 57 60 58 55 54 57 53 53 55 50 45 43 42 42 39 38 36 34 32 35 39 39 33 34 35 35 38 38 40 42 44
-32768 -32768 -32768 -32768 -32768 -32768 -32768 -32768 -32768 -32768 -32768 -32768 -32768 -32768 -32768 -32768 -32768 -32768 -32768 -32768 -32768 79 76 74 71 70 69 67 63 63 64 59 57 57 60 52 48 45 41 43 44 44 52 54 55 43 40 39 41 45 48 49 44 45 46 48 54 54 52 51 50 46 46 48 54 57 59 58 56 53 50 48 49 51 51 44 42 42 40 41 38 36 33 32 30 30 33 33 36 35 34 36 36 37 38 41
-32768 -32768 -32768 -32768 -32768 -32768 -32768 -32768 -32768 -32768 -32768 -32768 -32768 -32768 -32768 -32768 -32768 -32768 -32768 -32768 -32768 79 76 76 72 71 70 66 63 61 60 63 59 60 57 57 51 45 40 41 40 41 43 46 49 49 56 47 44 48 48 46 44 47 46 47 49 51 56 61 53 52 47 47 48 51 54 57 51 50 48 47 47 46 47 45 42 40 40 38 36 34 32 30 29 30 31 36 36 33 34 36 38 37 37 38
-32768 -32768 -32768 -32768 -32768 -32768 -32768 -32768 -32768 -32768 -32768 -32768 -32768 -32768 -32768 -32768 -32768 -32768 -32768 -32768 -32768 79 78 76 74 73 68 66 64 60 59 59 59 57 55 53 49 43 42 41 41 43 44 50 59 62 67 53 47 48 46 42 46 47 47 48 51 54 55 68 64 61 54 49 48 48 53 50 48 46 47 47 46 46 45 45 42 41 42 38 36 34 32 32 30 30 38 42 39 37 34 37 39 45 42 37
-32768 -32768 -32768 -32768 -32768 -32768 -32768 -32768 -32768 -32768 -32768 -32768 -32768 -32768 -32768 -32768 -32768 -32768 -32768 -32768 -32768 -32768 79 78 76 73 70 68 66 61 59 59 55 57 57 53 46 45 43 43 49 47 52 48 56 63 58 53 48 46 45 44 48 50 53 57 64 66 63 68 65 59 52 52 51 52 54 51 48 44 45 46 43 43 43 42 41 41 44 40 37 34 32 32 33 31 31 34 34 35 36 34 37 43 47 41
-32768 -32768 -32768 -32768 -32768 -32768 -32768 -32768 -32768 -32768 -32768 -32768 -32768 -32768 -32768 -32768 -32768 -32768 -32768 -32768 -32768 -32768 -32768 79 76 74 72 70 65 61 60 58 57 57 56 51 47 47 46 48 55 54 61 60 58 59 58 59 57 47 42 45 46 50 54 62 70 68 59 54 52 49 48 48 52 48 47 45 44 44 44 43 43 41 41 41 40 40 40 38 36 35 32 32 32 31 31 31 33 34 34 34 34 36 44 47
-32768 -32768 -32768 -32768 -32768 -32768 -32768 -32768 -32768 -32768 -32768 -32768 -32768 -32768 -32768 -32768 -32768 -32768 -32768 -32768 -32768 -32768 -32768 -32768 -32768 74 71 66 66 61 60 57 56 55 56 53 49 49 51 49 55 59 53 58 57 56 60 58 51 45 47 51 50 55 56 62 57 57 57 49 51 50 45 45 46 46 44 43 43 43 42 42 42 41 43 41 40 39 39 37 36 35 33 32 32 32 32 32 33 34 34 34 34 35 38 40
-32768 -32768 -32768 -32768 -32768 -32768 -32768 -32768 -32768 -32768 -32768 -32768 -32768 -32768 -32768 -32768 -32768 -32768 -32768 -32768 -32768 -32768 -32768 -32768 -32768 75 73 70 66 62 61 59 57 54 53 51 49 51 59 55 58 56 45 50 51 46 55 53 56 59 53 58 57 63 68 64 54 49 47 49 51 52 48 43 43 43 43 43 42 42 42 46 45 43 43 40 40 39 38 36 36 35 34 32 32 32 32 33 34 34 34 34 34 35 37 39
-32768 -32768 -32768 -32768 -32768 -32768 -32768 -32768 -32768 -32768 -32768 -32768 -32768 -32768 -32768 -32768 -32768 -32768 -32768 -32768 -32768 -32768 -32768 -32768 -32768 75 74 69 63 62 61 59 58 54 53 51 52 57 64 64 59 52 45 42 46 47 46 46 49 53 45 46 45 49 54 62 50 46 44 46 43 46 54 46 42 42 42 41 42 42 44 53 54 45 42 40 39 39 37 36 36 40 35 35 33 33 34 34 34 34 34 34 35 35 37 38
-32768 -32768 -32768 -32768 -32768 -32768 -32768 -32768 -32768 -32768 -32768 -32768 -32768 -32768 -32768 -32768 -32768 -32768 -32768 -32768 -32768 -32768 -32768 -32768 74 74 74 71 64 64 64 60 57 55 53 52 51 57 60 65 55 49 47 44 41 45 41 41 41 40 41 44 42 41 44 43 43 43 42 43 43 41 45 43 41 43 41 41 42 43 44 53 55 54 43 39 39 38 37 37 36 38 38 35 35 35 36 34 35 34 35 35 35 35 35 38
-32768 -32768 -32768 -32768 -32768 -32768 -32768 -32768 -32768 -32768 -32768 -32768 -32768 -32768 -32768 -32768 -32768 -32768 -32768 -32768 -32768 -32768 -32768 -32768 72 73 72 72 68 64 60 58 58 57 53 56 57 60 56 61 58 58 55 46 41 40 41 43 42 41 42 40 42 40 40 43 42 42 43 46 46 43 44 42 43 43 41 41 41 40 44 51 59 58 54 42 39 37 37 37 41 41 38 35 35 39 36 35 35 35 35 35 35 35 35 38
-32768 -32768 -32768 -32768 -32768 -32768 -32768 -32768 -32768 -32768 -32768 -32768 -32768 -32768 -32768 -32768 -32768 -32768 -32768 -32768 -32768 -32768 -32768 -32768 71 72 71 69 66 64 62 57 56 55 55 58 56 60 53 57 51 53 49 44 41 41 41 44 46 51 53 51 43 40 44 46 45 48 50 46 42 44 41 41 41 41 41 40 40 40 42 44 47 49 52 42 38 38 37 37 37 37 37 37 36 36 36 36 36 36 36 35 35 35 36 38
-32768 -32768 -32768 -32768 -32768 -32768 -32768 -32768 -32768 -32768 -32768 -32768 -32768 -32768 -32768 -32768 -32768 -32768 -32768 -32768 -32768 -32768 -32768 -32768 -32768 71 70 69 67 62 62 58 57 55 58 58 54 58 56 50 47 44 44 42 42 42 42 48 47 56 57 53 57 40 41 45 54 51 48 50 48 43 41 41 41 41 40 40 41 40 40 44 59 53 48 45 43 41 38 39 40 37 37 37 38 38 39 39 39 38 36 36 37 36 36 37
-32768 -32768 -32768 -32768 -32768 -32768 -32768 -32768 -32768 -32768 -32768 -32768 -32768 -32768 -32768 -32768 -32768 -32768 -32768 -32768 -32768 -32768 -32768 -32768 -32768 -32768 68 67 65 60 59 58 58 55 53 53 58 62 59 56 55 46 44 42 44 42 45 58 58 58 52 41 44 45 49 51 46 43 43 52 46 40 41 41 40 40 40 40 40 40 40 45 55 52 49 44 43 43 40 38 39 38 39 42 40 41 43 45 43 42 39 37 37 36 36 36
-32768 -32768 -32768 -32768 -32768 -32768 -32768 -32768 -32768 -32768 -32768 -32768 -32768 -32768 -32768 -32768 -32768 -32768 -32768 -32768 -32768 -32768 -32768 -32768 -32768 -32768 67 67 65 61 59 58 56 56 53 53 56 62 56 48 51 47 44 43 44 50 44 51 66 58 47 41 45 43 38 38 38 39 42 42 42 46 43 42 40 40 40 40 40 40 40 49 56 46 46 44 43 42 40 40 40 40 41 42 42 45 50 55 51 51 45 40 37 37 37 37
-32768 -32768 -32768 -32768 -32768 -32768 -32768 -32768 -32768 -32768 -32768 -32768 -32768 -32768 -32768 -32768 -32768 -32768 -32768 -32768 -32768 -32768 -32768 -32768 -32768 -32768 -32768 67 65 63 58 57 56 56 58 53 61 58 51 47 51 43 44 44 47 57 56 52 62 62 52 54 66 51 37 38 37 36 40 39 40 45 51 43 40 40 40 40 40 40 40 40 45 46 52 49 44 44 42 42 41 42 49 47 46 51 58 59 61 59 51 41 39 38 37 37
-32768 -32768 -32768 -32768 -32768 -32768 -32768 -32768 -32768 -32768 -32768 -32768 -32768 -32768 -32768 -32768 -32768 -32768 -32768 -32768 -32768 -32768 -32768 -32768 -32768 -32768 -32768 66 66 62 60 57 55 55 55 58 58 58 52 49 46 43 48 46 51 63 61 59 61 61 61 69 61 49 39 36 36 36 37 41 42 43 46 41 39 40 40 41 41 41 40 40 42 45 53 53 47 55 53 44 44 47 52 52 53 54 56 58 57 57 51 43 40 37 37 37
-32768 -32768 -32768 -32768 -32768 -32768 -32768 -32768 -32768 -32768 -32768 -32768 -32768 -32768 -32768 -32768 -32768 -32768 -32768 -32768 -32768 -32768 -32768 -32768 -32768 -32768 -32768 -32768 64 63 62 56 58 55 53 54 54 52 52 47 47 42 46 54 58 61 57 47 52 52 62 62 57 51 45 37 34 36 38 46 49 44 47 42 39 40 40 41 40 40 40 42 44 47 66 60 50 55 60 54 49 50 51 50 49 47 49 51 50 48 52 43 38 38 38 38
