model/data/bioclim/bclim8.asc
NCOLS 300 
NROWS 300 
XLLCORNER -125.25 
YLLCORNER 30.75 
CELLSIZE 0.0416666666666667 
NODATA_value -3.4e+38 
[rows 0 to 21 of 300, columns 0 to 48 of 300]
-339999999999999996128486808808066248288.000000000000000 -3.4e+38 -3.4e+38 -3.4e+38 -3.4e+38 -3.4e+38 -3.4e+38 -3.4e+38 -3.4e+38 -3.4e+38 -3.4e+38 -3.4e+38 -3.4e+38 -3.4e+38 -3.4e+38 -3.4e+38 -3.4e+38 -3.4e+38 -3.4e+38 -3.4e+38 8.45454597473145 8.0019998550415 7.78333330154419 7.72266674041748 7.69133329391479 7.64266681671143 7.61133337020874 7.55933332443237 7.54466676712036 7.52400016784668 7.47266674041748 7.34266662597656 7.06533336639404 6.75866651535034 6.51933336257935 6.35933351516724 6.22200012207031 6.15199995040894 5.96733331680298 5.83066654205322 5.98333311080933 6.40933322906494 6.44199991226196 6.51200008392334 6.76600027084351 6.80866670608521 6.48000001907349 6.37799978256226 6.3600001335144
-3.4e+38 -3.4e+38 -3.4e+38 -3.4e+38 -3.4e+38 -3.4e+38 -3.4e+38 -3.4e+38 -3.4e+38 -3.4e+38 -3.4e+38 -3.4e+38 -3.4e+38 -3.4e+38 -3.4e+38 -3.4e+38 -3.4e+38 -3.4e+38 -3.4e+38 -3.4e+38 8.46562480926514 8.09666728973389 7.94466638565063 7.92533349990845 7.92133331298828 7.91400003433228 7.72399997711182 7.59066677093506 7.51266670227051 7.52533340454102 7.55599975585938 7.43599987030029 7.21133327484131 6.92533349990845 6.71400022506714 6.55533313751221 6.3386664390564 6.08933305740356 5.87333345413208 5.89000034332275 6.16266632080078 6.31666660308838 6.47600030899048 6.48133325576782 6.62400007247925 6.59800004959106 6.29533338546753 6.23999977111816 6.35199975967407
-3.4e+38 -3.4e+38 -3.4e+38 -3.4e+38 -3.4e+38 -3.4e+38 -3.4e+38 -3.4e+38 -3.4e+38 -3.4e+38 -3.4e+38 -3.4e+38 -3.4e+38 -3.4e+38 -3.4e+38 -3.4e+38 -3.4e+38 -3.4e+38 -3.4e+38 8.84999942779541 8.55416679382324 8.22599983215332 8.09133338928223 7.92399978637695 7.7926664352417 7.90999984741211 7.75133323669434 7.68533325195312 7.56133365631104 7.53066682815552 7.59266662597656 7.48200035095215 7.31733322143555 7.17600011825562 6.89400005340576 6.63600015640259 6.34333324432373 6.05866670608521 6.11999988555908 6.15999984741211 6.07200002670288 6.23333311080933 6.4506664276123 6.53066635131836 6.67000007629395 6.60400009155273 6.42799997329712 6.32333326339722 6.0406665802002
-3.4e+38 -3.4e+38 -3.4e+38 -3.4e+38 -3.4e+38 -3.4e+38 -3.4e+38 -3.4e+38 -3.4e+38 -3.4e+38 -3.4e+38 -3.4e+38 -3.4e+38 -3.4e+38 -3.4e+38 -3.4e+38 -3.4e+38 -3.4e+38 -3.4e+38 8.72500038146973 8.37533378601074 8.12133312225342 8.06133365631104 7.91599988937378 7.77533340454102 7.86866664886475 7.7960000038147 7.65933322906494 7.57466697692871 7.45533323287964 7.43800020217896 7.39600038528442 7.18333339691162 6.89466667175293 6.64933347702026 6.44799995422363 6.19999980926514 6.15999984741211 6.12733316421509 6.14200019836426 6.16799974441528 6.27199983596802 6.31466674804688 6.54733324050903 6.58466672897339 6.45666646957397 6.32399988174438 5.94466686248779 5.77266693115234
-3.4e+38 -3.4e+38 -3.4e+38 -3.4e+38 -3.4e+38 -3.4e+38 -3.4e+38 -3.4e+38 -3.4e+38 -3.4e+38 -3.4e+38 -3.4e+38 -3.4e+38 -3.4e+38 -3.4e+38 -3.4e+38 -3.4e+38 -3.4e+38 -3.4e+38 8.67619037628174 8.31266689300537 8.13466644287109 8.04733276367188 7.89466667175293 7.72333335876465 7.68733358383179 7.81333351135254 7.67999982833862 7.4980001449585 7.41066646575928 7.38199996948242 7.23133325576782 7.06066656112671 7.0406665802002 6.57599973678589 6.34333324432373 6.28999996185303 6.16000032424927 5.93333339691162 5.97599983215332 6.07333326339722 6.09200000762939 6.06266641616821 6.29266691207886 6.42066669464111 6.4486665725708 6.19266653060913 5.97333335876465 5.89866638183594
-3.4e+38 -3.4e+38 -3.4e+38 -3.4e+38 -3.4e+38 -3.4e+38 -3.4e+38 -3.4e+38 -3.4e+38 -3.4e+38 -3.4e+38 -3.4e+38 -3.4e+38 -3.4e+38 -3.4e+38 -3.4e+38 -3.4e+38 -3.4e+38 -3.4e+38 8.57727241516113 8.27600002288818 8.19933319091797 8.05733299255371 7.93066692352295 7.76866674423218 7.62866687774658 7.76266670227051 7.6473331451416 7.48466682434082 7.44266653060913 7.38399982452393 7.32866668701172 7.22799968719482 6.9573335647583 6.57399988174438 6.30066680908203 6.28066682815552 6.10933351516724 5.87933349609375 5.86600017547607 5.9553337097168 5.95599985122681 5.9026665687561 5.96999979019165 5.96466684341431 5.94600009918213 6.18466663360596 6.18933343887329 5.83133316040039
-3.4e+38 -3.4e+38 -3.4e+38 -3.4e+38 -3.4e+38 -3.4e+38 -3.4e+38 -3.4e+38 -3.4e+38 -3.4e+38 -3.4e+38 -3.4e+38 -3.4e+38 -3.4e+38 -3.4e+38 -3.4e+38 -3.4e+38 -3.4e+38 8.78333282470703 8.57133293151855 8.32266712188721 8.19266700744629 8.07600021362305 7.8439998626709 7.76333332061768 7.61533355712891 7.74000024795532 7.66066694259644 7.43199968338013 7.37133359909058 7.31066656112671 7.19133329391479 6.97599983215332 6.96733331680298 6.70266675949097 6.50133323669434 6.2446665763855 5.94399976730347 5.82200002670288 5.91533327102661 5.92666673660278 5.84000015258789 5.75466680526733 5.57999992370605 5.81866693496704 6.13866662979126 6.16133308410645 5.82866668701172 5.79333353042603
-3.4e+38 -3.4e+38 -3.4e+38 -3.4e+38 -3.4e+38 -3.4e+38 -3.4e+38 -3.4e+38 -3.4e+38 -3.4e+38 -3.4e+38 -3.4e+38 -3.4e+38 -3.4e+38 -3.4e+38 -3.4e+38 -3.4e+38 -3.4e+38 8.85350894927979 8.56533336639404 8.34799957275391 8.15933322906494 7.97599983215332 7.81133365631104 7.66533327102661 7.6100001335144 7.62733364105225 7.72666645050049 7.38533353805542 7.32266664505005 7.16666650772095 7.09266662597656 6.73600006103516 6.47133350372314 6.52466678619385 6.37133359909058 6.25799989700317 6.05200004577637 5.93599987030029 5.94000005722046 5.77333354949951 5.78133344650269 5.76866674423218 5.94933366775513 6.18200016021729 6.23600006103516 6.08133316040039 5.97866678237915 5.81133317947388
-3.4e+38 -3.4e+38 -3.4e+38 -3.4e+38 -3.4e+38 -3.4e+38 -3.4e+38 -3.4e+38 -3.4e+38 -3.4e+38 -3.4e+38 -3.4e+38 -3.4e+38 -3.4e+38 -3.4e+38 -3.4e+38 -3.4e+38 8.44791698455811 8.60000038146973 8.47266674041748 8.28733348846436 8.07866668701172 7.97733354568481 7.71466684341431 7.5973334312439 7.489333152771 7.52066659927368 7.55466651916504 7.51933336257935 7.29466676712036 7.02999973297119 6.58933353424072 6.30399990081787 5.93733358383179 5.739333152771 5.82200002670288 5.78466653823853 5.69133329391479 5.7960000038147 5.93866682052612 5.88866662979126 5.71733331680298 5.68466663360596 5.75 5.8546667098999 5.83333349227905 5.56533336639404 5.62733364105225 5.55800008773804
-3.4e+38 -3.4e+38 -3.4e+38 -3.4e+38 -3.4e+38 -3.4e+38 -3.4e+38 -3.4e+38 -3.4e+38 -3.4e+38 -3.4e+38 -3.4e+38 -3.4e+38 -3.4e+38 -3.4e+38 -3.4e+38 8.89166641235352 8.53623199462891 8.43733310699463 8.28800010681152 7.9539999961853 7.83533334732056 7.66333341598511 7.51733350753784 7.53800010681152 7.44733333587646 7.26999998092651 7.42199993133545 7.43666648864746 7.16733312606812 6.61666679382324 5.98799991607666 5.57733345031738 5.56066656112671 5.53399991989136 5.53999996185303 5.49666690826416 5.43599987030029 5.55999994277954 5.69799995422363 5.62266683578491 5.5406665802002 5.48066663742065 5.44533348083496 5.37599992752075 5.42199993133545 5.38933324813843 5.36800003051758 5.17933368682861
-3.4e+38 -3.4e+38 -3.4e+38 -3.4e+38 -3.4e+38 -3.4e+38 -3.4e+38 -3.4e+38 -3.4e+38 -3.4e+38 -3.4e+38 -3.4e+38 -3.4e+38 -3.4e+38 -3.4e+38 -3.4e+38 8.89999961853027 8.83666610717773 8.62333297729492 8.41600036621094 8.24933338165283 7.98533344268799 7.80399990081787 7.61199998855591 7.58666658401489 7.45533323287964 7.30866670608521 7.01133346557617 6.99399995803833 6.95133352279663 6.19266653060913 5.73133325576782 5.5993332862854 5.64266681671143 5.57000017166138 5.60666656494141 5.63866662979126 5.61999988555908 5.59533309936523 5.58799982070923 5.53533363342285 5.46000003814697 5.42199993133545 5.27600002288818 5.22600030899048 5.18599987030029 5.11866664886475 5.12733316421509 5.02733325958252
-3.4e+38 -3.4e+38 -3.4e+38 -3.4e+38 -3.4e+38 -3.4e+38 -3.4e+38 -3.4e+38 -3.4e+38 -3.4e+38 -3.4e+38 -3.4e+38 -3.4e+38 -3.4e+38 -3.4e+38 -3.4e+38 -3.4e+38 8.96388912200928 8.71533298492432 8.53533363342285 8.21866703033447 8.02400016784668 7.71866655349731 7.47800016403198 7.38600015640259 7.26999998092651 6.9466667175293 6.81999969482422 6.90666675567627 6.4486665725708 5.97399997711182 5.82533359527588 5.83533334732056 5.90199995040894 5.85200023651123 5.77400016784668 5.67399978637695 5.69066667556763 5.63533353805542 5.56066656112671 5.53800010681152 5.51200008392334 5.37666702270508 5.2960000038147 5.23199987411499 5.17600011825562 5.15000009536743 5.08333301544189 4.88800001144409
-3.4e+38 -3.4e+38 -3.4e+38 -3.4e+38 -3.4e+38 -3.4e+38 -3.4e+38 -3.4e+38 -3.4e+38 -3.4e+38 -3.4e+38 -3.4e+38 -3.4e+38 -3.4e+38 -3.4e+38 -3.4e+38 -3.4e+38 9.10416698455811 8.87166690826416 8.5959997177124 8.32133293151855 7.95333337783813 7.66333341598511 7.40133333206177 7.25933361053467 7.19200038909912 6.72466659545898 6.47266674041748 6.68000030517578 6.37133312225342 6.04133367538452 6.07466650009155 6.22399997711182 6.11733341217041 5.88266658782959 5.86999988555908 5.70466661453247 5.57000017166138 5.63533353805542 5.51866674423218 5.36866664886475 5.37466669082642 5.29666662216187 5.21333360671997 5.18066644668579 5.10333347320557 5.03666639328003 4.99266672134399 4.73133325576782
-3.4e+38 -3.4e+38 -3.4e+38 -3.4e+38 -3.4e+38 -3.4e+38 -3.4e+38 -3.4e+38 -3.4e+38 -3.4e+38 -3.4e+38 -3.4e+38 -3.4e+38 -3.4e+38 -3.4e+38 -3.4e+38 -3.4e+38 -3.4e+38 -3.4e+38 8.76904773712158 8.41133308410645 7.92866659164429 7.6560001373291 7.34866666793823 7.23399972915649 7.31799983978271 6.46733331680298 6.26666688919067 6.39933347702026 6.17733335494995 6.36999988555908 6.47533321380615 6.15333318710327 5.75866651535034 5.81866693496704 5.81866693496704 5.8013334274292 5.66200017929077 5.71266651153564 5.5493335723877 5.41466665267944 5.36666679382324 5.26666641235352 5.25600004196167 5.16466665267944 5.09200000762939 5.05266666412354 4.92733335494995 4.43000030517578
-3.4e+38 -3.4e+38 -3.4e+38 -3.4e+38 -3.4e+38 -3.4e+38 -3.4e+38 -3.4e+38 -3.4e+38 -3.4e+38 -3.4e+38 -3.4e+38 -3.4e+38 -3.4e+38 -3.4e+38 -3.4e+38 -3.4e+38 -3.4e+38 -3.4e+38 8.96666622161865 8.747727394104 8.25333309173584 8.10400009155273 7.65599966049194 7.59866666793823 7.35066652297974 6.60799980163574 6.34333324432373 6.74200010299683 6.58866691589355 6.24600028991699 5.98533344268799 5.82666683197021 5.49200010299683 5.39333295822144 5.70666694641113 5.80800008773804 5.6879997253418 5.56666660308838 5.59800004959106 5.47666692733765 5.35599994659424 5.31333303451538 5.26599979400635 5.26133298873901 5.20599985122681 5.16733360290527 5.01666688919067 4.84866666793823
-3.4e+38 -3.4e+38 -3.4e+38 -3.4e+38 -3.4e+38 -3.4e+38 -3.4e+38 -3.4e+38 -3.4e+38 -3.4e+38 -3.4e+38 -3.4e+38 -3.4e+38 -3.4e+38 -3.4e+38 -3.4e+38 -3.4e+38 -3.4e+38 -3.4e+38 -3.4e+38 8.86777782440186 8.55733299255371 8.40733337402344 7.99333333969116 7.62666654586792 7.48400020599365 6.81666660308838 6.37533330917358 6.76266670227051 6.28666639328003 6.31266689300537 6.01666688919067 5.5513334274292 5.32399988174438 5.35200023651123 5.57666683197021 5.61733341217041 5.55399990081787 5.34066677093506 5.56400012969971 5.43466663360596 5.27266645431519 5.26733350753784 5.21000003814697 5.20333337783813 5.18400001525879 5.12533330917358 4.97533321380615 4.87666654586792
-3.4e+38 -3.4e+38 -3.4e+38 -3.4e+38 -3.4e+38 -3.4e+38 -3.4e+38 -3.4e+38 -3.4e+38 -3.4e+38 -3.4e+38 -3.4e+38 -3.4e+38 -3.4e+38 -3.4e+38 -3.4e+38 -3.4e+38 -3.4e+38 -3.4e+38 -3.4e+38 8.96818161010742 8.64866638183594 8.11533355712891 7.85066652297974 7.39466667175293 6.98666667938232 6.92666673660278 6.84333324432373 6.87733316421509 6.53266668319702 6.20866680145264 5.59800004959106 5.50666666030884 5.95466661453247 5.77199983596802 5.41200017929077 5.36800003051758 5.36400032043457 5.40466642379761 5.4486665725708 5.43333339691162 5.40533351898193 5.37666702270508 5.39933347702026 5.45666646957397 5.28000020980835 5.10799980163574 5.02466678619385 4.94399976730347
-3.4e+38 -3.4e+38 -3.4e+38 -3.4e+38 -3.4e+38 -3.4e+38 -3.4e+38 -3.4e+38 -3.4e+38 -3.4e+38 -3.4e+38 -3.4e+38 -3.4e+38 -3.4e+38 -3.4e+38 -3.4e+38 -3.4e+38 -3.4e+38 -3.4e+38 -3.4e+38 8.7692985534668 8.4573335647583 8.12199974060059 7.70133304595947 7.58133316040039 7.2960000038147 7.02933311462402 6.39333343505859 6.71999979019165 6.55200004577637 6.36933326721191 6.01866674423218 6.00466680526733 6.13600015640259 5.86533308029175 5.51200008392334 5.30866670608521 5.29400014877319 5.3899998664856 5.23666667938232 5.25133323669434 5.4520001411438 5.58133316040039 5.55866670608521 5.55266666412354 5.43733310699463 5.24933338165283 5.02199983596802 5.02133321762085
-3.4e+38 -3.4e+38 -3.4e+38 -3.4e+38 -3.4e+38 -3.4e+38 -3.4e+38 -3.4e+38 -3.4e+38 -3.4e+38 -3.4e+38 -3.4e+38 -3.4e+38 -3.4e+38 -3.4e+38 -3.4e+38 -3.4e+38 -3.4e+38 -3.4e+38 8.9375 8.73066711425781 8.53866672515869 8.20800018310547 7.51000022888184 7.52666664123535 7.10333347320557 6.35866689682007 6.39466667175293 6.33199977874756 6.51599979400635 6.35666656494141 6.25333309173584 6.23533344268799 6.13800001144409 5.98799991607666 5.80466651916504 5.25799989700317 5.37133312225342 5.39133358001709 5.15533304214478 5.26000022888184 5.47533321380615 5.56866645812988 5.50133323669434 5.51133346557617 5.50866651535034 5.41866683959961 5.15733337402344 5.06066656112671
-3.4e+38 -3.4e+38 -3.4e+38 -3.4e+38 -3.4e+38 -3.4e+38 -3.4e+38 -3.4e+38 -3.4e+38 -3.4e+38 -3.4e+38 -3.4e+38 -3.4e+38 -3.4e+38 -3.4e+38 -3.4e+38 -3.4e+38 -3.4e+38 -3.4e+38 9.04259204864502 8.73533344268799 8.3459997177124 7.62933301925659 7.00799989700317 7.04866647720337 6.60933351516724 6.18200016021729 5.63866662979126 5.96733331680298 6.48399972915649 6.18533325195312 6.0493335723877 5.89466667175293 5.88533306121826 5.45799970626831 5.43066644668579 5.30399990081787 5.44400024414062 5.28266668319702 5.14666700363159 5.35200023651123 5.51533365249634 5.61800003051758 5.69133329391479 5.72533321380615 5.77133321762085 5.746666431427 5.4433331489563 5.19733333587646
-3.4e+38 -3.4e+38 -3.4e+38 -3.4e+38 -3.4e+38 -3.4e+38 -3.4e+38 -3.4e+38 -3.4e+38 -3.4e+38 -3.4e+38 -3.4e+38 -3.4e+38 -3.4e+38 -3.4e+38 -3.4e+38 -3.4e+38 -3.4e+38 -3.4e+38 9.03333377838135 8.50533294677734 8.17066669464111 7.78933334350586 7.06400012969971 6.61533355712891 6.33400011062622 5.93266677856445 5.7519998550415 6.30200004577637 6.49199962615967 6.20333337783813 6.06733322143555 6.03666639328003 5.92866659164429 5.60666656494141 5.66199970245361 5.5 5.28600025177002 5.17199993133545 5.34266662597656 5.42000007629395 5.36066675186157 5.49666690826416 5.67999982833862 5.58599996566772 5.56599998474121 5.48799991607666 5.11466693878174 5.04266691207886
-3.4e+38 -3.4e+38 -3.4e+38 -3.4e+38 -3.4e+38 -3.4e+38 -3.4e+38 -3.4e+38 -3.4e+38 -3.4e+38 -3.4e+38 -3.4e+38 -3.4e+38 -3.4e+38 -3.4e+38 -3.4e+38 -3.4e+38 -3.4e+38 -3.4e+38 8.87333297729492 8.65533351898193 8.59200000762939 8.03999996185303 7.60400009155273 7.30466651916504 6.82533311843872 6.20599985122681 6.40799999237061 6.36466693878174 6.4539999961853 6.43400001525879 5.96533346176147 5.67999982833862 5.48333311080933 5.54933309555054 5.75866651535034 5.47000026702881 5.18200016021729 5.22066640853882 5.50066661834717 5.44066667556763 5.30066633224487 5.30266666412354 5.48333358764648 5.36866664886475 5.29466676712036 5.16400003433228 5.00200033187866 4.92400026321411
