model/data/bioclim/bclim1.asc
NCOLS 300 
NROWS 300 
XLLCORNER -125.250000000003 
YLLCORNER 30.7499999999996 
CELLSIZE 0.041666666666667 
NODATA_value -32768 
[rows 0 to 37 of 300, columns 87 to 173 of 300]
50 50 50 54 57 53 43 42 45 55 65 70 71 74 77 68 71 79 80 80 81 81 81 81 81 81 80 81 81 81 81 78 76 74 73 75 74 76 77 77 73 71 69 71 74 76 75 73 70 70 73 75 79 77 75 75 76 77 81 80 80 80 78 76 76 78 77 77 76 74 76 75 73 75 77 78 77 70 74 78 69 64 61 58 60 68 72
52 54 54 55 58 57 48 43 52 57 62 69 74 76 78 77 73 75 79 81 82 81 79 75 76 72 73 81 82 81 77 77 77 76 76 73 72 79 79 78 76 71 67 67 67 71 75 72 70 68 67 71 72 72 72 73 74 75 78 80 80 80 76 76 79 79 78 77 75 75 76 76 75 75 77 77 78 79 80 81 77 69 57 57 62 78 82
49 55 57 56 57 59 53 52 57 62 65 70 74 77 78 79 79 78 80 81 78 74 72 66 65 66 68 78 81 78 74 77 77 77 73 70 75 79 80 80 77 70 63 67 69 74 74 70 69 68 68 70 71 71 71 69 68 71 74 77 81 80 76 74 79 80 79 78 78 78 78 78 77 77 73 73 77 73 74 75 74 70 64 65 74 82 82
49 56 57 56 57 60 60 62 62 64 68 70 73 76 77 77 77 82 82 75 67 67 63 63 61 66 72 75 75 74 74 75 74 77 72 74 76 77 81 81 74 69 68 70 73 76 75 69 69 68 70 72 72 69 69 68 70 68 66 66 76 79 75 72 76 80 80 79 77 78 78 75 78 74 60 58 66 66 56 56 60 61 64 77 81 80 81
62 60 61 61 59 55 54 56 59 63 64 67 70 72 71 71 69 77 81 71 67 67 70 74 75 69 70 73 70 68 71 74 75 78 80 79 78 80 82 82 77 69 68 72 76 78 71 66 67 67 71 73 68 68 67 67 68 68 67 65 65 71 73 68 69 76 81 81 80 78 72 71 76 74 68 60 53 59 61 63 67 77 78 78 78 79 80
65 64 64 64 57 50 48 47 48 56 59 63 67 61 52 62 62 58 60 62 77 81 86 86 85 71 69 73 66 68 71 72 75 80 82 80 80 81 79 82 71 67 67 71 77 78 68 64 65 68 73 67 65 66 67 67 67 67 66 66 67 67 69 65 63 70 79 81 80 80 79 75 70 68 61 56 47 52 59 61 73 79 83 80 79 76 79
66 66 65 65 57 45 34 32 34 45 51 59 65 62 53 54 54 51 42 45 85 88 88 87 80 69 69 67 68 69 69 73 78 80 81 82 83 84 84 71 64 66 69 71 75 75 61 62 66 71 66 63 66 66 66 67 68 68 67 67 66 66 69 68 64 68 82 79 78 77 76 73 67 60 56 53 51 48 52 69 79 80 69 65 72 76 78
65 65 62 65 55 34 23 24 33 45 50 59 65 64 57 49 49 45 39 64 90 89 89 87 80 67 76 70 67 72 71 72 76 75 78 81 82 83 83 65 53 66 70 70 73 69 62 63 70 71 65 65 66 65 66 68 69 68 70 70 70 69 65 66 63 72 83 80 75 70 66 67 68 59 49 46 44 42 66 81 81 80 58 55 64 70 77
63 64 64 66 62 47 33 41 43 47 54 61 64 63 58 53 47 44 40 81 89 89 89 87 81 71 64 73 73 72 72 73 75 74 73 78 80 81 79 71 65 68 70 70 66 66 66 68 71 75 73 67 65 67 69 72 71 69 68 68 72 72 67 63 64 80 84 78 71 62 54 56 59 57 50 43 42 62 83 78 78 76 65 59 61 69 77
61 61 62 64 64 56 44 46 49 52 58 63 64 65 59 54 49 43 36 74 88 89 88 87 84 80 69 69 76 74 72 74 76 75 74 78 77 80 81 69 68 69 69 67 66 68 71 74 76 78 80 69 69 70 73 76 74 74 74 72 72 73 71 66 68 85 85 75 66 58 50 44 50 50 43 38 46 82 83 79 80 66 58 58 61 68 76
58 58 62 64 64 56 48 47 51 55 61 63 65 65 62 57 51 43 36 65 88 88 88 87 85 82 73 71 73 73 73 75 79 79 77 77 76 74 77 70 71 72 70 70 69 69 77 82 81 81 80 72 72 73 75 76 77 77 76 76 77 74 70 72 72 79 82 73 62 53 46 38 41 41 36 37 76 81 86 83 71 59 56 57 59 65 73
58 59 62 65 65 56 46 50 53 56 61 63 63 63 62 59 51 42 37 56 84 87 87 87 86 84 78 80 74 68 71 74 80 86 85 83 80 73 69 68 74 76 77 77 75 74 81 83 83 83 76 73 73 74 76 77 77 78 77 77 79 78 77 78 71 64 75 67 54 47 38 32 24 28 28 65 81 80 85 84 80 78 77 77 73 74 78
59 56 58 63 65 61 57 57 58 59 61 62 61 61 60 57 52 47 42 40 66 78 85 85 83 84 84 85 84 68 70 74 83 87 87 87 77 69 70 72 78 81 81 81 80 81 84 84 83 82 74 75 75 76 78 79 80 80 80 80 80 80 80 76 69 62 67 69 55 42 34 27 17 17 40 80 82 73 75 90 79 78 80 84 87 88 85
60 54 51 58 59 60 59 59 60 61 60 60 60 60 58 54 52 50 44 37 38 41 55 54 64 77 85 85 86 69 67 77 87 88 88 75 67 70 74 81 83 83 83 83 84 84 85 84 71 67 74 75 76 76 76 78 79 80 81 81 81 81 80 73 65 61 62 67 66 48 36 29 16 10 57 83 86 80 80 87 75 76 80 83 86 88 89
63 48 49 55 46 58 62 60 58 58 59 59 56 57 53 45 46 46 41 37 34 32 39 48 67 56 79 85 86 79 68 76 87 88 83 62 67 71 76 81 82 81 83 85 86 86 85 80 57 70 72 74 75 74 74 75 76 79 81 81 81 81 81 74 63 61 63 65 67 64 52 30 15 15 63 86 89 89 84 72 75 81 85 87 87 87 88
62 51 53 58 56 61 62 61 53 50 57 60 60 59 52 43 39 46 46 38 36 38 41 56 67 53 70 84 83 85 83 78 86 88 82 63 68 71 73 77 79 79 85 86 86 86 80 62 67 72 73 73 74 73 73 75 78 81 82 82 82 82 81 81 68 63 62 60 59 59 52 41 26 40 80 90 91 91 81 75 80 85 88 89 89 87 88
68 64 61 60 58 62 64 65 60 58 59 64 65 63 58 52 47 47 45 35 28 39 50 64 71 54 61 76 82 86 87 84 82 88 72 62 62 58 60 68 76 85 87 87 86 70 61 65 67 71 73 73 74 74 77 81 82 81 82 82 82 82 82 82 72 58 59 57 55 52 47 42 50 61 89 91 91 91 83 79 84 87 90 90 90 89 89
71 72 69 68 64 66 66 68 68 67 67 66 67 68 63 59 55 37 32 38 35 46 56 61 66 64 49 62 73 75 83 87 87 71 51 57 62 60 57 67 73 85 88 87 60 39 57 62 63 69 72 73 74 75 79 81 81 80 81 81 82 82 82 82 80 60 52 53 51 43 35 49 81 78 91 92 92 91 79 81 88 89 90 90 90 86 88
69 72 71 69 68 69 69 69 70 68 63 67 69 69 68 64 53 39 32 43 49 53 59 64 65 66 55 54 70 76 78 80 87 60 51 57 66 71 69 73 80 87 88 87 53 39 48 53 61 67 71 75 77 78 79 79 79 79 78 78 80 83 83 83 83 81 62 52 45 41 35 72 89 88 91 92 92 89 87 89 89 90 90 90 89 86 86
65 68 69 69 70 71 71 70 70 66 66 67 69 70 70 68 63 58 55 52 51 45 53 64 66 59 55 46 62 73 70 70 83 58 50 60 67 70 73 76 81 89 89 79 39 47 46 57 63 65 69 75 77 75 71 70 73 76 76 75 76 78 83 83 83 83 72 65 65 54 63 82 91 91 92 92 92 87 89 89 89 89 89 89 88 85 82
61 68 62 59 59 65 69 69 68 64 58 56 62 69 72 71 68 66 64 61 55 45 50 60 60 54 43 44 55 63 62 75 70 42 49 56 61 68 72 74 77 89 90 61 37 60 61 62 64 66 67 75 72 68 52 52 67 70 70 72 74 74 82 83 83 83 73 71 74 66 66 84 93 93 93 89 82 83 86 88 88 88 87 86 84 83 80
62 65 72 66 60 61 59 58 57 56 60 60 59 66 71 70 69 67 61 61 58 50 40 47 56 55 48 52 57 68 67 76 68 48 44 45 57 66 69 70 71 86 89 78 62 62 63 63 63 65 68 74 68 67 57 48 56 68 71 71 75 74 77 83 83 81 69 71 67 58 70 91 93 93 90 82 76 80 85 87 87 87 85 81 73 72 71
77 67 74 75 71 66 58 53 53 56 63 63 61 64 65 67 66 58 56 58 59 55 45 42 49 58 56 63 69 75 75 75 64 51 41 36 49 62 67 66 62 73 89 91 76 64 63 64 63 64 69 72 66 65 56 55 62 69 71 70 73 75 79 82 83 67 55 63 63 68 79 92 93 93 89 87 75 74 81 79 85 83 81 75 65 56 54
77 72 74 77 73 71 67 63 63 63 65 64 64 57 56 62 61 55 56 52 60 67 54 43 49 63 68 70 76 76 75 67 52 46 51 51 58 67 67 63 56 61 92 92 85 70 61 64 64 65 71 74 72 69 60 65 68 71 73 72 72 74 76 78 79 63 59 60 64 77 86 92 93 91 89 88 81 69 79 79 84 77 77 69 58 47 44
77 76 76 78 74 74 70 68 63 60 65 65 66 61 59 60 60 61 59 53 62 69 66 50 53 59 69 72 76 77 70 59 61 62 59 66 66 69 69 64 56 65 92 91 85 74 62 62 63 70 74 74 73 68 59 62 67 69 72 72 71 69 71 74 69 68 67 70 61 77 82 91 93 90 88 84 81 75 82 83 81 78 75 71 59 51 45
78 74 75 77 78 77 77 76 70 67 66 67 67 66 64 62 61 62 59 57 66 68 70 70 64 69 74 75 77 78 77 64 56 54 58 62 66 69 70 70 65 88 93 89 81 76 63 60 63 67 75 75 72 67 64 61 65 66 69 70 67 66 70 66 68 70 72 76 59 62 72 85 92 93 90 82 79 80 76 72 69 70 67 61 52 48 41
71 72 80 79 75 72 75 79 78 77 73 68 66 67 64 64 62 63 61 58 67 63 69 71 68 71 75 76 78 79 79 67 51 52 59 61 64 65 67 65 75 93 93 93 87 67 61 62 64 69 76 75 69 64 62 62 61 58 59 64 64 67 59 57 65 69 74 77 65 46 64 69 90 94 92 89 81 69 61 60 46 58 59 55 50 43 38
61 67 74 78 73 71 61 67 78 79 77 69 68 68 64 63 63 59 59 62 61 59 64 62 62 70 76 78 79 80 80 72 58 50 58 69 63 65 67 67 91 93 91 91 89 72 65 63 66 73 76 75 63 61 63 62 60 58 53 50 61 65 60 57 58 70 77 78 71 46 45 38 79 94 93 88 76 59 50 51 37 44 53 51 53 50 47
76 78 76 75 79 76 66 56 72 81 79 72 71 71 69 65 64 62 61 61 59 62 60 58 57 69 77 78 79 80 81 77 56 35 53 62 58 62 68 80 84 85 86 93 88 59 58 65 69 73 76 69 58 58 61 63 61 58 58 58 58 53 58 71 74 79 75 78 76 57 49 56 87 94 93 88 77 60 51 43 33 35 50 56 63 68 68
82 82 82 82 82 82 80 65 61 80 79 77 75 72 69 70 66 62 62 63 64 61 59 70 67 72 77 79 79 80 81 80 62 44 41 46 47 64 71 78 78 70 76 91 86 52 59 65 66 75 76 65 58 60 60 61 60 62 64 64 64 58 61 70 75 81 77 84 80 63 61 69 94 94 92 81 71 67 62 41 31 28 53 65 70 73 73
82 82 83 83 83 83 83 76 72 72 75 77 77 74 73 72 69 67 66 67 64 61 59 63 67 63 68 79 80 80 81 80 62 51 34 36 49 67 76 77 76 69 60 83 86 58 61 67 63 73 76 62 56 56 55 56 59 61 64 65 61 63 65 67 76 77 84 88 82 68 71 93 95 93 87 73 52 60 54 56 46 33 53 66 69 70 69
83 81 84 84 84 84 84 80 76 76 74 74 76 77 74 74 72 71 70 68 65 63 63 64 64 65 72 79 80 80 81 77 56 39 51 42 66 73 77 74 71 69 53 72 78 66 64 64 65 71 73 63 61 58 54 53 60 65 67 62 59 59 65 71 82 88 87 90 88 80 92 87 93 83 82 72 51 56 60 70 67 66 60 62 63 59 63
81 82 85 85 85 85 85 82 78 78 79 79 78 78 76 77 75 72 71 69 68 68 68 68 68 67 75 79 80 80 80 75 50 46 69 80 81 78 76 75 69 65 54 67 67 62 68 59 65 67 67 65 62 53 52 53 62 66 65 65 69 68 70 75 85 89 90 92 93 93 85 87 88 81 76 58 43 41 66 82 86 81 63 57 58 59 61
82 82 86 86 86 86 86 85 79 75 80 79 79 78 76 76 74 71 69 70 71 72 71 71 70 70 74 79 80 81 77 73 70 48 67 88 89 83 76 71 63 60 62 69 64 61 72 56 58 63 66 67 61 49 47 54 59 60 60 61 64 72 77 73 66 74 88 93 94 95 78 80 83 85 77 58 47 46 55 78 89 89 76 62 54 54 52
83 84 86 86 87 87 86 86 79 73 78 80 79 79 77 76 74 72 67 71 72 72 72 71 71 71 74 78 80 81 73 61 67 70 74 90 90 85 76 71 62 57 62 70 66 66 72 55 56 62 67 68 65 62 57 58 58 59 61 62 69 74 75 74 61 62 84 92 94 93 66 48 67 87 86 72 53 55 55 77 89 91 88 56 49 51 59
82 84 85 86 86 86 86 86 80 80 80 78 79 78 77 75 74 71 72 73 72 71 72 72 72 71 75 79 80 81 73 59 59 58 80 90 91 87 73 65 64 61 70 73 71 73 66 55 60 64 63 65 62 61 60 57 58 59 56 64 69 61 70 70 61 78 88 90 89 87 63 59 71 90 91 85 70 63 62 75 89 92 92 76 51 59 62
78 78 82 85 86 86 86 86 85 84 82 80 80 78 76 74 73 74 74 73 71 69 71 73 72 71 75 79 80 80 76 59 42 59 88 90 91 85 70 64 63 63 74 73 73 66 57 61 65 67 62 65 62 62 61 56 54 56 63 66 60 57 61 58 73 89 89 80 73 67 48 45 66 93 94 91 81 70 67 69 87 93 93 90 63 68 78
63 69 72 81 85 86 86 87 87 85 83 80 77 76 74 73 73 73 73 72 72 72 73 74 73 73 74 76 80 80 75 51 39 73 90 91 91 81 71 68 60 65 74 74 68 59 61 68 71 67 59 62 64 65 62 62 59 57 57 56 58 57 63 60 83 90 83 63 51 34 35 62 80 96 96 94 85 76 75 70 84 94 94 94 82 79 83
