model/data/bioclim/bclim10.asc
NCOLS 300 
NROWS 300 
XLLCORNER -125.25 
YLLCORNER 30.75 
CELLSIZE 0.0416666666666667 
NODATA_value -3.4e+38 
[rows 264 to 285 of 300, columns 196 to 244 of 300]
-3.4e+38 -3.4e+38 -3.4e+38 21.3388900756836 21.4913330078125 21.82200050354 21.9406661987305 22.1199989318848 22.6606674194336 23.2119998931885 23.2333335876465 23.4033336639404 24.0200004577637 24.6233329772949 24.3213329315186 23.906665802002 23.2140007019043 22.1259994506836 21.2386665344238 20.0139999389648 19.8526668548584 19.8253326416016 19.5806674957275 19.3913326263428 19.1613330841064 19.0233345031738 19.2800006866455 19.6280002593994 20.808666229248 24.2446670532227 26.1633338928223 27.0060005187988 27.3686676025391 27.5753345489502 27.8279991149902 28.0666656494141 28.2533321380615 28.3980007171631 28.2180004119873 27.8780002593994 28.1893329620361 28.8593330383301 29.1213340759277 29.2819995880127 29.5060005187988 29.5866661071777 29.7133331298828 29.8619995117188 29.978666305542
-3.4e+38 -3.4e+38 -3.4e+38 -3.4e+38 20.984058380127 21.6679992675781 22.2593326568604 22.4393329620361 22.843334197998 23.1806659698486 23.3406658172607 23.6840000152588 23.5373344421387 23.7093334197998 24.0653324127197 23.5886669158936 23.068000793457 22.8400001525879 21.5706672668457 20.2306671142578 19.9906673431396 19.5866661071777 19.7513332366943 19.1940002441406 18.988000869751 18.8133335113525 18.8633327484131 18.9993343353271 19.3766670227051 21.1733341217041 24.6726665496826 26.0386657714844 26.5726661682129 26.8913326263428 27.060001373291 27.2393341064453 27.5413341522217 27.804666519165 27.8819999694824 27.7186660766602 27.7686672210693 28.4513320922852 28.8719997406006 29.011999130249 29.2453346252441 29.2726669311523 29.2939987182617 29.4640007019043 29.7840003967285
-3.4e+38 -3.4e+38 -3.4e+38 -3.4e+38 20.6597232818604 21.5193328857422 22.5599994659424 22.9079990386963 22.9006671905518 22.9179992675781 23.4160003662109 23.6353340148926 23.4333343505859 23.923999786377 23.9993343353271 23.9166679382324 23.6860008239746 23.2220001220703 22.2553329467773 21.5860004425049 20.6333332061768 19.9733333587646 19.6546669006348 19.1679992675781 18.9173336029053 18.6800003051758 18.5666656494141 18.7719993591309 19.1053333282471 20.050666809082 23.1786670684814 25.3693332672119 25.8773326873779 26.275333404541 26.4479999542236 26.5793342590332 26.7980003356934 27.1326675415039 27.5400009155273 27.835334777832 28.0580005645752 28.2393341064453 28.279333114624 28.5886669158936 28.8566665649414 28.941333770752 29.1853332519531 29.5139999389648 29.9200000762939
-3.4e+38 -3.4e+38 -3.4e+38 -3.4e+38 20.5733337402344 21.1606674194336 22.1686668395996 22.5633335113525 22.6599998474121 22.5706672668457 23.1720008850098 23.7099990844727 23.7646675109863 23.779333114624 23.779333114624 23.8473339080811 24.0279998779297 22.4899997711182 22.2693328857422 21.7913341522217 21.1693325042725 20.6280002593994 19.992000579834 19.5786666870117 19.3986663818359 18.9633331298828 18.517333984375 18.6979999542236 19.0186672210693 19.6159992218018 21.3619995117188 24.7546653747559 25.283332824707 25.5786666870117 25.783332824707 25.9200000762939 26.1119995117188 26.4813346862793 26.9680004119873 27.4080009460449 27.775333404541 27.7940006256104 27.3993320465088 28.0353336334229 28.4506664276123 28.4893341064453 28.9346656799316 29.5766658782959 30.1200008392334
-3.4e+38 -3.4e+38 -3.4e+38 -3.4e+38 20.3666667938232 20.9793338775635 21.9546661376953 22.283332824707 22.4440002441406 22.466667175293 23.1333332061768 23.5520000457764 23.1059989929199 22.3279991149902 22.42799949646 22.9173336029053 23.5433349609375 23.1066665649414 22.3513336181641 22.2486667633057 21.7406673431396 21.2726669311523 20.9540004730225 20.2433338165283 19.9273338317871 19.1293334960938 18.558666229248 18.474666595459 18.9233322143555 19.2933330535889 20.3526668548584 23.931999206543 25.0193328857422 24.9133338928223 25.1373329162598 25.2946662902832 25.5346660614014 25.9799995422363 26.458667755127 26.9073333740234 27.3560009002686 27.4479999542236 27.1193332672119 27.6213340759277 28.2379989624023 28.2626667022705 28.6606674194336 29.3506660461426 29.9820003509521
-3.4e+38 -3.4e+38 -3.4e+38 -3.4e+38 20.1833324432373 20.9125003814697 21.8286666870117 22.292667388916 22.5233325958252 22.7053337097168 23.1086654663086 23.2059993743896 23.0739994049072 22.8039989471436 22.0279998779297 22.1280002593994 22.6513328552246 23.3226661682129 23.6206665039062 23.1253337860107 22.5233325958252 21.9126663208008 21.7766666412354 21.3460006713867 20.6046676635742 19.3993339538574 18.767333984375 18.5286674499512 18.7226657867432 19.2679996490479 20.3759994506836 23.2313327789307 24.67799949646 24.6573333740234 24.6393337249756 24.8159999847412 25.0860004425049 25.4886665344238 25.974666595459 26.4853324890137 27.0020008087158 27.2399997711182 27.1826667785645 27.4486675262451 28.1286659240723 28.3753337860107 28.699333190918 29.0946674346924 29.6586666107178
-3.4e+38 -3.4e+38 -3.4e+38 -3.4e+38 -3.4e+38 21.1399993896484 21.6884613037109 21.5787029266357 21.6380004882812 22.2346668243408 22.6053333282471 22.6766662597656 22.6933326721191 22.1380004882812 21.8093338012695 21.6426658630371 21.6753330230713 22.6053333282471 23.4640007019043 23.3813323974609 23.0220012664795 22.6979999542236 22.4933338165283 21.7893333435059 20.6466674804688 19.5160007476807 18.9266662597656 18.525333404541 18.5326671600342 19.2433338165283 20.2760009765625 22.7919998168945 24.4039993286133 24.32200050354 24.2373332977295 24.5673332214355 25.0233325958252 25.2106666564941 25.5559997558594 26.0993328094482 26.6533336639404 27.1319999694824 27.4313316345215 27.8246669769287 28.3020000457764 28.6399993896484 28.9479999542236 29.2560005187988 29.6546669006348
-3.4e+38 -3.4e+38 -3.4e+38 -3.4e+38 -3.4e+38 -3.4e+38 -3.4e+38 20.2399997711182 20.7240009307861 21.5620002746582 22.0106658935547 22.25 21.9653339385986 22.2846660614014 22.4606666564941 22.1513328552246 21.8553333282471 22.033332824707 22.9340000152588 23.0160007476807 22.9646663665771 23.1333332061768 22.8233318328857 21.7639999389648 20.5520000457764 19.5033340454102 19.011999130249 18.6219997406006 18.5559997558594 19.1606674194336 20.1653327941895 22.3600006103516 23.992000579834 24.1986675262451 24.1973342895508 24.46266746521 24.6013336181641 24.6486663818359 25.0413341522217 25.7080001831055 26.3426666259766 26.9913330078125 27.5066661834717 27.9886665344238 28.3706665039062 28.7339992523193 29.0979995727539 29.482666015625 29.7626667022705
-3.4e+38 -3.4e+38 -3.4e+38 -3.4e+38 -3.4e+38 -3.4e+38 -3.4e+38 19.7999992370605 20.6933326721191 21.2399997711182 21.8206672668457 22.5100002288818 22.4860000610352 22.4306659698486 22.3659992218018 22.1633338928223 22.2106666564941 22.3299999237061 22.7626667022705 23.0313339233398 23.0313339233398 23.0713329315186 22.9799995422363 22.2080001831055 20.808666229248 19.6206665039062 19.0419998168945 18.7333335876465 18.6499996185303 19.0440006256104 19.7006664276123 21.3673324584961 23.3840007781982 23.9153327941895 24.1526660919189 24.3353328704834 24.734001159668 24.5740013122559 24.4979991912842 25.3320007324219 26.1319999694824 26.860668182373 27.458667755127 27.9333324432373 28.3240013122559 28.6959991455078 29.1000003814697 29.4593334197998 29.7240009307861
-3.4e+38 -3.4e+38 -3.4e+38 -3.4e+38 -3.4e+38 -3.4e+38 -3.4e+38 -3.4e+38 -3.4e+38 20.9500007629395 21.6166667938232 22.1595230102539 22.1613330841064 22.1633338928223 22.1079998016357 21.576000213623 22.5359992980957 22.7613334655762 22.4633331298828 22.9139995574951 23.0986671447754 23.0593338012695 22.8893337249756 22.4313335418701 21.3333339691162 19.9546661376953 18.9526672363281 18.3453330993652 18.5493335723877 19.0820007324219 19.5186672210693 20.3833332061768 22.0639991760254 23.296667098999 24.2119998931885 24.4680004119873 24.8386650085449 25.3159999847412 25.1653327941895 25.2220001220703 26.0099983215332 26.7533340454102 27.3893337249756 27.9266662597656 28.4033336639404 28.6873340606689 28.9926662445068 29.4053344726562 29.7080001831055
-3.4e+38 -3.4e+38 -3.4e+38 -3.4e+38 -3.4e+38 -3.4e+38 19.3999996185303 -3.4e+38 -3.4e+38 -3.4e+38 -3.4e+38 21.8239593505859 21.9633331298828 21.7006664276123 21.800666809082 21.8579998016357 21.9853324890137 21.6900005340576 22.4053325653076 22.7360000610352 22.6813335418701 22.6726665496826 22.5513324737549 22.0273323059082 21.5073337554932 20.486665725708 19.3673324584961 18.7546672821045 18.7199993133545 19.1846656799316 19.5393333435059 19.757999420166 20.3920001983643 22.0946674346924 23.707332611084 24.3646659851074 24.6700000762939 25.0906677246094 25.484001159668 25.5359992980957 25.9613342285156 26.7480010986328 27.3646659851074 27.8433322906494 28.296667098999 28.4686660766602 28.7719993591309 29.2646675109863 29.6106662750244
-3.4e+38 -3.4e+38 -3.4e+38 -3.4e+38 -3.4e+38 -3.4e+38 -3.4e+38 -3.4e+38 -3.4e+38 -3.4e+38 21.3500003814697 21.8483333587646 22.2226657867432 22.1293334960938 21.7840003967285 22.0613327026367 22.21266746521 21.4026660919189 20.8106670379639 22.0459995269775 22.4599990844727 22.5853328704834 22.4500007629395 22.1826667785645 21.3579998016357 20.7313327789307 20.453332901001 20.017333984375 19.4659996032715 19.6473331451416 19.8686676025391 19.9293327331543 20.3626670837402 21.0806655883789 23.068000793457 24.1706657409668 24.7213325500488 25.1866664886475 25.5006656646729 25.673999786377 26.0106658935547 26.8166656494141 27.4820003509521 27.8306674957275 28.1479988098145 28.3673343658447 28.6026668548584 29.007999420166 29.4673347473145
-3.4e+38 -3.4e+38 -3.4e+38 -3.4e+38 -3.4e+38 -3.4e+38 -3.4e+38 -3.4e+38 19.6388893127441 19.9484844207764 21.0849990844727 21.9046669006348 22.3666667938232 22.2159996032715 22.0906658172607 22.3693332672119 22.4599990844727 21.6380004882812 21.1813335418701 21.550666809082 21.8099994659424 22.1619987487793 22.2479991912842 22.1040000915527 21.538667678833 20.9020004272461 20.8726673126221 20.9273338317871 20.478666305542 20.3239994049072 20.4266662597656 20.279333114624 20.5540008544922 22.3033332824707 22.5853328704834 24.054666519165 24.6793327331543 25.1506671905518 25.3886680603027 25.7299995422363 26.17799949646 26.7560005187988 27.4406661987305 27.7473335266113 28.0826663970947 28.4773330688477 28.6979999542236 29.1046676635742 29.5093326568604
-3.4e+38 -3.4e+38 -3.4e+38 -3.4e+38 -3.4e+38 -3.4e+38 -3.4e+38 -3.4e+38 -3.4e+38 19.9361114501953 20.5128784179688 21.8093338012695 22.2773323059082 22.326000213623 21.9179992675781 22.050666809082 22.195333480835 22.2233333587646 22.046667098999 21.6439990997314 21.67799949646 21.6966667175293 21.9139995574951 21.6293334960938 21.1060009002686 20.8273334503174 21.1246662139893 21.3426666259766 21.2779998779297 21.021333694458 20.982666015625 20.9106674194336 20.542667388916 21.8299999237061 23.5540008544922 24.2266654968262 24.5106658935547 24.978666305542 25.2679996490479 25.5753326416016 26.2066669464111 26.6653327941895 27.3153324127197 27.7006664276123 28.1013336181641 28.5793342590332 28.6646671295166 28.8986663818359 29.4853343963623
-3.4e+38 -3.4e+38 -3.4e+38 -3.4e+38 -3.4e+38 -3.4e+38 -3.4e+38 -3.4e+38 -3.4e+38 -3.4e+38 21.2823524475098 21.0806674957275 21.1646671295166 21.6633338928223 21.8193340301514 22.4720001220703 22.5359992980957 22.6353340148926 22.5139999389648 22.1226673126221 21.4326667785645 21.2759990692139 21.1266670227051 21.0826663970947 20.775333404541 21.0406665802002 21.5060005187988 21.761999130249 21.775333404541 21.6720008850098 21.5146656036377 21.3753337860107 21.1546669006348 21.496000289917 22.6813335418701 23.4133338928223 24.1180000305176 24.7639999389648 25.1940002441406 25.5653343200684 26.1693344116211 26.707332611084 27.2426662445068 27.681999206543 28.1900005340576 28.5733337402344 28.4079990386963 28.7146663665771 29.5453338623047
-3.4e+38 -3.4e+38 -3.4e+38 -3.4e+38 -3.4e+38 -3.4e+38 -3.4e+38 -3.4e+38 -3.4e+38 -3.4e+38 21.0901508331299 20.9566669464111 21.4160003662109 21.1733322143555 21.5679988861084 22.3553333282471 22.0520000457764 21.8899993896484 21.9899997711182 21.2719993591309 20.7533340454102 21.1973342895508 20.9146671295166 20.7759990692139 20.9833335876465 21.3559989929199 21.6666660308838 21.7759990692139 21.8959999084473 21.9906673431396 21.9646663665771 22.068000793457 21.7233333587646 21.3193340301514 21.5499992370605 21.7259998321533 22.9926662445068 24.2346668243408 25.1293334960938 25.7993335723877 26.3040008544922 26.771333694458 27.2626667022705 27.6879997253418 28.1539993286133 28.3233337402344 28.0346660614014 28.5653343200684 29.6266670227051
-3.4e+38 -3.4e+38 -3.4e+38 -3.4e+38 -3.4e+38 -3.4e+38 -3.4e+38 -3.4e+38 -3.4e+38 19.1000003814697 20.2458324432373 21.6633338928223 22.1106662750244 22.0013332366943 22.3106670379639 22.9293327331543 23.1800003051758 22.6646671295166 21.9633331298828 21.8693332672119 21.8859996795654 21.8899993896484 20.8153324127197 20.5553321838379 20.4446678161621 21.1853332519531 21.5580005645752 21.6593341827393 21.7453327178955 21.8740005493164 22.0860004425049 22.3513336181641 22.4939994812012 22.1240005493164 21.791332244873 20.9513339996338 21.1306667327881 22.8559989929199 24.6853332519531 25.7919998168945 26.2680015563965 26.7406673431396 27.2113342285156 27.5380001068115 27.8486671447754 28.1366672515869 28.6619987487793 29.517333984375 30.1213340759277
-3.4e+38 -3.4e+38 -3.4e+38 -3.4e+38 -3.4e+38 -3.4e+38 -3.4e+38 -3.4e+38 -3.4e+38 -3.4e+38 20.4430561065674 21.5402774810791 21.8913345336914 21.8113327026367 22.0766658782959 22.478666305542 23.0020008087158 22.9559993743896 22.7273330688477 22.0873336791992 21.3093338012695 20.9766674041748 20.5573329925537 20.2653331756592 20.4519996643066 20.8253326416016 21.0833339691162 21.3759994506836 21.8133335113525 21.7046661376953 22.076000213623 22.4079990386963 22.6800003051758 22.4546661376953 22.2126655578613 21.1473331451416 20.1733322143555 21.5226669311523 23.9566669464111 25.3326663970947 25.7693328857422 26.3600006103516 27.021333694458 27.3253326416016 27.6359996795654 28.3673324584961 29.2000007629395 29.8859996795654 30.2473335266113
-3.4e+38 -3.4e+38 -3.4e+38 -3.4e+38 -3.4e+38 -3.4e+38 -3.4e+38 -3.4e+38 -3.4e+38 -3.4e+38 -3.4e+38 21.3472213745117 21.9876804351807 22.2913341522217 22.0659999847412 22.0453338623047 22.7153339385986 22.8733329772949 22.9253330230713 22.7946662902832 22.3113327026367 22.0446662902832 21.9540004730225 21.1793327331543 21.2719993591309 21.533332824707 20.9559993743896 21.2686672210693 21.4913330078125 21.2859992980957 21.5673332214355 22.042667388916 22.4446659088135 22.2593326568604 22.5526657104492 21.5013332366943 20.5046672821045 21.6273326873779 23.3826675415039 24.8633327484131 25.4926662445068 26.164665222168 26.8886680603027 27.2093334197998 27.2573337554932 28.033332824707 29.0153350830078 29.7059993743896 30.2146663665771
-3.4e+38 -3.4e+38 -3.4e+38 -3.4e+38 -3.4e+38 -3.4e+38 -3.4e+38 -3.4e+38 -3.4e+38 -3.4e+38 -3.4e+38 -3.4e+38 21.8999996185303 22.0148143768311 21.9693336486816 21.792667388916 22.2779998779297 22.7346668243408 22.8566665649414 23.0913333892822 22.6713333129883 22.2353343963623 22.5326671600342 22.4899997711182 22.1326675415039 22.0020008087158 21.7006664276123 21.6273326873779 21.1873340606689 21.3033332824707 21.4039993286133 21.7853336334229 22.3299999237061 22.7653331756592 22.3193340301514 21.8526668548584 21.7220001220703 22.1166667938232 23.5580005645752 24.4606666564941 25.5093326568604 26.2533340454102 26.8666667938232 27.246000289917 27.6293334960938 28.2586669921875 29.0773334503174 29.716667175293 30.2000007629395
-3.4e+38 -3.4e+38 -3.4e+38 -3.4e+38 -3.4e+38 -3.4e+38 -3.4e+38 -3.4e+38 -3.4e+38 -3.4e+38 -3.4e+38 -3.4e+38 -3.4e+38 21.6499996185303 21.1098480224609 20.9433326721191 21.6573333740234 22.1046657562256 22.4053344726562 22.6673336029053 22.4213333129883 22.343334197998 22.5540008544922 22.529333114624 22.3786659240723 22.3246669769287 22.0946674346924 21.7313327789307 21.6079998016357 21.7886657714844 22.1886672973633 22.6866664886475 22.8840007781982 22.9033336639404 22.7080001831055 22.6599998474121 22.0486660003662 22.3786659240723 23.2806663513184 23.9980010986328 25.3040008544922 26.2173328399658 26.2919998168945 26.5813331604004 27.6940002441406 28.5193328857422 29.1480007171631 29.6366672515869 29.9860000610352
-3.4e+38 -3.4e+38 -3.4e+38 -3.4e+38 -3.4e+38 -3.4e+38 -3.4e+38 -3.4e+38 -3.4e+38 -3.4e+38 -3.4e+38 -3.4e+38 -3.4e+38 -3.4e+38 20.3166656494141 20.5597229003906 20.8246669769287 21.1240005493164 21.775333404541 22.2666664123535 22.4173336029053 22.6686668395996 22.5639991760254 22.5699996948242 22.6586666107178 22.6853332519531 22.5926666259766 22.4153327941895 22.0860004425049 22.1173324584961 22.5306663513184 22.9593334197998 23.1006660461426 23.2313327789307 23.1420001983643 23.1626663208008 22.7266674041748 22.3253326416016 22.9946670532227 24.6560001373291 25.6546669006348 26.2940006256104 26.0300006866455 25.7880001068115 27.5393333435059 28.4440002441406 28.8700008392334 29.1626663208008 29.5879993438721
