model/data/bioclim/bclim9.asc
NCOLS 300 
NROWS 300 
XLLCORNER -125.250000000003 
YLLCORNER 30.7499999999996 
CELLSIZE 0.041666666666667 
NODATA_value -32768 
[rows 76 to 113 of 300, columns 86 to 171 of 300]
190 178 165 160 153 145 139 143 147 167 177 180 170 157 166 170 175 170 160 172 174 173 175 179 168 154 155 152 150 147 148 150 150 150 148 167 190 190 177 173 186 187 182 167 160 157 181 209 213 214 215 214 206 180 204 215 212 192 174 187 188 178 186 198 204 206 207 204 196 185 193 203 209 211 211 210 211 209 195 190 204 210 210 209 210 210
199 179 172 160 151 144 143 149 163 183 195 182 177 183 183 180 184 175 156 155 145 163 172 157 151 151 154 152 154 154 149 141 138 144 152 153 171 188 184 159 150 172 174 160 149 144 149 184 209 215 215 215 203 182 207 214 212 190 178 188 190 182 186 197 203 205 206 205 195 187 193 205 211 211 211 211 208 201 200 205 211 212 212 210 203 206
201 191 176 169 156 150 152 149 160 191 156 157 157 164 171 174 178 182 178 168 149 134 149 145 130 134 153 153 155 154 154 149 139 140 152 149 151 176 191 188 180 184 184 175 171 155 137 159 196 215 216 215 200 189 203 214 213 200 188 189 192 193 195 199 202 201 202 203 196 199 202 208 212 211 210 206 204 210 212 212 213 213 213 211 205 200
202 205 183 182 163 166 167 172 195 179 146 146 143 167 179 178 175 180 183 179 171 159 144 143 147 148 150 152 151 153 153 146 145 135 152 154 141 150 172 185 181 184 183 163 174 184 168 165 189 208 215 215 213 208 207 213 209 200 190 187 191 196 200 199 196 194 195 203 206 210 211 211 212 207 209 210 211 212 213 213 213 214 213 209 201 186
210 206 198 194 181 173 177 198 180 169 160 161 154 163 166 171 160 155 163 173 173 175 168 153 144 145 149 150 150 146 151 150 142 149 154 158 152 144 165 184 181 182 182 177 163 174 196 188 191 204 208 213 215 213 212 210 201 196 189 196 199 196 203 201 197 197 202 210 213 212 211 207 203 211 213 213 213 213 213 214 214 214 213 205 190 176
230 212 212 202 183 189 203 187 170 159 157 157 157 165 162 160 167 164 167 173 165 168 174 171 153 142 144 147 156 157 157 160 151 153 160 159 165 164 180 178 164 183 171 181 183 175 200 205 202 192 180 191 203 213 211 211 206 201 193 194 193 193 205 206 204 206 208 212 213 212 211 211 212 213 213 213 213 213 213 214 215 214 210 191 169 166
237 222 217 206 199 213 192 171 166 168 163 158 163 168 178 178 170 158 150 157 163 148 162 168 165 150 158 162 163 162 164 168 169 171 170 170 170 170 178 174 150 167 170 174 179 180 195 202 204 189 173 164 162 190 208 210 203 202 198 179 182 190 208 209 205 201 206 212 212 213 213 213 213 213 213 213 214 214 214 214 215 215 206 178 186 194
240 230 227 220 214 201 188 195 179 179 170 180 182 171 162 164 164 159 148 146 154 148 144 163 173 172 167 163 157 150 163 168 170 171 169 166 166 165 177 170 149 160 168 165 182 180 193 196 198 201 193 175 148 170 194 205 200 199 200 177 187 194 207 210 204 200 204 207 207 213 214 214 214 214 214 214 214 214 215 215 216 214 188 180 206 221
239 236 235 227 226 216 211 211 198 196 190 186 172 165 163 163 167 160 160 146 151 141 143 149 155 167 174 161 158 160 164 168 169 171 171 163 149 163 172 172 157 169 175 177 178 185 185 191 185 192 194 180 159 167 188 201 205 196 196 183 188 207 211 210 208 206 207 209 210 213 214 214 214 214 214 215 214 215 215 215 215 202 172 202 220 226
242 242 240 235 232 222 221 202 192 200 182 179 174 172 172 166 167 170 162 159 155 150 145 138 142 138 144 157 158 164 167 168 169 169 170 157 141 152 162 174 176 173 183 181 183 185 190 194 186 175 188 179 159 160 187 203 206 205 195 188 201 211 209 200 203 209 212 214 213 213 213 213 213 213 214 215 215 215 215 216 212 192 177 213 224 226
245 245 241 237 228 222 215 204 206 210 186 183 180 179 178 176 173 174 169 160 165 169 156 139 143 141 138 138 144 165 167 162 157 152 163 154 138 144 156 171 175 175 184 184 182 181 195 197 187 173 170 169 154 175 193 203 205 208 207 206 212 214 205 199 211 214 214 214 212 213 214 214 214 214 214 214 215 215 216 215 208 186 174 208 224 226
246 245 238 236 237 230 222 221 224 206 189 184 184 183 182 180 179 175 172 171 182 182 159 144 138 156 140 137 138 155 167 166 150 145 149 147 143 124 148 159 155 148 171 179 182 189 195 196 190 186 183 184 184 192 195 204 205 207 210 211 213 214 211 210 215 215 214 213 213 213 213 213 214 214 215 215 215 216 216 212 200 180 158 202 223 224
247 246 242 241 241 239 239 230 222 214 202 194 186 186 187 186 182 180 183 188 189 184 180 171 167 161 150 135 127 134 154 158 152 142 141 137 145 135 149 156 154 151 163 177 191 193 197 192 185 189 198 201 201 195 192 185 194 204 206 205 208 213 216 217 215 214 213 213 212 212 212 213 214 214 214 216 216 215 214 192 167 160 164 210 222 222
247 248 249 247 242 236 231 231 211 205 201 192 192 195 196 192 192 191 189 177 170 177 157 157 149 148 150 138 134 128 136 138 143 143 141 138 147 147 145 163 176 181 184 191 193 196 198 191 193 196 184 185 195 194 182 174 187 196 203 197 199 208 215 217 216 215 213 212 211 212 212 213 214 215 215 216 215 208 203 179 155 161 185 210 221 218
248 249 249 248 244 238 226 218 209 207 203 198 205 196 194 191 189 188 185 182 181 177 174 164 150 144 142 143 132 132 135 133 136 140 144 144 149 151 140 150 160 155 168 181 194 195 196 185 188 190 182 180 181 184 185 177 174 185 201 206 204 209 216 217 216 215 213 212 211 211 212 213 214 215 215 216 211 199 195 179 165 174 195 213 218 206
248 249 249 248 245 243 232 231 220 212 204 203 211 211 203 193 193 193 193 193 192 190 170 160 155 149 139 137 132 128 127 120 129 136 141 144 150 152 148 157 133 121 137 166 189 198 196 184 179 185 187 182 174 173 186 194 195 197 205 211 210 214 216 213 215 216 214 212 211 211 213 214 215 214 214 213 203 194 192 183 181 189 199 213 216 194
248 249 249 248 248 245 239 236 219 220 219 201 209 214 210 201 195 194 194 190 188 193 173 168 150 138 134 133 138 132 126 121 130 137 141 147 149 151 150 153 132 109 131 158 178 186 197 177 177 179 180 172 183 193 199 199 203 208 211 213 211 211 207 202 203 212 214 213 212 213 214 215 215 213 210 212 206 197 192 197 199 201 208 213 213 192
248 248 249 249 248 246 244 237 231 226 222 216 219 211 204 197 198 198 198 198 200 198 197 180 162 161 153 142 134 129 131 124 132 136 141 145 149 150 150 147 133 103 122 160 177 186 188 177 171 178 176 187 195 202 205 202 196 199 209 211 213 213 211 207 204 211 214 214 214 214 215 215 215 215 216 216 209 41 191 44 208 210 213 214 214 207
248 248 249 249 249 247 245 240 233 223 226 231 221 216 207 202 199 198 198 198 196 191 182 179 171 160 154 147 142 141 137 133 134 142 144 146 149 148 143 132 117 105 118 157 184 183 175 163 173 185 194 200 201 200 203 203 195 201 209 210 211 212 212 211 207 208 213 215 215 215 215 216 216 210 217 217 214 214 209 205 213 214 215 212 212 210
247 249 248 248 248 245 246 244 238 235 232 230 220 213 204 200 199 199 201 199 198 197 189 178 172 152 148 145 143 139 146 141 129 132 137 142 140 141 137 131 130 138 132 169 186 187 172 171 183 189 200 201 196 192 199 201 202 204 205 205 206 209 210 206 203 206 210 213 213 215 211 215 217 215 208 214 218 219 213 47 213 216 215 48 201 208
247 248 248 249 249 248 248 246 243 239 231 229 220 210 205 201 201 202 204 203 202 196 198 194 175 169 178 183 165 160 142 140 132 123 135 138 129 139 149 152 157 156 142 166 183 183 180 186 190 196 197 193 177 181 186 191 199 203 160 153 179 152 200 155 159 203 205 157 192 49 211 213 215 213 45 45 217 217 52 41 214 216 210 37 170 184
247 248 248 248 249 248 247 245 240 236 229 227 223 213 210 206 206 208 208 206 204 208 210 197 189 181 161 153 159 139 146 142 128 124 137 137 140 146 150 154 157 158 127 140 178 192 194 195 188 187 188 177 154 174 177 183 197 202 201 195 158 200 204 158 149 154 151 149 150 49 215 210 49 50 47 38 45 51 42 43 54 54 48 177 131 171
247 247 248 248 248 248 248 246 243 241 234 230 225 217 217 216 214 213 210 213 206 202 197 191 182 181 168 149 149 146 155 135 129 133 129 136 144 147 150 154 158 155 128 136 174 190 193 190 185 178 183 171 149 169 168 180 195 198 202 203 203 202 203 204 203 203 48 156 156 49 215 218 215 50 43 40 37 39 85 87 48 51 42 35 36 31
247 247 248 248 248 248 248 247 245 243 239 234 230 225 222 220 219 219 216 213 208 205 198 200 201 184 167 164 164 158 152 148 141 134 127 135 146 148 151 154 158 154 143 166 179 190 192 186 173 170 174 167 156 173 178 188 188 195 202 202 201 202 203 202 206 207 206 47 155 48 51 215 216 55 49 44 43 41 86 78 46 48 38 32 37 35
246 247 247 247 247 247 247 247 245 243 238 235 230 230 228 223 220 220 221 219 213 208 209 215 202 184 170 183 167 165 165 148 151 134 128 127 144 149 151 154 158 149 126 157 187 192 189 187 181 172 160 159 147 177 183 179 187 152 199 201 201 201 202 200 161 162 207 207 49 48 42 46 54 55 55 52 49 45 39 29 38 39 39 34 36 33
246 246 246 247 247 246 246 246 245 244 242 237 234 232 228 226 222 226 222 217 217 220 223 217 211 201 190 185 168 180 151 144 140 142 137 131 139 148 151 154 157 151 128 165 190 191 191 189 183 178 167 163 143 175 183 179 188 149 158 201 201 201 201 159 155 155 204 209 208 50 49 53 57 52 53 53 44 37 42 41 38 40 42 46 37 33
245 245 245 246 246 246 246 246 245 244 241 238 235 233 229 226 229 227 222 224 224 218 216 222 209 200 192 176 182 172 163 154 143 131 136 129 119 138 150 152 155 154 139 168 190 191 190 190 189 186 177 169 148 161 191 193 194 148 149 200 201 199 197 152 153 142 150 209 212 213 214 59 60 58 57 56 47 41 49 55 56 57 58 58 41 42
244 244 245 245 245 245 245 245 245 244 243 241 236 234 231 234 232 230 225 224 222 219 215 208 210 209 198 194 181 163 162 157 142 134 120 127 119 135 148 150 152 141 116 172 191 191 191 190 184 182 178 155 152 167 195 197 196 183 184 200 201 200 198 155 150 130 125 153 211 214 215 214 55 54 56 58 53 47 56 61 62 62 62 61 53 52
243 243 244 244 244 244 244 245 244 244 243 241 239 236 236 232 229 227 225 223 224 222 219 207 197 195 194 183 170 173 170 167 152 133 126 118 111 119 143 146 150 135 115 154 190 191 190 190 187 177 172 145 140 169 195 195 193 148 144 198 201 160 159 157 154 147 130 122 159 216 216 55 45 42 46 54 56 53 59 62 62 62 61 60 59 55
242 242 243 243 243 243 243 244 243 243 241 240 239 237 237 233 233 231 226 225 225 226 224 218 207 197 189 193 180 181 174 173 158 144 134 115 116 124 133 146 139 120 100 113 175 190 189 187 182 165 159 133 142 173 191 193 193 193 146 197 200 200 160 155 152 149 141 134 152 216 217 56 45 37 40 48 48 51 58 61 62 62 61 61 60 57
241 241 241 242 242 242 242 243 242 242 241 241 240 239 235 232 236 235 233 226 225 226 227 222 222 215 209 197 184 178 169 165 153 141 138 135 135 133 127 138 120 112 121 115 162 187 185 183 175 172 150 123 133 150 187 193 193 193 154 154 197 158 157 152 143 139 133 108 135 209 219 176 50 41 40 38 36 45 49 57 60 58 57 60 59 58
240 240 240 240 241 241 241 241 241 241 241 240 240 238 238 236 234 231 229 228 226 227 228 227 223 214 212 208 205 202 193 184 181 171 157 145 142 132 115 129 120 135 131 137 177 182 181 177 166 164 163 165 156 170 187 192 191 189 185 185 152 154 155 159 156 149 137 111 118 160 221 220 57 96 45 42 43 43 35 48 52 47 43 55 58 56
238 238 239 239 239 240 240 240 241 240 240 240 239 239 237 233 231 232 230 227 223 226 229 228 225 218 211 205 196 186 182 168 165 158 163 145 135 130 117 113 110 136 118 121 164 176 160 143 153 146 176 183 187 185 179 178 189 182 176 134 138 146 152 151 160 154 141 118 133 209 222 223 62 97 94 38 38 38 37 33 40 34 32 45 50 45
237 237 236 237 237 238 239 239 240 240 239 239 239 238 235 232 230 230 228 226 224 225 229 229 228 221 212 200 189 181 170 160 159 149 152 154 140 122 119 115 115 129 123 143 168 174 158 140 133 128 165 186 188 182 167 162 183 182 168 141 150 129 143 148 159 154 142 120 140 210 222 223 64 98 129 74 79 76 86 82 79 29 78 28 29 43
235 235 235 235 236 237 238 238 238 238 238 239 238 237 236 233 232 230 229 226 228 226 227 226 227 225 219 205 188 180 169 164 154 140 138 137 130 125 111 115 112 118 119 133 153 141 161 145 137 140 174 189 186 179 165 151 164 174 163 144 134 133 130 149 155 153 138 115 121 158 223 224 222 58 98 86 78 79 75 79 82 75 72 69 71 36
233 233 233 233 233 235 236 236 237 237 237 237 238 237 237 235 233 233 233 229 228 226 226 226 227 222 215 205 194 187 176 167 162 148 138 135 126 118 117 130 119 119 125 119 123 140 136 154 153 144 162 176 186 172 157 146 140 152 163 150 139 134 124 151 151 143 131 112 97 121 168 225 224 223 63 57 53 46 82 40 36 44 39 40 32 31
231 231 231 232 232 233 234 235 236 236 236 236 237 237 237 236 234 235 233 232 229 227 226 226 224 220 214 206 201 194 185 176 159 152 153 136 132 129 135 152 139 131 127 119 117 113 113 132 146 144 148 169 184 162 137 134 137 144 154 149 135 132 118 137 148 148 139 107 110 109 124 178 224 223 181 65 62 60 55 60 61 59 57 56 46 29
229 230 230 231 231 232 233 233 234 235 235 236 237 237 237 237 236 236 235 231 229 227 226 226 224 221 217 211 201 191 185 181 169 171 162 160 152 144 166 128 122 128 126 114 115 107 119 120 139 130 126 164 180 164 134 123 114 127 151 146 127 126 140 115 134 146 136 100 113 99 123 160 178 179 179 176 106 100 110 60 57 56 58 62 61 41
