model/data/bioclim/bclim7.asc
NCOLS 300 
NROWS 300 
XLLCORNER -125.250000000003 
YLLCORNER 30.7499999999996 
CELLSIZE 0.041666666666667 
NODATA_value -32768 
[rows 114 to 151 of 300, columns 172 to 257 of 300]
402 395 392 397 402 402 399 400 403 406 407 410 416 417 417 415 414 416 416 415 410 400 389 376 387 393 397 396 391 382 382 371 379 385 393 395 388 385 382 376 378 400 405 405 404 400 395 399 401 402 399 399 398 408 415 416 418 419 419 419 419 415 400 382 387 395 408 414 418 421 423 424 425 425 417 390 408 417 418 411 401 413 418 421 420 420
409 406 399 389 397 405 408 409 407 409 412 410 412 417 418 419 418 417 416 413 409 401 391 392 395 399 399 389 379 375 376 372 370 385 395 396 388 386 379 377 382 399 406 406 404 401 393 398 400 401 401 401 402 413 416 417 418 417 419 419 417 409 396 389 383 395 410 415 418 421 423 423 425 424 404 405 415 416 416 407 408 397 411 418 418 418
407 396 392 375 380 403 411 413 410 407 411 413 413 416 419 418 418 416 412 408 406 404 400 399 401 400 398 388 373 366 370 365 367 387 395 397 394 389 375 377 383 397 404 406 405 396 391 397 399 400 400 403 409 414 416 416 416 417 417 417 408 392 384 387 394 405 413 417 419 421 422 423 423 419 401 404 414 414 411 412 412 403 411 416 415 415
409 383 371 371 378 403 412 413 409 401 408 413 412 412 418 418 418 415 409 400 392 394 401 403 402 401 398 391 380 371 362 361 371 384 396 396 395 388 373 373 379 397 404 406 406 404 397 391 395 399 395 399 412 414 414 415 416 415 416 410 393 370 369 389 400 407 413 417 419 420 421 422 421 415 395 403 412 412 405 414 411 394 403 412 413 411
414 403 384 388 395 406 413 413 411 401 408 412 412 413 419 419 418 416 410 393 373 386 398 403 402 401 398 395 387 384 380 376 384 385 396 396 396 391 375 374 381 395 404 406 406 406 400 387 397 401 398 403 411 413 413 414 414 413 412 404 387 357 368 393 403 410 413 414 419 420 420 419 415 413 406 407 410 403 404 414 411 402 398 406 410 409
415 412 405 402 398 406 409 411 410 409 410 413 411 416 419 419 418 417 412 401 382 390 396 399 402 400 395 390 383 386 386 389 392 392 398 395 398 392 383 380 387 396 404 406 406 405 402 395 393 399 404 406 410 411 412 413 414 411 406 401 382 357 381 399 407 411 411 413 417 418 417 412 410 413 409 408 404 403 412 414 410 403 396 402 406 406
410 412 410 408 402 401 407 410 407 405 405 411 416 419 418 418 418 417 412 403 390 391 392 397 401 397 389 382 377 383 388 384 393 395 398 397 398 394 387 382 393 400 403 404 405 405 400 393 394 402 407 408 410 410 410 410 407 391 386 386 373 376 393 405 411 411 403 410 414 417 417 413 411 413 409 405 399 408 415 412 407 399 394 400 404 404
406 411 413 415 412 405 400 400 401 393 394 410 418 419 419 419 418 417 411 403 393 391 397 400 400 393 385 377 384 381 391 387 389 395 395 397 397 395 391 383 391 401 402 403 402 401 402 402 406 407 407 407 407 407 406 399 388 370 372 375 375 390 400 408 410 409 410 411 413 413 415 416 410 413 409 398 400 411 415 411 404 394 396 401 404 403
403 410 414 419 415 405 391 391 394 383 401 416 420 419 419 418 416 414 410 403 393 388 397 402 401 395 390 385 384 390 391 384 386 393 396 398 396 394 391 384 387 398 400 400 396 390 397 402 406 406 407 405 402 400 390 375 375 360 376 384 386 397 404 409 410 404 411 413 407 404 408 414 415 415 411 406 407 414 414 411 405 401 399 401 403 402
414 418 419 421 417 400 387 395 401 401 411 420 420 419 417 413 413 412 407 402 395 390 398 401 402 400 397 392 389 392 394 386 386 391 396 397 394 392 385 377 383 394 398 396 387 385 391 401 404 405 405 401 394 392 382 368 357 369 383 386 394 402 405 408 407 404 411 412 409 401 397 404 410 414 413 409 410 415 416 415 411 408 396 391 400 402
416 420 420 421 420 412 408 409 412 416 420 421 418 409 402 403 408 409 405 400 392 393 398 401 402 401 401 396 390 394 395 387 386 391 395 395 392 386 381 377 378 392 395 391 382 383 391 399 404 404 404 400 392 384 375 364 366 383 390 394 400 403 405 407 406 408 411 412 410 406 399 386 397 408 415 410 407 414 416 416 414 403 393 378 391 401
417 420 422 422 421 418 419 419 420 420 421 419 407 384 372 393 401 405 404 399 393 392 398 400 401 401 401 400 397 397 396 394 393 395 395 392 387 377 361 363 380 390 393 390 384 377 386 397 404 404 403 398 387 378 377 368 377 386 391 396 399 402 404 406 406 405 409 411 409 405 398 383 384 400 413 411 405 410 417 418 417 409 394 373 382 394
406 417 420 416 404 416 419 421 422 422 420 414 404 397 386 392 397 404 406 401 391 389 396 401 401 401 401 399 394 395 397 396 395 395 393 386 380 373 361 360 378 386 390 388 383 375 382 396 403 404 402 396 385 375 383 384 388 390 392 395 399 402 403 401 401 408 409 410 408 403 395 381 382 399 412 406 397 411 416 417 418 410 397 378 378 387
406 414 420 418 401 411 416 420 421 421 415 405 393 384 386 401 397 406 410 406 400 395 397 400 401 400 400 399 393 394 397 396 395 394 390 384 375 364 363 357 370 381 386 385 383 378 376 392 400 401 400 393 380 381 389 393 395 396 391 381 396 400 397 392 394 407 408 408 406 400 394 394 389 400 412 405 404 410 417 418 418 405 388 375 374 380
405 409 420 423 410 394 406 415 418 419 416 408 402 393 397 406 410 413 411 408 403 395 397 400 399 399 398 398 396 396 396 395 394 393 390 387 381 378 375 368 365 375 382 384 384 380 370 385 397 399 397 389 383 389 395 398 398 397 389 372 393 396 391 381 391 405 407 406 405 394 390 399 402 404 408 397 405 413 417 418 417 408 392 373 367 382
418 419 422 421 410 380 380 396 405 415 421 421 421 417 412 409 414 412 409 406 404 398 396 397 399 398 398 396 395 395 394 394 394 393 391 388 385 383 380 376 367 369 379 382 385 382 370 381 395 396 393 386 390 393 397 399 399 399 393 377 390 391 385 376 395 405 406 406 404 395 393 402 408 410 405 395 405 413 416 418 417 410 398 380 373 391
420 424 422 408 402 393 371 370 373 404 424 429 429 429 419 405 410 404 402 401 400 396 391 391 395 392 393 390 386 387 390 392 393 392 391 389 387 385 383 380 374 364 372 380 384 386 382 387 393 393 392 387 388 394 398 399 399 400 398 379 387 383 384 386 395 401 402 401 402 404 397 406 412 406 400 394 404 412 416 417 416 411 401 389 387 403
421 422 412 381 371 366 362 364 383 396 423 431 429 426 419 404 397 387 387 390 394 389 384 385 389 393 392 384 378 379 385 389 391 391 390 389 387 386 385 382 378 368 366 378 382 385 388 389 391 391 388 383 387 393 396 399 399 399 396 388 383 379 385 386 393 397 399 396 399 403 408 412 409 404 397 389 401 412 415 416 414 404 402 395 390 404
422 412 388 369 352 355 349 371 401 420 430 431 429 421 405 394 385 371 375 383 386 383 380 381 388 396 393 385 377 374 379 385 388 390 390 389 388 387 386 384 380 371 368 375 381 384 385 384 387 385 382 385 390 393 397 398 399 398 394 389 382 377 381 380 386 390 394 393 400 401 410 410 406 402 394 389 401 410 414 416 410 395 395 389 379 396
423 420 391 355 348 360 367 391 413 427 431 431 425 415 393 387 372 364 374 378 380 383 385 388 391 398 400 395 390 382 379 378 384 388 389 389 387 386 387 386 383 371 366 373 380 384 383 379 381 384 381 387 392 396 397 397 397 395 390 386 382 377 377 377 374 379 389 394 403 408 401 402 401 395 387 384 400 407 412 412 406 392 389 391 385 394
421 424 413 381 369 365 381 404 422 429 430 427 421 410 396 383 377 382 384 384 384 390 393 396 399 402 402 401 398 392 382 372 377 386 388 388 385 387 388 387 384 375 373 378 381 384 383 379 382 384 386 389 392 393 395 396 394 391 380 377 372 371 376 376 365 376 390 398 407 402 401 406 404 401 397 396 401 406 409 407 399 384 387 394 403 411
408 421 423 410 385 375 375 397 415 418 419 415 412 399 390 376 380 391 390 386 387 395 398 400 402 402 401 399 396 392 383 374 375 383 386 385 383 385 388 388 385 377 374 379 383 385 382 376 378 383 385 388 390 391 391 390 387 388 378 380 377 379 384 379 376 389 398 404 408 403 404 406 402 399 401 402 403 405 402 395 386 381 386 397 408 418
368 400 419 419 406 386 373 376 386 393 391 393 393 386 377 382 393 398 395 390 392 396 401 400 395 392 390 391 390 390 385 380 378 381 384 382 382 386 388 388 387 380 376 382 384 385 379 370 371 380 384 387 386 385 381 374 379 383 387 388 387 385 388 376 375 387 399 405 407 403 404 401 394 390 398 400 402 401 396 385 374 378 387 398 415 401
335 372 403 418 416 396 390 384 373 369 355 349 365 371 376 391 400 399 396 392 391 401 400 384 367 369 380 387 386 388 385 381 378 380 383 383 384 387 388 389 388 384 373 382 384 384 379 369 362 373 381 380 380 381 376 364 375 384 389 391 392 392 390 377 383 390 399 403 407 400 401 396 380 379 393 398 401 400 394 378 367 375 387 408 403 384
332 351 383 407 415 412 405 395 383 372 358 350 353 366 375 383 396 395 393 395 401 405 400 385 371 370 383 387 386 385 383 379 378 382 384 384 386 387 387 387 387 382 375 382 384 383 379 368 364 375 380 384 384 382 376 367 365 379 386 392 394 394 391 382 386 391 394 400 405 405 400 391 372 374 389 395 401 401 394 381 369 374 385 398 409 381
337 352 375 387 406 412 404 386 376 380 372 360 356 365 383 394 401 403 403 403 404 403 403 400 396 389 391 390 387 385 383 381 383 385 385 386 385 387 386 385 384 376 373 381 382 382 375 362 364 376 381 385 385 383 375 369 355 373 380 389 393 394 394 391 385 384 385 395 402 405 402 390 388 380 389 398 401 400 395 384 380 374 384 391 408 386
349 385 402 380 403 406 394 372 359 360 367 359 352 370 392 399 401 402 400 396 396 398 401 400 403 394 387 385 387 386 385 380 383 384 384 381 384 385 384 383 377 371 367 377 380 377 362 363 371 377 384 386 386 384 379 372 364 374 380 387 390 393 394 393 388 377 377 389 400 404 402 395 395 392 393 397 400 399 395 381 371 375 386 395 409 400
384 404 397 409 423 421 403 398 387 373 367 370 380 390 396 396 393 391 383 379 382 392 402 405 405 400 385 385 383 384 383 380 382 380 378 376 380 381 378 378 370 365 363 371 377 371 361 371 377 381 385 386 387 386 381 375 370 378 382 385 389 391 393 394 384 365 367 382 394 401 402 397 397 397 395 397 398 396 390 381 365 373 387 399 410 410
404 406 384 416 425 425 423 413 369 378 395 398 400 401 388 382 382 378 372 368 378 391 400 407 407 405 393 386 387 385 381 378 377 375 374 374 376 375 370 370 367 363 362 366 369 365 363 371 379 383 385 386 386 388 387 386 384 382 380 385 387 390 392 394 387 373 373 380 385 396 401 400 399 397 394 396 394 392 386 372 373 380 391 401 404 403
403 383 378 414 421 424 425 421 392 359 405 416 418 415 404 396 390 376 362 366 383 393 401 407 408 407 403 393 394 387 373 373 369 375 370 373 373 370 370 367 364 362 360 360 363 360 366 365 369 380 383 385 386 387 388 387 386 384 380 379 382 386 390 393 392 387 378 382 383 393 398 401 398 394 389 390 383 385 381 372 389 397 402 403 396 402
355 342 370 388 415 424 424 424 415 387 402 421 423 421 410 392 378 362 366 383 396 403 404 409 408 406 404 397 397 393 388 383 376 379 380 378 374 370 368 366 363 360 358 358 358 362 369 368 375 378 382 384 385 383 385 385 385 382 378 376 375 386 390 392 393 386 383 384 386 389 396 400 400 397 395 384 382 383 380 390 400 404 405 396 401 406
330 338 353 365 400 421 423 424 416 403 395 409 423 422 415 398 380 369 377 390 400 405 407 404 407 406 404 401 401 399 396 391 382 383 384 382 380 375 373 372 369 363 362 366 359 365 377 381 384 383 380 380 383 376 381 384 383 382 378 377 375 384 390 392 392 385 386 387 388 391 393 398 401 400 395 376 382 386 386 398 405 405 398 401 404 407
334 349 350 371 398 418 418 422 423 419 407 390 421 423 419 406 391 383 381 385 395 406 400 393 402 404 404 402 401 400 398 394 389 386 386 387 382 377 374 374 374 373 374 371 365 365 378 383 385 383 378 373 378 379 377 380 381 380 379 377 371 378 386 391 391 389 390 386 388 390 392 393 392 402 399 381 382 389 393 402 404 398 400 403 405 406
331 336 359 375 396 400 412 414 421 421 420 389 413 423 421 411 398 391 397 398 404 398 384 382 396 400 401 401 400 398 396 396 393 392 391 386 381 372 365 367 374 376 377 373 369 372 379 383 385 384 379 375 377 380 380 379 377 376 372 366 367 371 378 389 390 391 393 387 389 390 382 390 394 402 402 387 392 394 400 404 398 392 401 402 406 406
322 321 349 364 382 377 396 394 417 420 414 384 403 418 422 419 410 408 406 404 396 379 369 381 389 394 398 399 398 398 394 396 395 395 390 384 379 371 363 363 371 376 379 376 373 376 379 383 385 384 381 377 377 379 379 377 372 371 371 366 368 379 380 384 388 387 395 396 396 392 374 384 396 402 403 396 396 399 401 396 395 399 402 403 407 405
314 301 334 358 378 383 386 379 399 409 398 382 384 414 421 422 422 417 408 402 385 363 355 369 380 389 393 396 396 395 391 396 397 394 389 385 383 379 369 366 370 375 379 375 367 372 378 382 384 384 382 380 377 377 375 374 371 370 374 373 371 383 387 381 383 389 395 398 397 396 375 374 395 402 405 402 401 400 390 391 398 402 405 405 400 393
294 301 333 376 393 394 387 384 379 395 391 362 367 407 419 416 422 421 418 404 376 359 348 363 376 384 389 391 394 390 386 394 399 396 391 386 379 379 378 375 372 377 369 369 367 374 375 380 383 384 382 380 378 377 372 370 373 377 382 378 373 383 391 388 378 390 396 397 397 396 374 368 392 402 405 403 402 396 385 392 400 403 405 402 393 376
307 301 332 384 406 406 401 388 374 405 395 348 370 403 404 397 416 423 422 415 397 370 355 354 363 376 382 384 389 384 391 396 400 396 391 388 383 375 370 371 379 378 364 363 364 373 378 375 379 382 380 378 382 378 373 370 374 382 387 385 372 381 391 393 383 380 393 395 395 394 379 367 390 399 404 404 402 393 389 394 399 403 406 401 393 381
