model/data/bioclim/bclim12.asc
NCOLS 300 
NROWS 300 
XLLCORNER -125.250000000003 
YLLCORNER 30.7499999999996 
CELLSIZE 0.041666666666667 
NODATA_value -32768 
[rows 0 to 37 of 300, columns 86 to 171 of 300]
705 652 632 602 536 487 525 628 614 567 449 364 332 325 304 291 331 313 280 275 270 267 264 259 260 255 254 253 247 245 242 244 245 252 260 261 253 256 248 244 246 258 263 270 267 258 252 255 264 273 274 266 260 253 259 263 266 264 258 251 252 252 252 254 258 255 252 252 254 255 262 260 261 275 269 264 264 266 288 279 272 295 311 323 333 326
646 624 583 555 527 483 485 562 608 494 440 396 345 314 303 297 296 313 303 283 276 273 273 276 287 280 288 285 251 247 244 256 253 250 253 251 262 263 238 238 239 245 262 277 278 279 267 257 268 274 280 283 272 270 275 275 270 266 265 259 253 252 253 260 257 251 251 251 253 259 261 259 261 267 269 265 263 263 263 262 262 273 298 334 336 320
665 667 575 523 530 501 473 512 518 454 411 383 347 327 311 305 299 299 301 292 286 292 304 305 327 326 323 307 265 253 263 268 257 255 254 263 275 254 243 235 235 247 268 295 280 273 260 262 272 275 282 280 275 273 279 278 280 287 275 270 260 251 253 264 267 252 250 250 253 253 253 254 260 265 265 274 274 267 278 280 275 281 294 314 314 285
620 675 569 530 523 506 464 457 429 418 401 371 355 337 325 320 316 315 299 295 317 343 337 350 351 353 326 296 278 275 279 277 268 267 254 271 261 251 248 234 233 259 274 276 270 259 250 257 277 278 280 277 271 271 281 283 285 280 287 290 290 266 255 267 275 260 249 249 249 259 255 261 267 261 271 315 320 295 297 331 332 317 318 313 273 264
563 529 523 501 487 492 517 509 480 447 418 403 381 364 349 352 350 356 326 306 339 350 344 332 311 303 318 308 294 303 306 292 273 270 259 246 245 249 239 233 231 249 276 277 265 253 248 270 285 285 284 275 268 286 284 286 287 285 288 291 295 295 276 274 285 281 263 247 249 253 260 279 282 268 276 289 316 339 321 313 309 296 272 271 269 271
532 507 499 485 467 510 566 575 572 554 476 440 413 383 420 474 400 394 414 400 386 323 305 286 278 276 316 321 300 320 310 292 283 272 252 243 245 246 240 242 234 272 283 283 271 252 248 284 297 293 287 270 285 290 290 288 286 286 292 292 292 292 292 284 297 303 284 257 254 256 255 259 272 285 290 314 327 359 341 322 316 284 266 255 266 268
527 505 488 475 462 512 621 732 742 701 567 507 442 402 416 468 458 450 464 511 493 309 293 288 282 297 332 325 324 317 311 306 288 266 256 249 243 236 231 229 274 302 291 280 272 259 261 306 304 291 277 290 299 289 291 290 289 286 288 292 293 293 296 288 291 301 291 255 265 265 269 271 276 294 313 325 335 343 358 342 292 266 266 293 308 287
532 505 490 505 464 535 759 864 821 703 575 515 444 405 408 444 488 482 503 539 409 307 298 289 286 303 342 303 318 328 305 304 297 275 275 263 251 246 241 235 303 351 294 277 276 268 281 304 302 280 274 292 292 292 293 291 289 286 290 281 282 285 288 299 294 304 283 259 266 274 287 296 296 291 317 345 360 366 378 302 256 260 261 325 338 311
542 521 503 487 463 481 606 748 639 607 559 491 435 418 416 442 467 499 514 539 338 310 302 296 291 302 333 357 314 303 305 303 294 283 285 284 264 257 249 252 282 303 289 283 279 294 291 294 285 281 268 271 287 292 289 286 275 278 288 290 289 281 282 294 304 304 273 261 274 287 308 331 326 316 323 345 368 375 313 250 265 265 269 305 324 320
570 532 522 498 471 460 515 621 589 548 518 466 431 421 415 442 465 490 524 568 370 311 304 300 294 293 304 339 335 300 305 309 295 286 287 284 271 269 258 250 293 295 290 290 293 296 290 279 267 265 259 255 282 285 282 271 270 272 275 276 281 282 282 288 296 295 264 265 280 298 317 342 362 342 342 370 385 362 254 251 263 260 297 326 326 320
529 562 545 500 473 462 516 580 574 531 491 451 431 423 419 430 450 482 530 570 410 316 309 301 299 296 295 328 329 317 312 310 297 280 275 279 277 278 285 271 293 285 282 283 287 288 286 265 247 251 251 254 275 280 275 270 270 267 270 272 273 272 279 290 288 287 281 273 288 308 332 356 385 376 375 392 393 273 255 244 251 283 321 327 328 321
528 557 534 492 466 458 512 591 547 510 485 449 435 433 432 436 448 483 535 561 454 327 313 306 299 297 294 311 298 318 334 320 307 281 258 258 263 269 292 302 302 281 273 269 267 272 272 254 247 248 249 267 271 274 270 268 267 267 267 269 269 268 274 276 275 290 304 282 295 331 353 383 408 441 428 427 303 255 260 243 249 260 265 270 265 281
516 541 555 519 470 456 471 496 493 473 467 449 448 448 447 449 459 484 505 532 538 401 349 313 310 308 298 292 285 285 342 333 308 277 261 259 254 285 310 301 297 271 261 260 259 259 256 249 249 249 253 274 270 270 269 266 261 259 261 263 264 265 267 268 276 293 307 297 292 326 371 400 429 474 476 383 261 254 277 270 231 262 264 257 245 240
519 524 564 577 512 492 479 479 470 467 455 455 456 455 451 457 476 486 492 518 558 549 523 448 442 389 326 294 289 286 345 348 307 269 266 261 302 324 310 294 268 263 259 257 257 255 251 250 249 288 296 273 270 269 270 268 262 261 260 260 262 263 265 267 285 299 308 304 294 298 351 393 419 478 511 324 253 245 256 258 239 269 264 256 247 242
499 492 615 593 521 599 490 460 466 478 474 466 466 477 469 489 530 523 516 540 556 573 582 533 476 381 423 323 295 291 311 351 315 273 270 284 354 331 316 294 274 267 270 259 254 252 251 249 264 332 288 280 275 272 274 272 272 268 264 258 259 261 261 265 280 305 307 302 299 291 301 334 416 485 492 303 242 235 233 246 275 268 253 242 236 239
463 492 572 544 496 503 464 456 459 507 525 475 463 461 463 493 546 569 516 514 554 560 544 523 442 387 441 366 308 306 295 302 318 287 275 295 354 335 320 308 291 282 280 261 255 254 253 267 316 299 283 278 279 275 276 275 272 266 256 257 258 259 260 261 262 291 303 303 307 312 309 333 368 435 379 256 232 230 230 254 267 255 241 232 231 230
455 449 461 474 473 478 453 439 438 457 472 468 443 440 451 469 492 519 516 520 576 618 537 477 413 379 447 410 345 319 301 297 304 305 284 334 365 359 371 362 325 299 269 260 260 259 306 322 306 297 286 279 277 274 276 264 255 254 254 256 256 257 258 257 258 280 312 310 317 322 333 347 364 339 307 236 230 230 229 244 255 242 235 229 229 230
517 424 414 424 425 442 429 424 420 421 425 430 438 434 433 448 462 476 577 604 559 572 504 456 426 406 410 467 405 358 350 317 300 296 350 417 389 365 368 376 337 310 272 263 260 344 421 343 320 312 295 283 277 275 271 261 255 256 257 256 256 254 254 255 256 257 308 330 327 333 361 390 346 256 261 229 228 227 226 255 249 231 228 226 227 228
478 421 405 407 411 413 412 410 411 410 423 445 432 430 431 435 449 493 568 601 530 493 474 447 424 414 405 444 446 380 352 342 331 305 398 423 394 359 336 337 319 292 270 264 263 373 421 380 358 324 301 288 275 269 264 263 262 261 261 262 259 252 251 251 251 253 255 304 330 350 368 391 276 236 235 227 227 226 229 232 226 227 226 225 224 227
471 432 411 409 407 401 396 401 406 405 430 432 431 430 426 426 438 454 472 478 491 488 514 473 427 418 438 452 481 413 371 378 374 327 410 430 388 358 345 332 319 296 270 267 293 431 392 389 343 320 310 293 276 268 272 280 282 271 263 263 263 264 259 248 248 250 250 272 288 291 324 296 253 230 229 226 226 226 234 226 226 225 225 225 226 231
558 446 400 433 449 444 416 397 404 410 430 461 474 453 431 420 424 438 446 450 454 472 513 489 450 443 461 502 493 444 413 413 363 374 475 438 407 384 358 337 330 312 274 269 359 439 342 334 326 319 309 301 276 282 290 339 337 286 276 276 272 265 265 245 245 246 247 269 272 265 285 288 244 226 225 225 232 245 241 233 226 226 225 231 233 239
381 434 407 374 400 429 427 440 448 459 466 449 450 461 439 422 426 439 446 461 461 464 493 538 499 460 458 483 464 443 404 402 370 389 451 463 456 402 367 351 343 334 286 276 305 346 337 329 325 322 314 297 279 293 291 323 351 322 282 271 270 263 263 255 244 244 247 275 271 278 308 277 228 225 223 229 243 256 247 234 230 227 229 233 245 269
351 353 383 356 353 371 393 444 475 483 466 430 437 448 444 443 439 447 472 476 468 463 473 515 525 491 455 459 431 409 388 383 380 409 446 476 496 436 383 364 360 369 332 279 269 303 334 331 327 323 316 295 285 299 299 323 326 300 279 271 274 263 257 247 242 242 283 311 289 290 277 253 227 224 222 230 235 262 262 244 248 231 236 244 261 295
341 337 353 347 341 354 363 390 409 413 420 417 429 434 469 472 454 457 480 478 491 460 436 477 520 494 440 421 415 395 391 393 409 450 467 445 437 408 375 367 373 390 372 278 272 281 317 343 329 323 316 293 281 283 288 314 290 282 270 264 263 259 257 255 246 245 287 299 295 285 253 235 225 222 223 230 231 244 277 249 250 236 253 254 280 315
374 325 328 331 329 345 348 364 381 408 430 413 416 420 448 461 459 458 459 467 488 455 430 439 498 482 457 422 412 399 396 410 434 425 418 420 394 390 376 365 374 395 364 278 279 288 311 340 335 327 301 284 283 281 291 315 303 283 274 265 262 261 267 260 254 268 269 273 266 294 253 243 226 221 229 232 241 245 258 242 238 242 253 257 275 312
324 316 334 326 320 324 331 336 347 373 398 405 409 410 419 435 450 453 452 464 472 443 433 422 426 443 426 409 407 402 397 396 424 445 443 427 407 391 379 369 363 372 302 283 285 301 310 339 342 328 313 281 279 283 293 299 303 285 282 268 265 270 272 263 274 265 261 258 249 298 288 264 237 222 222 225 245 247 247 257 266 277 275 281 304 334
309 333 332 306 311 325 343 341 335 345 354 375 398 411 416 431 436 448 445 457 469 431 449 430 417 432 421 408 405 401 400 395 421 464 452 430 416 401 394 383 379 348 293 286 281 288 336 346 339 326 305 280 277 289 303 302 299 301 307 302 283 278 269 293 298 273 261 250 246 277 342 280 273 231 220 223 231 246 275 300 304 347 310 306 321 341
353 385 349 323 309 332 344 404 380 339 344 358 395 401 409 430 437 444 458 462 450 455 466 447 453 454 426 407 405 401 399 396 412 445 462 435 399 409 397 386 380 309 299 295 288 288 326 336 340 323 299 280 279 312 312 302 299 301 308 323 331 289 270 289 298 295 252 241 243 258 342 345 376 251 222 222 233 257 303 335 335 384 358 329 336 331
301 312 305 313 316 307 324 380 438 367 339 349 381 392 393 408 427 435 445 451 452 463 451 462 463 467 433 406 400 401 399 395 406 455 520 450 421 425 406 386 353 335 326 313 288 294 362 359 332 316 295 282 298 327 320 307 297 299 305 302 300 298 317 295 251 243 231 244 242 244 301 331 308 236 223 224 232 254 300 332 362 399 393 339 320 299
300 297 296 295 295 298 305 319 392 419 341 349 360 375 392 403 406 424 443 445 444 440 454 462 424 435 422 404 402 402 401 399 400 439 486 493 467 460 407 384 362 352 361 341 294 302 387 357 333 323 294 281 311 329 317 310 302 300 291 282 273 273 296 282 250 239 223 237 226 237 278 287 276 224 225 226 245 269 280 295 364 407 423 328 291 278
306 302 299 296 294 294 303 311 340 361 369 362 359 367 378 390 399 413 424 428 428 441 453 458 450 436 448 434 400 402 401 402 403 443 467 520 505 457 400 376 368 359 369 384 318 302 370 354 330 335 299 283 319 334 328 327 320 307 296 276 273 286 275 265 254 232 232 220 218 229 264 262 224 224 225 238 262 326 300 322 318 350 401 328 289 280
311 307 307 301 298 299 304 312 331 350 355 369 373 369 372 384 388 398 406 411 422 435 444 446 443 443 442 419 398 400 400 401 413 455 508 461 493 415 394 379 376 373 371 407 349 325 349 345 339 330 307 294 319 318 325 338 333 302 277 265 284 292 290 265 244 220 212 214 216 222 240 223 233 225 243 242 269 326 311 301 278 287 288 306 300 300
318 315 313 308 307 308 314 318 333 348 351 355 358 363 369 378 381 389 402 405 414 421 424 425 423 428 431 408 396 397 399 402 415 476 484 421 403 396 390 382 375 379 383 404 361 353 358 334 354 332 315 310 309 318 342 342 331 295 274 274 269 254 252 241 227 212 211 212 213 215 218 230 232 233 246 257 307 356 365 287 248 239 250 299 317 317
331 325 326 321 321 320 325 327 331 351 371 357 360 366 371 379 381 391 402 412 411 409 407 409 413 416 421 408 395 396 396 411 422 426 480 429 400 391 387 382 385 395 394 384 358 361 365 325 366 350 333 314 307 320 362 362 330 307 296 292 290 270 238 214 234 260 240 213 213 214 215 246 245 241 237 253 305 339 348 321 255 230 230 263 299 330
341 337 336 334 333 331 334 336 338 358 379 365 365 368 372 379 382 390 399 419 405 400 404 406 410 413 414 404 390 389 391 416 449 433 422 417 392 385 383 385 385 397 399 382 355 358 347 326 369 360 335 312 303 307 311 322 313 310 301 292 285 254 231 229 232 281 279 219 212 214 217 278 338 281 234 238 269 321 318 315 258 230 228 235 324 345
355 353 350 348 348 344 343 347 350 363 366 366 372 372 376 381 388 394 401 399 397 401 404 402 402 406 411 398 382 384 387 415 452 451 449 402 382 375 375 389 397 391 391 367 348 345 332 347 370 345 326 324 312 316 317 311 319 313 303 309 280 255 285 250 249 283 233 213 216 220 227 282 297 268 230 227 239 274 289 297 264 232 226 225 268 339
378 380 382 372 362 360 361 361 360 363 366 368 375 377 382 385 393 397 394 394 395 403 411 401 397 402 409 395 378 380 384 404 455 506 451 377 371 366 374 395 399 396 388 356 347 341 352 370 350 332 319 329 312 316 312 307 324 329 314 285 271 294 303 283 295 247 212 215 234 254 272 335 347 284 225 224 231 251 275 284 279 239 226 225 236 303
425 447 424 414 391 375 375 372 370 369 371 375 381 388 392 394 400 400 397 394 399 399 398 393 388 392 394 395 390 377 379 405 477 514 411 364 362 359 379 391 391 404 382 354 345 353 372 357 331 316 319 337 320 311 302 307 303 307 312 307 310 299 301 277 287 227 214 227 281 325 391 388 290 249 219 219 225 243 262 265 280 246 225 224 226 255
