model/data/bioclim/bclim4.asc
NCOLS 300 
NROWS 300 
XLLCORNER -125.250000000003 
YLLCORNER 30.7499999999996 
CELLSIZE 0.041666666666667 
NODATA_value -32768 
[rows 175 to 209 of 300, columns 160 to 239 of 300]
5978 6224 6489 6075 5913 5625 5708 5926 6183 6402 6471 6179 6201 6263 6582 7232 7660 7536 7555 7951 8085 8086 8031 7907 7383 7172 7268 7511 7775 8260 8351 8559 8625 8502 7709 7689 8066 8209 8383 8474 8619 8746 8836 8891 8877 8887 8682 8575 8581 8516 8391 8249 8379 8572 8532 8659 8646 8528 8504 8338 7953 8193 8240 8261 8289 8285 8223 8228 8192 8132 8043 7938 7725 7383 7357 7738 7901 8068 8076 8142
5821 6164 6622 6304 5859 5855 5776 6037 6099 6415 6374 6181 6187 6404 6639 7206 7712 7770 7830 7946 8072 8111 8065 8000 7560 7314 7249 7619 8020 8277 8386 8333 8624 8617 8006 7770 7997 7986 8254 8229 8448 8611 8733 8833 8829 8843 8846 8814 8736 8592 8467 8214 8248 8547 8634 8681 8664 8610 8522 8436 8220 8308 8243 8191 8216 8254 8236 8247 8225 8203 8077 7939 7843 7534 7698 7845 7729 7913 7989 8088
5786 5932 6382 6724 6050 5756 5872 6015 6276 6431 6450 6253 6330 6486 6815 7247 7685 7828 7879 7960 8005 8072 8125 8110 7841 7732 7574 7569 8059 8399 8460 8310 8190 8573 8426 8171 8017 8067 8231 8206 8469 8656 8682 8617 8533 8715 8805 8830 8834 8643 8420 8282 8179 8481 8596 8648 8648 8627 8547 8272 8253 8335 8263 8113 8074 8093 8065 8196 8273 8283 8240 8149 7976 7741 7833 7956 7800 7889 8051 8160
5858 6053 6560 6588 6169 5886 5958 6055 6207 6607 6431 6614 6650 6486 6798 7046 7638 7839 7919 7979 8045 8092 8137 8145 8020 7939 7722 7820 8204 8448 8490 8333 7975 8328 8574 8242 8108 8283 8408 8471 8585 8581 8503 8248 8291 8464 8653 8768 8802 8791 8619 8559 8298 8505 8503 8499 8617 8586 8491 8367 8372 8326 8142 7802 7869 7934 8006 8107 8259 8299 8301 8271 8138 7943 7798 7992 8083 8110 8193 8244
5900 6068 6326 6861 6542 6181 6164 6068 6332 6843 6726 6961 6843 6521 6904 7230 7629 7812 7901 7957 8034 8089 8119 8172 8137 7992 7920 8082 8338 8440 8471 8448 8246 7983 8444 8399 8419 8450 8506 8532 8483 8334 8367 8233 8345 8514 8538 8686 8748 8778 8738 8697 8648 8581 8565 8559 8596 8591 8419 8302 8352 8253 7867 7577 7656 7884 8035 8138 8197 8278 8316 8303 8240 8097 7850 7934 8156 8215 8173 8227
5943 6072 6460 6870 6840 6528 6700 6468 6638 7095 7178 7166 7015 6612 6630 7217 7568 7810 7892 7934 8007 8078 8095 8150 8157 8088 8119 8143 8352 8424 8422 8450 8299 7836 8238 8461 8423 8419 8417 8369 8134 8277 8387 8388 8455 8547 8496 8555 8719 8729 8734 8733 8716 8607 8680 8680 8668 8626 8508 8419 8390 8263 7939 7560 7436 7804 8035 8050 8030 8126 8266 8305 8299 8169 7838 7963 8177 8272 8186 8134
5969 6221 6742 7025 6967 6970 7021 7142 7162 7128 6803 6495 6789 6698 6650 7088 7451 7754 7847 7907 7974 8041 8076 8084 8130 8186 8213 8240 8357 8368 8373 8410 8379 8101 8116 8424 8285 7955 8156 8234 8162 8298 8332 8395 8465 8375 8324 8483 8675 8690 8693 8705 8694 8683 8710 8685 8678 8640 8590 8570 8465 8339 8236 7956 7971 8035 8060 8007 7934 7933 8061 8269 8295 8246 8017 7906 8206 8278 8192 8027
6044 6398 6967 6874 7047 7067 6988 7139 6932 6780 6469 6329 6450 6639 6952 6960 7449 7723 7794 7847 7924 7977 8042 8054 8109 8179 8201 8217 8278 8349 8347 8361 8183 7798 7852 8238 8385 8205 7988 7964 7877 8066 8198 8243 8271 8323 8393 8531 8584 8634 8634 8664 8678 8683 8693 8667 8678 8662 8621 8542 8518 8442 8362 8262 8220 8187 8106 8108 8040 7982 7870 8061 8119 8103 7983 8020 8209 8255 8149 7852
6389 6895 6988 6619 6599 6581 6426 6841 7034 6663 6365 6363 6552 6780 6974 7320 7525 7668 7754 7799 7862 7949 7994 7994 7947 8021 8079 8164 8240 8280 8298 8269 7833 7752 7985 8255 8331 8251 8151 8019 7923 7983 7995 8191 8304 8424 8398 8361 8423 8469 8481 8496 8543 8544 8570 8613 8649 8639 8624 8563 8522 8442 8363 8232 8115 8140 8103 8102 8078 8014 7951 7870 7778 7876 8051 8210 8253 8171 8049 7745
6675 6742 6460 6304 6433 6194 6221 6746 6938 6792 6553 6561 6821 7132 7307 7406 7543 7628 7672 7720 7774 7800 7797 7786 7822 7861 8068 8155 8205 8205 8184 8212 8139 8141 8206 8293 8330 8313 8274 8204 8064 8040 8112 8214 8333 8368 8357 8293 8200 8160 8202 8169 7995 8101 8260 8471 8589 8619 8596 8559 8478 8389 8288 8172 8035 8078 8030 8040 8084 8034 7880 7665 7571 7948 8093 8216 8193 8165 8031 7852
6077 6593 6320 6022 6043 6053 6038 6387 6727 6767 6506 6761 6999 7269 7383 7467 7524 7459 7513 7591 7696 7657 7699 7785 7920 8016 8100 8130 8129 8118 8127 8173 8191 8214 8207 8232 8187 8159 8214 8042 7804 7878 7924 7980 8008 8166 8138 8036 7919 7947 7907 7821 7652 7614 7621 8142 8480 8573 8588 8488 8346 8225 8191 8089 7991 7977 7987 8030 8043 7974 7776 7283 7394 7872 8038 8154 8221 8215 8136 7929
6037 6398 6137 5941 5799 5851 6138 6278 6544 6648 6522 6776 7046 7238 7360 7442 7404 7161 7427 7529 7556 7468 7662 7719 7740 7866 7970 8025 8001 8026 8089 8085 8061 7994 8143 8110 7973 8042 8092 8056 7963 7924 8022 8061 7988 7909 7913 7924 7943 7930 8034 7937 7922 7800 7651 7937 8366 8520 8531 8509 8420 8232 8070 7929 7888 7842 7915 7973 8007 7962 7870 7742 7692 7729 7896 8048 8155 8160 8133 8047
6140 6512 6415 6174 5891 5913 6045 6197 6569 6482 6544 6751 7031 7237 7323 7408 7385 7305 7248 7642 7632 7638 7691 7711 7569 7550 7781 7871 7943 8000 7933 7926 7895 7786 7812 7850 7805 7951 8000 8019 7979 7990 8027 8062 8040 8051 7981 7737 7856 7947 8011 8039 8059 8042 8046 8176 8369 8519 8522 8447 8377 8240 8106 7883 7881 7863 7804 7873 7906 7932 7906 7814 7541 7578 7646 7878 8107 8135 8133 8054
6471 6575 6486 6371 6292 6231 6084 6244 6685 6664 6646 6846 7069 7309 7443 7472 7457 7539 7707 7782 7780 7746 7660 7639 7615 7703 7769 7683 7902 7881 7842 7782 7620 7758 7849 7762 7653 7797 7864 7962 8035 7934 7954 7991 7998 8055 8030 7996 8036 8047 8118 8087 8109 8191 8202 8309 8399 8465 8480 8443 8359 8199 8050 8019 8033 7919 7823 7833 7834 7837 7822 7793 7701 7538 7634 7901 8065 8098 8067 7979
6589 6476 6321 6576 6677 6668 6406 6421 6734 6725 6735 7055 7202 7373 7525 7574 7650 7696 7752 7734 7679 7450 7453 7483 7580 7843 7854 7834 7861 7753 7649 7745 7634 7706 7863 7906 7887 7887 7850 7911 8001 7968 7787 7795 7940 8031 8102 8151 8167 8200 8225 8215 8215 8241 8237 8288 8437 8465 8435 8464 8432 8338 8231 8188 8120 7979 7845 7719 7764 7759 7749 7724 7639 7488 7723 7914 8006 7986 7926 7799
6960 6825 6742 6853 6881 6790 6594 6428 6666 6845 7036 7253 7293 7482 7580 7641 7649 7670 7665 7582 7393 7418 7551 7624 7736 7846 7878 7884 7834 7717 7649 7697 7678 7652 7842 7922 7921 7927 7896 7933 7948 7837 7905 7932 7997 8037 8113 8129 8077 8079 8179 8202 8203 8234 8249 8288 8276 8372 8394 8413 8425 8389 8338 8268 8200 8025 7851 7686 7723 7713 7642 7523 7502 7554 7771 7858 7894 7864 7757 7639
6813 6401 6457 6641 6684 6573 6567 6468 6576 6868 6916 6980 7228 7510 7572 7609 7616 7559 7524 7456 7505 7564 7636 7687 7700 7768 7827 7848 7808 7766 7673 7692 7719 7682 7839 7922 7912 7939 7940 7899 7859 7840 7811 7974 7997 8079 8110 8068 7907 8153 8244 8270 8233 8236 8207 8218 8109 8109 8239 8359 8421 8388 8348 8289 8248 8090 7940 7780 7747 7690 7571 7441 7447 7594 7732 7731 7625 7460 7248 7379
6857 6592 6395 6247 6327 6399 6403 6375 6393 6628 6918 7128 7443 7521 7553 7570 7584 7564 7556 7565 7611 7653 7677 7693 7671 7686 7775 7788 7763 7736 7711 7724 7794 7813 7841 7864 7894 7894 7874 7851 7823 7714 7734 7862 7941 8053 8108 8097 8120 8190 8249 8261 8238 8177 8150 8100 8048 8212 8220 8362 8377 8367 8345 8311 8233 8119 7948 7833 7738 7596 7563 7540 7565 7629 7636 7534 7356 7282 7246 7391
6493 6550 6354 6230 6266 6407 6432 6430 6384 6571 6955 7281 7446 7526 7557 7572 7595 7592 7602 7617 7641 7676 7682 7662 7711 7717 7644 7653 7778 7775 7736 7767 7802 7759 7773 7803 7792 7837 7768 7730 7846 7817 7798 7904 7914 7987 8091 8086 8122 8130 8178 8189 8231 8228 8168 8051 8091 8249 8292 8319 8357 8339 8323 8306 8181 8100 7985 7867 7757 7596 7635 7688 7728 7730 7621 7430 7271 7338 7399 7457
6240 6277 6377 6386 6380 6441 6517 6335 6480 6844 7237 7384 7448 7489 7541 7559 7570 7582 7616 7615 7647 7649 7669 7682 7691 7712 7722 7722 7744 7793 7782 7788 7668 7728 7797 7796 7744 7747 7744 7728 7869 7912 7934 7998 7987 7981 7995 7985 8003 8056 8099 8171 8210 8226 8233 8193 8168 8242 8232 8279 8334 8333 8314 8288 8129 7965 7914 7808 7751 7725 7781 7873 7870 7755 7578 7357 7336 7367 7427 7479
6328 6295 6282 6352 6422 6499 6526 6570 6882 7150 7285 7374 7436 7496 7525 7567 7559 7587 7635 7633 7646 7658 7629 7643 7691 7700 7712 7743 7738 7739 7777 7788 7762 7763 7804 7767 7706 7656 7666 7685 7888 7947 7987 8030 8012 8010 7930 7905 7927 7962 8054 8110 8117 8169 8169 8229 8208 8195 8275 8281 8301 8323 8304 8270 8186 7892 7912 7686 7654 7826 7939 7970 7915 7700 7455 7284 7333 7330 7429 7524
6042 6022 5918 6134 6345 6459 6598 6799 7078 7242 7322 7380 7439 7491 7497 7525 7572 7576 7593 7592 7609 7632 7623 7624 7644 7660 7688 7703 7695 7699 7725 7724 7757 7769 7792 7742 7659 7561 7570 7636 7836 7909 7943 7998 7998 8006 7985 7961 7979 8007 8029 8073 8085 8080 8106 8194 8205 8209 8240 8259 8274 8278 8258 8229 8217 8114 7927 7857 7765 7897 8013 8005 7845 7599 7352 7352 7404 7421 7549 7559
6215 6117 5799 6111 6281 6514 6817 7003 7170 7272 7349 7388 7437 7435 7488 7527 7547 7561 7571 7592 7586 7604 7592 7622 7630 7625 7639 7645 7648 7646 7664 7680 7700 7724 7722 7753 7711 7681 7696 7725 7726 7739 7826 7918 7942 7974 7971 7966 7972 8015 8054 8041 8047 8057 8095 8133 8169 8172 8200 8230 8221 8220 8187 8227 8203 8186 8048 7989 8008 8054 8085 7966 7746 7412 7389 7330 7494 7578 7614 7589
6159 6253 6283 6289 6454 6715 6943 7066 7190 7218 7361 7396 7431 7459 7495 7532 7546 7559 7562 7557 7568 7565 7570 7579 7591 7583 7583 7596 7601 7606 7629 7645 7639 7666 7686 7703 7693 7694 7741 7746 7710 7656 7736 7866 7901 7892 7930 7949 7961 7983 7979 7933 7899 7987 8036 8063 8107 8151 8144 8117 8068 8110 8034 8122 8176 8182 8150 8107 8101 8092 8042 7872 7459 7274 7581 7503 7643 7670 7726 7749
6290 6476 6595 6642 6762 6923 7054 7159 7200 7277 7330 7378 7408 7449 7491 7502 7521 7522 7519 7510 7517 7492 7506 7514 7520 7533 7541 7551 7556 7565 7554 7587 7608 7594 7629 7662 7663 7652 7687 7712 7734 7753 7726 7829 7846 7866 7876 7900 7901 7920 7911 7852 7782 7837 7928 7976 8035 8089 8005 7973 7837 8014 8006 7952 8037 8144 8133 8084 7993 7976 7926 7745 7348 7292 7653 7726 7773 7780 7813 7823
6538 6590 6671 6802 6917 6985 7097 7144 7218 7275 7323 7372 7394 7434 7452 7471 7498 7515 7493 7495 7488 7467 7452 7467 7468 7462 7462 7516 7526 7519 7514 7526 7550 7532 7533 7557 7598 7624 7642 7662 7700 7727 7771 7794 7813 7810 7848 7848 7847 7852 7854 7797 7726 7679 7747 7913 7996 8031 7900 7876 7882 7927 7882 8023 8113 8096 8065 7988 7913 7884 7809 7598 7280 7418 7734 7808 7834 7867 7893 7925
6621 6679 6749 6830 6923 6996 7072 7140 7209 7284 7329 7331 7354 7401 7415 7429 7435 7453 7444 7451 7442 7432 7420 7417 7418 7430 7431 7442 7464 7469 7463 7466 7491 7470 7505 7519 7534 7554 7579 7591 7623 7646 7686 7727 7751 7766 7771 7796 7802 7811 7838 7797 7726 7602 7712 7912 7985 8038 8011 7978 7871 7830 7842 7914 8029 8045 7977 7824 7671 7598 7626 7425 7211 7536 7776 7880 7901 7923 7990 7999
6607 6671 6743 6808 6879 6967 7040 7097 7181 7251 7270 7311 7349 7363 7361 7369 7377 7370 7385 7392 7381 7390 7362 7352 7361 7399 7385 7398 7392 7407 7420 7413 7423 7403 7437 7449 7454 7461 7450 7476 7491 7501 7550 7587 7590 7619 7708 7756 7795 7792 7816 7829 7811 7768 7769 7840 7933 8003 8009 7991 7928 7837 7867 7925 7945 7936 7878 7428 7216 7116 7349 7409 7483 7704 7839 7919 7951 7977 8011 8048
6552 6615 6677 6735 6828 6914 7003 7073 7156 7226 7247 7274 7317 7312 7318 7314 7328 7349 7321 7316 7291 7311 7287 7301 7305 7327 7329 7317 7337 7332 7342 7332 7350 7365 7383 7395 7371 7392 7389 7378 7338 7319 7305 7256 7289 7501 7614 7665 7680 7714 7764 7771 7764 7780 7746 7722 7831 7939 7994 7959 7878 7833 7769 7755 7839 7776 7705 7607 7335 7276 7387 7479 7650 7776 7848 7829 7700 7813 8009 8055
6464 6521 6596 6669 6758 6842 6937 7025 7105 7164 7210 7246 7258 7290 7262 7278 7257 7290 7255 7242 7242 7255 7248 7229 7175 7216 7261 7283 7266 7260 7271 7282 7306 7296 7282 7260 7278 7306 7309 7297 7274 7222 7193 7211 7283 7322 7344 7367 7444 7566 7651 7704 7742 7751 7783 7797 7829 7875 7913 7923 7854 7863 7851 7813 7792 7740 7728 7654 7657 7652 7586 7654 7764 7836 7759 7641 7698 7898 8070 8072
6300 6401 6473 6595 6665 6742 6857 6942 7014 7084 7138 7207 7237 7263 7241 7216 7216 7205 7196 7171 7182 7174 7191 7174 7138 7157 7192 7185 7204 7182 7220 7191 7212 7186 7176 7151 7118 7159 7213 7125 7145 7123 6906 7091 7173 7107 7103 7128 7264 7331 7409 7543 7616 7739 7744 7740 7741 7783 7791 7838 7869 7934 7915 7887 7864 7880 7772 7769 7823 7829 7766 7708 7847 7902 7881 7889 7934 8019 8069 8047
6360 6405 6471 6501 6566 6624 6711 6825 6911 7031 7095 7154 7182 7186 7164 7134 7107 7107 7105 7075 7094 7096 7098 7106 7106 7107 7130 7146 7147 7132 7139 7081 7128 7132 7123 7095 7060 7135 7154 7046 6966 7063 7068 6930 7132 7121 7003 7007 7195 7235 7282 7380 7469 7695 7734 7713 7640 7633 7807 7879 7919 7949 7942 7934 7916 7958 7935 7853 7840 7925 7945 7838 7865 7960 7990 8020 8051 8081 8052 7979
6199 6326 6381 6414 6500 6507 6587 6701 6795 6902 7001 7067 7093 7073 7061 7048 7034 7013 7021 6996 7006 6995 7006 7008 7023 7013 7045 7070 7098 7057 7053 7064 7068 7068 7054 7038 6944 7014 7107 7092 7091 7074 7046 7116 7126 7083 7148 7239 7217 7290 7390 7306 7461 7574 7575 7612 7590 7640 7775 7892 7925 7948 7957 7976 8006 8010 8023 8020 7955 7936 8026 8037 8019 8001 8023 8075 8095 8074 8014 7859
5869 6013 6127 6331 6442 6457 6466 6441 6493 6696 6840 6900 6939 6942 6959 6939 6925 6922 6905 6916 6916 6920 6909 6930 6936 6953 6961 6971 7008 6996 6969 6988 7000 6975 6959 6990 6965 6907 7015 7062 7079 7074 7079 7111 7063 7113 7181 7233 7306 7358 7412 7382 7364 7306 7287 7339 7519 7626 7737 7836 7874 7940 7948 7984 8009 8030 8032 8057 8066 8055 8050 8095 8103 8095 8062 8087 8062 8037 7966 7752
5560 5720 6113 6120 6235 6349 6455 6531 6547 6564 6603 6717 6757 6810 6809 6796 6817 6818 6824 6831 6810 6830 6844 6837 6839 6847 6863 6867 6871 6898 6891 6868 6877 6897 6901 6879 6870 6881 6956 6976 7012 7024 7049 7050 7038 7085 7173 7208 7192 7293 7307 7327 7371 7345 7352 7287 7321 7446 7560 7716 7813 7870 7900 7949 7993 8003 8026 8040 8056 8056 8061 8084 8095 8084 8076 8066 7971 8009 7955 7850
