model/data/bioclim/bclim17.asc
NCOLS 300 
NROWS 300 
XLLCORNER -125.250000000003 
YLLCORNER 30.7499999999996 
CELLSIZE 0.041666666666667 
NODATA_value -32768 
[rows 42 to 83 of 300, columns 192 to 287 of 300]
36 36 34 35 39 35 38 41 40 41 41 41 41 44 44 43 44 46 48 52 47 46 46 46 46 52 49 51 59 79 76 60 55 52 52 57 57 54 54 57 57 54 54 54 58 65 56 53 51 53 56 62 71 74 70 62 56 56 55 56 58 63 54 52 52 53 60 66 60 54 51 51 53 53 61 65 65 57 55 49 48 52 59 59 65 69 49 45 44 46 49 43 43 45 46 49
34 34 33 33 36 42 42 41 41 41 44 42 41 44 44 46 50 56 53 56 49 54 55 49 49 46 46 46 55 63 70 59 54 52 51 54 60 57 51 51 54 54 58 60 57 59 54 51 50 51 53 56 62 72 71 62 56 56 56 53 54 55 52 52 52 55 60 60 57 55 59 62 59 46 52 55 58 55 46 45 45 45 45 45 45 42 40 40 41 42 44 43 43 44 45 49
32 33 33 35 38 44 47 45 42 44 44 44 44 45 47 51 52 53 52 55 55 57 57 55 54 46 46 46 49 57 63 62 53 51 50 52 58 57 51 49 51 54 61 68 60 56 57 51 48 51 51 54 56 61 65 61 56 56 59 53 52 52 52 52 52 55 55 57 57 60 65 68 60 46 49 46 45 44 41 41 42 40 39 39 38 38 38 39 40 41 41 41 43 44 44 49
33 33 34 35 41 48 53 51 47 47 49 47 47 47 47 47 46 47 47 50 56 65 67 62 56 49 46 46 49 63 66 62 54 51 50 49 54 54 50 47 48 54 60 62 60 57 58 52 48 50 51 52 57 56 65 65 59 59 57 53 53 56 56 52 52 55 56 57 58 65 68 62 52 42 42 41 41 40 40 39 39 38 38 40 38 38 38 38 38 41 41 41 42 44 44 47
34 38 36 36 41 45 52 57 50 48 56 50 49 44 41 41 42 44 46 50 56 65 57 55 50 46 46 47 57 70 63 57 52 51 49 48 50 50 47 47 48 51 54 57 60 59 54 48 48 48 48 51 51 56 70 62 57 56 56 59 61 60 56 53 52 55 57 60 63 69 64 55 45 41 39 40 43 53 48 40 37 37 37 37 37 38 38 38 38 38 41 41 41 44 44 44
36 37 35 35 38 45 54 57 53 51 53 50 44 39 39 41 44 44 46 46 54 56 55 49 46 46 46 51 59 60 57 54 51 50 48 48 48 48 50 50 48 48 50 51 54 54 48 47 47 48 48 49 49 49 54 60 54 54 54 59 68 61 58 55 55 55 57 60 66 69 59 49 41 38 38 41 50 70 56 42 37 35 35 37 35 37 37 38 38 38 41 41 41 44 44 44
36 33 33 34 36 39 44 57 60 51 44 41 38 38 39 41 41 41 42 44 47 50 53 50 46 48 54 56 54 53 54 51 50 48 48 47 48 53 55 52 50 47 48 50 50 50 48 47 47 47 47 47 48 49 49 59 57 54 59 59 64 59 56 56 56 55 57 60 71 74 60 45 40 38 40 44 56 73 59 41 35 34 34 35 35 35 36 37 38 38 39 41 46 55 44 44
34 32 32 33 35 38 42 43 38 38 38 38 38 38 40 44 47 44 42 44 47 49 54 56 53 53 57 51 50 54 53 50 49 51 47 47 51 58 59 55 50 48 45 49 49 48 47 46 46 46 46 46 46 48 52 60 51 54 62 57 56 56 61 61 61 58 57 60 66 69 60 46 41 40 40 46 56 76 57 39 34 33 33 33 34 35 35 36 37 38 38 40 49 58 44 44
32 31 31 32 32 32 32 32 36 41 38 37 38 41 44 44 44 47 44 44 47 50 56 61 58 58 50 47 50 53 60 53 50 47 47 50 54 57 57 52 47 44 45 50 49 48 47 46 46 46 46 46 46 46 49 49 49 52 61 57 54 53 64 70 72 64 58 58 59 57 56 55 48 40 38 41 53 76 44 31 31 32 32 33 33 34 35 36 36 37 38 39 53 44 42 44
30 30 30 31 31 32 32 37 39 38 40 41 41 41 44 44 43 44 43 44 47 52 60 60 56 53 47 44 49 55 64 55 49 48 49 53 61 56 50 47 46 44 50 52 47 47 46 46 46 46 46 49 49 50 49 49 51 54 57 54 51 53 58 64 72 64 58 58 57 57 61 71 58 40 37 40 56 67 34 30 30 30 31 38 33 33 34 35 36 36 38 39 47 41 40 42
29 30 30 30 31 31 32 33 38 45 44 39 37 38 41 40 38 41 41 44 44 50 58 63 59 49 46 44 50 55 53 49 49 49 50 56 58 52 47 44 46 44 49 47 44 44 45 45 46 48 56 69 59 59 49 52 60 66 62 52 50 51 54 67 67 61 56 55 57 61 66 71 52 37 36 59 85 62 33 30 30 30 30 37 33 33 33 34 35 36 37 39 48 42 40 42
28 29 29 30 30 31 32 33 40 48 41 37 35 35 37 37 38 40 43 42 41 45 53 54 50 44 44 47 54 53 49 46 49 49 53 58 58 49 44 43 44 43 47 44 44 44 45 46 47 53 71 93 67 55 49 53 58 71 68 55 49 50 53 70 70 58 55 54 56 66 70 59 43 34 41 76 90 50 30 27 30 30 30 30 30 33 33 33 34 36 36 38 42 46 41 43
28 29 29 30 30 31 32 35 41 40 37 35 35 35 36 37 38 40 40 38 40 42 51 48 44 42 44 52 57 51 45 49 52 52 55 55 49 44 42 42 42 43 44 44 44 44 45 47 52 61 80 92 61 52 49 50 55 67 65 54 49 50 53 73 78 58 52 52 55 63 69 55 40 33 40 65 49 33 27 27 27 33 49 45 39 34 33 33 33 36 36 37 39 39 40 42
28 28 29 29 30 30 31 33 35 35 36 35 35 35 40 38 39 42 38 37 39 45 51 45 42 42 45 48 57 51 45 48 51 54 55 50 43 42 41 43 42 42 42 42 44 44 45 50 60 75 95 92 57 49 49 49 52 57 57 51 49 49 55 77 74 54 52 52 53 56 60 52 36 30 33 40 30 27 27 27 27 36 61 50 42 33 33 33 33 35 36 36 38 39 40 42
28 28 29 29 29 30 30 32 32 36 37 36 36 37 45 40 42 39 35 36 36 42 49 42 40 39 42 45 48 46 45 49 52 50 47 44 41 41 52 50 43 42 42 44 44 44 47 53 67 78 95 92 56 49 49 49 49 50 50 49 49 49 53 74 64 51 51 52 52 57 60 48 33 28 27 27 26 26 26 27 30 37 42 30 30 30 31 33 33 33 36 36 37 39 40 41
28 29 29 29 29 30 30 32 32 36 37 38 38 39 40 39 37 34 34 34 34 39 47 40 39 42 42 42 42 42 44 48 50 44 42 41 39 44 47 44 43 42 43 44 44 45 47 55 58 59 70 76 62 49 48 48 48 48 49 49 49 49 50 66 60 51 51 51 52 59 64 57 33 29 27 27 27 26 27 33 32 27 27 28 29 30 30 32 33 33 35 36 36 38 39 41
31 30 29 29 29 29 30 31 36 42 42 40 42 42 42 34 33 33 33 34 35 38 42 42 41 42 40 39 39 41 43 48 44 39 39 39 42 44 42 43 44 43 45 45 45 47 52 70 65 56 59 70 62 48 47 47 48 49 49 49 49 49 50 62 55 51 51 51 51 54 65 66 39 32 31 44 39 32 34 32 29 26 27 27 29 30 30 31 33 33 34 36 36 38 39 40
36 33 30 30 29 29 30 30 35 48 46 45 44 42 35 33 33 33 33 34 35 39 46 50 44 40 38 38 38 40 45 42 38 39 41 46 47 42 42 44 45 45 46 46 50 58 71 86 72 56 54 65 56 49 47 47 49 50 52 49 49 49 50 60 56 51 51 51 50 53 67 65 50 36 32 39 45 33 26 24 25 26 26 27 28 29 30 31 31 33 34 35 36 38 38 40
35 35 33 32 30 30 30 30 32 44 49 45 37 32 33 33 33 33 33 35 36 44 52 55 44 39 38 37 37 39 42 39 44 42 44 44 42 42 42 44 47 47 47 51 59 69 86 85 58 53 54 64 56 50 49 49 49 50 55 49 49 49 50 54 54 51 51 51 51 53 69 72 61 39 30 28 24 23 23 23 25 26 26 27 28 29 30 30 31 33 33 35 36 36 38 39
35 39 47 42 33 30 30 30 31 33 35 32 32 32 33 33 36 35 35 38 38 44 50 49 43 40 38 40 43 43 43 46 51 43 43 41 41 43 44 44 47 50 58 76 82 90 93 61 53 53 53 56 53 50 50 50 49 50 58 52 49 49 56 71 57 51 51 51 51 53 68 72 57 37 29 24 23 23 23 23 25 26 26 27 28 28 29 30 31 33 33 34 35 36 38 39
40 51 52 51 39 32 30 30 31 31 31 32 39 42 44 43 41 35 33 36 38 41 44 47 45 42 40 46 49 52 52 49 46 42 43 42 43 43 44 46 53 73 87 82 90 96 76 54 51 51 53 56 54 54 51 51 50 55 61 52 52 55 66 82 65 51 51 51 51 53 68 75 58 40 31 27 23 23 23 23 25 25 26 26 27 28 29 30 31 31 33 34 35 36 38 39
44 54 54 52 40 36 32 30 31 31 32 33 43 49 42 36 35 33 34 35 37 38 40 42 42 38 43 46 52 55 49 46 43 43 43 46 43 44 46 48 54 70 90 96 103 86 62 51 51 51 52 54 54 57 53 52 54 68 71 60 57 63 77 72 60 51 51 51 51 52 73 66 57 43 32 26 23 23 23 23 25 25 26 26 27 28 29 30 31 31 33 34 35 36 38 38
39 42 44 42 36 32 31 31 32 32 32 33 39 43 38 36 37 36 35 35 35 35 38 40 43 45 40 45 48 52 49 46 43 46 46 48 43 46 46 48 51 59 70 89 98 70 54 51 51 51 52 54 57 61 55 55 60 75 89 71 67 69 66 60 53 51 51 51 51 54 79 70 53 40 32 26 23 23 23 25 25 25 26 26 27 28 28 29 30 31 32 33 34 35 36 38
33 35 36 37 31 31 31 32 32 32 33 33 39 44 40 39 36 35 35 35 37 41 44 42 48 49 42 43 55 66 55 47 49 49 49 46 43 44 46 49 60 76 86 92 86 59 51 51 51 52 53 54 57 60 55 56 61 83 79 71 72 67 57 53 51 51 51 51 51 59 79 78 58 44 34 29 25 24 25 25 25 25 26 26 26 28 28 29 30 31 31 33 34 35 36 38
31 32 32 31 31 31 32 32 35 40 42 42 43 52 46 38 35 35 35 36 39 45 45 40 49 47 40 42 48 58 55 52 53 52 55 47 43 46 46 51 66 85 98 86 68 53 52 52 52 53 54 54 54 54 54 56 59 65 65 62 62 59 54 51 51 51 51 51 51 60 81 76 61 55 40 35 30 25 25 25 25 25 26 26 26 28 28 28 30 31 31 32 34 35 39 38
32 32 32 31 32 33 33 38 50 55 47 49 52 49 41 36 35 35 37 40 40 40 38 43 50 45 40 40 47 53 63 58 57 53 51 46 45 45 46 51 63 76 93 69 54 52 52 52 52 54 54 54 54 54 54 54 56 58 59 56 56 53 52 51 54 54 52 51 50 51 65 85 66 62 45 39 33 26 25 25 25 25 26 26 26 28 28 28 30 31 31 32 33 34 38 37
38 35 32 32 33 33 36 46 60 66 51 54 52 43 38 36 35 35 36 36 37 37 40 50 50 43 40 42 50 56 68 62 55 51 49 46 46 46 47 56 69 85 90 58 52 52 52 52 53 55 55 55 57 57 54 55 57 62 59 56 53 53 52 54 63 60 57 51 50 49 52 74 64 49 42 36 31 26 26 25 25 25 26 26 26 28 28 28 29 31 31 31 33 34 35 35
38 32 32 32 33 35 40 52 60 60 49 47 48 40 37 36 35 35 36 37 40 49 59 58 48 43 42 43 48 53 63 57 53 50 47 47 46 49 50 54 62 70 69 53 52 52 52 52 55 56 58 57 57 62 56 62 62 60 57 56 53 53 54 61 76 67 60 54 51 49 49 55 55 46 39 34 31 28 27 26 26 26 26 26 26 28 28 28 28 31 31 31 32 34 34 35
38 35 32 32 35 38 44 51 54 60 49 44 43 40 36 36 36 36 37 43 54 59 59 51 47 43 42 43 47 56 63 56 53 50 47 47 47 49 52 56 62 66 62 53 53 53 55 58 63 63 62 61 57 55 58 71 70 62 57 55 53 54 56 63 76 70 66 57 49 49 49 66 65 46 40 39 35 33 31 30 27 26 26 26 26 27 28 28 28 30 31 31 32 34 34 35
41 36 35 33 35 41 49 54 47 48 45 44 40 37 36 36 36 40 46 53 61 59 50 46 45 43 42 43 47 56 62 64 53 50 47 47 49 50 55 66 77 75 56 53 53 55 56 60 64 72 75 69 58 57 62 82 82 68 56 54 56 56 59 62 65 64 64 55 50 49 52 71 61 49 46 48 43 43 34 34 30 28 25 26 26 27 28 28 28 29 31 31 31 33 34 35
43 41 35 33 37 44 48 47 42 41 40 40 37 36 36 36 40 52 54 54 59 50 46 45 43 43 43 44 50 53 56 59 53 50 48 48 50 52 56 66 88 86 54 54 58 58 58 59 64 72 83 73 62 59 62 76 84 73 59 56 56 56 61 64 64 65 67 61 58 52 50 55 64 55 52 49 49 43 36 39 46 60 37 26 26 27 28 28 28 28 31 31 31 32 34 34
38 35 35 35 37 45 50 46 40 38 37 37 36 36 38 45 57 60 54 51 50 48 44 43 43 44 46 50 60 59 53 52 53 53 50 51 50 53 59 72 94 79 54 56 61 69 66 62 64 67 67 72 66 60 61 72 87 72 63 59 56 56 59 63 60 63 70 66 65 60 52 53 62 58 52 48 46 41 39 44 49 52 37 30 26 27 27 28 28 28 31 31 31 32 34 34
38 35 35 35 39 51 51 44 38 38 40 38 41 43 48 50 63 58 50 46 46 44 44 44 46 46 50 56 64 56 50 50 50 53 53 50 51 56 64 77 85 59 54 55 59 70 70 66 63 66 66 64 63 59 61 66 87 76 76 59 56 56 56 57 57 62 64 67 65 69 52 50 55 55 46 43 39 37 37 42 57 52 47 37 28 27 27 28 28 28 29 31 31 31 40 48
36 35 35 36 45 57 45 39 38 44 42 42 46 50 48 44 54 51 47 46 45 44 46 46 47 47 53 56 62 53 50 50 50 53 53 50 53 56 64 85 78 55 55 56 59 62 72 69 63 62 64 61 60 59 60 68 92 97 87 62 56 56 56 57 57 60 66 71 70 61 52 49 55 55 47 43 41 38 36 42 55 55 58 38 28 26 27 27 28 28 28 31 31 31 34 48
35 35 36 41 49 48 38 38 44 51 46 48 57 56 45 43 46 48 47 49 49 49 47 47 47 50 53 56 62 51 50 50 50 61 62 53 53 56 62 74 70 56 56 56 59 65 72 68 61 63 66 61 60 60 61 66 93 90 76 59 56 56 56 59 63 63 67 73 70 58 51 51 58 64 55 46 43 40 37 43 72 60 52 37 28 25 26 27 28 28 28 31 31 31 33 34
35 36 39 45 45 38 38 38 42 47 48 51 56 54 45 43 45 51 57 60 54 49 48 48 49 50 53 59 61 50 50 50 53 73 67 56 53 56 59 64 64 59 59 57 62 72 66 62 63 66 69 63 60 60 61 66 87 84 65 56 56 54 60 72 74 70 75 81 77 64 52 49 58 58 53 46 43 40 39 46 83 67 41 35 28 25 25 26 28 28 28 29 31 31 31 34
37 37 40 44 39 38 39 39 42 46 48 45 48 48 44 45 45 53 60 55 51 50 50 50 53 53 53 61 53 50 50 50 52 70 74 59 56 56 59 65 77 72 63 62 69 72 67 59 64 72 66 60 60 60 63 73 100 72 58 56 54 57 67 93 79 70 73 84 92 73 52 46 49 49 48 45 42 42 42 50 92 86 41 32 26 25 25 26 27 28 28 29 31 31 31 34
41 42 40 40 39 39 40 42 45 51 48 45 45 44 45 45 48 54 62 57 53 57 59 58 61 55 56 60 50 50 51 51 53 61 74 59 56 56 59 65 78 75 67 73 67 63 59 62 68 65 61 60 60 65 68 77 84 62 56 54 54 60 76 84 73 67 73 85 90 68 48 44 44 46 45 44 45 45 45 65 110 105 57 32 25 25 25 26 27 28 28 29 31 31 31 32
44 41 40 39 42 42 42 42 48 53 49 45 45 45 45 45 59 59 59 58 58 69 76 69 64 58 58 60 51 51 51 53 53 59 75 65 59 59 59 64 70 76 67 65 60 59 60 74 67 61 60 60 64 74 71 72 62 57 55 54 57 73 83 73 64 65 75 95 90 55 43 43 44 46 46 46 47 49 51 78 108 95 51 30 25 25 25 26 27 28 29 32 31 31 32 32
47 46 45 40 43 44 45 50 51 56 50 45 45 45 45 45 59 62 57 61 62 71 79 73 65 60 61 60 53 53 53 53 53 61 85 70 56 56 56 58 65 69 66 60 59 59 63 79 65 60 60 63 72 83 69 67 61 56 54 54 57 76 91 69 60 66 81 87 64 45 42 43 46 52 52 56 55 57 63 103 132 94 48 29 26 25 25 26 27 28 31 41 31 31 32 37
50 53 47 40 44 49 53 56 61 59 53 47 45 45 45 53 67 59 56 59 67 73 66 70 67 65 60 57 53 53 53 53 53 62 82 64 56 56 56 59 70 70 69 59 59 59 61 69 62 60 61 65 74 86 69 69 72 56 53 52 57 71 83 71 60 63 83 70 52 43 42 44 50 61 75 78 83 79 92 128 110 84 39 30 29 26 26 28 29 29 38 49 31 31 32 35
47 43 41 43 46 50 56 58 67 59 56 48 45 45 48 62 65 56 55 56 62 65 61 61 61 62 59 57 53 53 54 54 54 62 77 59 56 56 61 64 70 70 64 59 59 59 62 69 64 60 61 67 80 80 71 69 80 70 51 51 54 66 91 79 59 58 65 52 46 43 42 50 60 74 75 82 103 98 117 120 95 48 35 29 27 26 29 32 32 32 44 55 31 31 31 33
