model/data/bioclim/bclim18.asc
NCOLS 300 
NROWS 300 
XLLCORNER -125.250000000003 
YLLCORNER 30.7499999999996 
CELLSIZE 0.041666666666667 
NODATA_value -32768 
[rows 84 to 125 of 300, columns 95 to 189 of 300]
22 24 26 39 44 45 47 45 49 50 54 52 56 54 53 46 42 40 41 42 40 38 36 36 36 36 39 46 39 34 34 42 35 33 33 32 30 32 30 33 32 32 37 49 45 35 32 30 34 35 39 37 31 29 30 30 30 30 29 29 28 27 27 27 27 27 27 27 28 29 29 29 34 49 35 29 27 28 28 29 29 32 37 45 51 57 53 47 44 44 47 55 49 48 49
23 24 26 37 41 42 45 46 45 49 50 52 53 54 56 55 55 53 44 42 38 37 36 36 35 36 41 51 45 38 32 32 32 29 30 30 30 30 29 33 39 33 38 49 49 37 30 30 31 35 38 32 29 31 33 33 30 29 28 28 28 27 27 27 27 27 27 27 29 29 29 29 40 46 31 27 27 28 29 29 32 37 46 59 60 55 47 43 43 43 48 58 54 52 51
23 23 32 35 37 40 42 45 46 48 51 51 50 52 57 56 55 55 56 52 38 37 39 42 44 38 42 53 50 42 34 32 32 29 29 31 32 28 28 32 40 42 43 51 41 33 31 30 30 31 31 29 29 32 34 30 28 28 28 28 28 27 27 27 27 27 27 27 29 29 29 32 42 47 33 28 28 28 30 37 43 46 50 59 54 45 43 43 43 43 51 68 60 57 54
23 23 32 33 34 37 41 43 46 49 49 40 41 53 55 57 51 55 57 56 43 37 37 45 48 46 47 50 62 48 41 44 49 36 31 30 28 28 28 31 33 36 36 36 33 33 31 31 31 31 30 30 30 30 31 28 28 29 28 28 28 27 27 27 27 27 27 28 29 29 29 35 44 55 36 28 28 29 34 48 59 59 62 59 46 42 42 43 43 46 52 62 60 57 54
22 23 23 32 27 35 38 43 46 45 37 38 41 52 51 53 52 53 58 60 58 43 41 44 51 52 55 49 55 47 42 44 47 40 32 28 28 28 28 33 31 29 29 30 33 34 38 34 31 31 31 31 30 30 29 29 28 29 28 28 28 27 27 27 27 27 27 28 29 29 39 50 54 52 33 29 29 31 36 51 67 67 54 45 42 42 42 43 45 49 52 54 54 54 54
22 23 23 24 25 26 29 30 33 35 50 51 51 54 53 55 54 54 57 58 60 57 57 50 50 51 53 47 48 49 38 32 31 31 28 28 27 27 30 30 29 36 36 31 33 38 43 37 34 31 34 34 33 30 30 29 28 29 28 28 27 27 27 27 27 27 28 29 31 33 45 55 53 42 33 29 31 34 39 51 70 66 50 42 42 42 44 48 58 58 53 53 53 56 59
21 22 23 23 25 25 29 41 44 48 50 51 52 53 54 55 56 56 56 58 58 57 58 57 54 51 49 46 44 52 47 41 44 38 31 28 27 27 33 31 31 36 38 38 38 38 41 43 38 33 31 33 31 30 30 29 28 29 28 28 27 27 27 27 27 28 28 30 34 37 44 50 47 39 31 31 36 42 46 52 58 58 46 42 45 46 51 61 63 55 52 51 53 59 56
20 22 22 20 21 23 28 39 31 44 47 49 50 53 54 55 55 57 58 59 61 60 65 60 56 51 49 45 44 48 42 57 65 57 41 30 28 28 33 38 34 34 38 43 43 37 34 34 34 31 31 31 31 30 30 30 28 28 28 28 27 27 27 27 28 28 29 33 37 38 42 44 41 37 31 31 40 47 50 48 49 47 45 49 60 55 58 68 58 52 52 52 52 61 55
17 17 22 20 20 21 23 27 43 46 49 50 50 51 53 55 58 58 59 57 58 61 63 59 56 51 46 46 44 45 44 58 71 60 46 35 30 28 38 40 40 38 43 38 33 31 32 31 30 30 30 31 31 32 33 33 29 28 28 28 28 27 27 28 29 30 29 33 36 38 37 36 35 34 31 32 41 47 47 44 47 42 44 51 68 68 61 60 54 52 51 51 52 58 52
16 17 18 17 20 21 24 25 28 42 45 33 48 49 51 52 52 53 56 59 61 59 63 59 57 53 48 45 44 45 49 58 74 65 45 36 32 32 38 44 40 41 34 31 29 29 31 34 32 30 30 31 30 30 32 32 29 28 28 28 28 28 28 28 28 28 28 31 37 39 37 34 32 31 31 32 35 44 44 44 42 41 43 51 71 71 63 60 54 51 51 51 51 55 51
16 16 16 17 18 20 22 24 42 45 47 51 51 50 50 50 51 53 54 55 55 56 58 58 53 49 47 45 46 51 59 66 72 66 46 32 34 39 47 43 34 31 29 29 29 29 29 34 31 30 30 31 30 30 30 32 31 28 27 28 28 28 28 28 31 28 28 28 31 33 34 31 31 31 33 33 34 39 38 38 38 40 45 49 62 68 65 62 53 51 51 51 51 58 54
15 15 15 17 19 19 34 37 42 42 48 49 49 50 49 49 53 54 55 55 56 53 54 60 58 54 51 53 53 56 59 60 55 60 39 32 32 40 43 34 32 29 29 31 34 32 31 31 30 31 31 31 31 30 31 32 32 30 28 28 28 30 28 28 28 31 30 28 28 31 35 31 31 31 36 38 35 36 36 38 40 44 43 47 59 62 59 60 50 50 50 51 53 59 59
14 15 15 16 28 30 34 36 39 39 44 46 49 48 48 48 50 48 48 52 51 54 53 58 63 57 53 60 54 45 45 43 44 53 42 34 34 37 34 30 29 29 32 41 40 37 35 32 30 32 36 41 37 32 35 34 32 32 35 36 33 30 29 28 30 36 36 29 30 33 39 31 31 33 42 49 44 43 40 42 44 50 46 47 54 62 58 51 50 50 53 58 60 61 56
14 15 15 16 27 29 33 32 33 36 41 45 42 41 45 47 49 52 52 50 55 53 54 60 63 54 54 52 47 46 43 42 44 62 56 36 29 29 30 32 33 33 41 52 43 42 38 32 31 31 34 34 31 31 34 38 36 38 38 38 33 28 30 33 33 33 39 36 33 39 38 33 33 36 46 51 49 46 44 45 48 54 51 50 55 58 55 51 51 53 63 72 69 64 53
12 14 15 22 26 27 27 30 31 36 36 43 47 48 48 48 49 48 54 53 52 50 57 60 58 61 55 47 46 45 43 42 44 61 57 38 30 30 32 36 40 37 45 53 45 45 40 32 32 30 30 30 30 31 30 31 32 32 35 35 33 28 28 30 33 36 38 41 39 44 43 36 34 39 44 42 45 45 43 45 48 49 50 52 54 52 52 52 53 60 69 77 69 62 54
11 12 14 21 23 25 27 28 29 32 36 44 46 48 46 47 48 48 50 49 49 51 52 53 56 61 56 47 46 46 42 42 45 53 42 36 30 30 34 42 45 42 45 50 43 40 36 36 32 30 30 30 30 30 31 30 30 32 35 36 34 32 30 30 31 34 37 38 38 44 48 38 36 41 45 42 44 42 43 45 47 48 47 48 52 52 52 54 57 69 70 66 61 54 56
11 12 13 21 22 22 25 28 29 29 33 40 45 44 39 46 48 48 47 50 49 50 53 51 57 61 61 49 47 46 47 42 47 63 47 33 29 32 33 39 42 48 49 53 40 38 40 35 35 32 30 30 30 30 31 33 33 30 31 33 34 38 35 32 31 31 34 35 38 41 46 41 41 41 44 43 45 41 41 43 43 44 43 44 52 52 52 54 62 73 65 57 55 55 58
11 11 12 14 21 24 25 27 26 30 37 39 35 33 39 43 46 47 47 50 48 51 53 54 53 56 59 54 47 47 42 42 47 63 42 30 29 30 33 36 40 45 48 56 42 39 40 35 38 34 31 30 30 31 33 36 36 32 31 31 33 34 32 31 34 32 34 38 41 39 40 41 41 40 38 43 45 40 40 40 44 44 40 44 54 54 52 54 59 73 63 56 55 57 62
10 11 12 12 14 24 25 24 24 29 29 30 39 40 36 43 47 47 48 47 48 48 50 53 60 56 62 66 55 48 43 43 44 54 41 30 30 30 33 35 36 41 44 53 48 35 34 34 38 38 32 32 32 33 37 36 41 39 30 30 30 30 30 30 31 31 33 36 40 36 33 33 33 33 33 40 40 40 40 37 40 42 39 50 59 55 53 53 58 63 61 56 57 61 69
10 11 11 18 21 23 22 22 23 28 30 36 40 43 45 43 44 46 46 48 49 49 49 54 57 67 62 66 58 50 49 43 56 68 40 31 31 32 33 36 39 42 50 52 46 32 32 33 38 38 32 32 32 33 36 38 46 49 38 30 30 30 31 33 33 33 31 34 36 33 31 30 30 30 32 36 37 39 38 37 36 37 39 54 61 56 51 51 53 61 61 57 60 65 77
10 10 11 11 18 20 22 23 24 27 32 36 37 41 45 47 47 47 47 49 48 49 48 51 59 63 67 71 67 52 51 44 59 69 48 33 33 33 33 36 41 43 55 56 44 33 34 35 38 41 32 32 34 34 35 36 40 46 50 36 30 30 33 38 39 37 33 33 36 33 30 30 30 32 33 33 35 38 36 35 36 39 44 52 55 52 50 50 55 66 63 59 63 74 85
10 10 15 15 17 17 21 21 22 26 28 32 33 37 41 46 47 48 47 48 48 48 47 49 53 59 70 69 66 60 52 57 67 75 70 41 33 36 37 40 47 49 59 55 43 35 35 35 35 39 34 33 33 34 36 38 38 42 45 38 30 30 33 38 41 41 37 38 36 33 32 31 32 32 32 32 35 35 35 35 36 44 54 56 52 51 49 50 55 61 63 61 68 79 93
12 10 13 14 15 18 21 18 19 20 25 29 28 36 40 40 42 45 47 47 48 48 49 51 55 57 60 59 60 63 58 68 70 67 69 47 36 39 40 44 44 52 62 58 51 38 35 35 35 36 37 34 34 35 38 41 43 44 56 45 33 30 31 36 41 41 41 42 38 38 34 33 34 35 32 33 35 35 36 36 38 47 56 59 53 50 48 50 54 60 65 65 65 70 84
12 13 13 14 15 15 16 19 20 21 22 25 27 32 36 40 44 44 45 45 45 46 47 47 48 50 55 56 62 69 64 68 60 62 55 42 41 41 42 46 47 48 47 49 43 38 35 36 37 38 38 37 37 36 34 36 38 44 54 51 36 30 30 33 41 38 40 40 40 43 38 37 38 41 35 35 35 36 37 40 43 46 50 54 53 50 47 50 57 68 65 65 70 73 76
11 12 13 13 14 15 18 20 19 20 22 26 28 32 36 40 42 44 46 46 47 46 48 49 51 49 54 60 63 69 70 71 60 68 66 46 44 48 53 50 53 43 39 38 38 41 41 37 40 41 44 42 40 37 38 35 37 41 50 45 33 30 30 32 40 41 42 43 43 43 46 43 44 47 40 37 40 37 38 41 42 44 46 47 50 47 47 51 57 67 66 64 72 68 70
11 11 12 13 14 15 19 20 20 20 22 24 27 32 34 36 40 44 46 47 47 49 50 50 54 52 52 57 66 68 69 70 63 66 53 44 43 48 55 57 59 46 38 38 41 45 46 38 40 44 53 49 45 41 38 35 38 41 49 43 33 30 30 32 39 47 50 47 48 45 47 48 47 49 49 48 42 39 39 39 41 42 43 45 47 45 47 51 56 64 61 61 71 71 62
10 11 11 12 13 14 16 18 19 19 22 21 26 26 28 32 36 41 46 47 47 49 50 52 56 58 58 62 65 70 68 70 68 66 61 49 53 47 53 54 54 43 38 38 41 45 49 44 41 44 51 56 55 44 38 37 38 42 50 49 38 31 31 31 34 40 44 48 47 49 48 46 49 51 53 52 45 43 42 40 42 43 45 45 46 45 46 49 52 55 55 57 61 63 59
8 9 11 11 12 13 14 16 16 17 19 19 24 26 29 31 37 42 44 46 47 47 49 50 55 58 60 64 68 67 62 67 67 64 65 63 54 55 48 48 52 46 42 39 43 47 50 53 48 44 48 52 55 47 38 38 41 44 52 58 50 34 31 31 31 33 36 37 40 46 42 45 41 42 42 46 47 48 51 44 43 46 48 49 48 46 44 46 50 51 52 58 58 57 55
8 9 11 11 12 12 13 15 15 15 17 19 22 26 31 36 39 41 43 45 46 47 47 50 52 52 59 61 63 60 54 58 61 63 66 66 67 68 56 50 51 50 44 39 46 53 55 53 50 47 48 55 56 48 42 39 39 42 54 67 68 48 32 31 31 32 33 33 33 36 35 35 35 35 36 41 48 52 55 48 45 48 54 54 50 47 44 44 45 45 48 50 53 53 54
8 9 9 10 11 12 12 14 14 14 17 19 22 26 30 34 37 39 43 44 45 46 46 48 48 50 52 54 58 49 63 65 62 63 67 66 69 65 63 53 55 58 45 40 44 53 58 62 58 48 48 57 57 51 49 43 39 43 55 64 57 48 37 33 33 33 33 38 41 36 35 35 35 35 35 35 44 50 56 52 47 47 53 56 53 48 48 46 43 43 43 45 47 47 47
9 9 9 10 10 11 12 14 14 14 16 17 21 24 28 32 36 39 41 43 43 42 44 44 45 46 50 51 56 60 61 59 61 67 64 66 66 67 56 67 57 67 53 46 49 56 62 75 60 48 45 48 45 46 44 41 43 46 55 61 60 49 43 36 34 33 34 38 42 42 44 47 46 42 37 34 37 44 48 50 50 47 47 49 50 48 46 46 45 42 41 42 44 44 44
9 9 10 10 10 11 12 14 14 14 14 17 19 24 26 30 32 36 36 39 42 43 44 45 47 49 52 57 58 55 55 55 57 57 62 54 62 64 64 72 65 70 59 51 48 57 70 83 74 52 45 43 41 41 41 42 43 44 48 53 60 54 47 42 38 38 39 44 44 42 44 48 51 49 44 34 34 38 42 47 52 49 44 44 44 46 45 43 45 44 40 40 40 41 41
10 10 10 10 10 11 12 13 14 14 15 18 19 22 26 31 29 31 33 36 38 42 43 44 46 48 52 51 51 51 53 52 54 61 59 48 53 66 67 73 76 74 64 56 50 58 63 74 72 53 45 46 46 46 45 41 41 43 45 48 49 54 54 51 45 38 42 47 49 46 43 43 42 43 42 37 34 39 47 49 58 56 46 42 41 43 46 43 43 43 41 40 40 40 41
10 10 10 10 11 12 12 12 14 15 15 18 18 19 22 25 26 31 32 33 36 39 44 44 46 47 45 51 54 56 53 55 42 43 43 50 58 66 71 76 74 57 48 48 48 52 55 54 60 51 48 54 54 52 47 46 43 43 45 46 48 50 56 54 47 40 40 44 48 47 44 41 41 43 43 40 35 38 52 57 58 56 45 39 40 43 47 45 42 42 42 40 39 39 41
10 10 10 11 7 11 9 9 9 10 15 16 18 17 19 21 25 30 31 32 36 38 40 43 43 43 45 48 49 51 46 38 43 54 57 57 58 50 70 75 66 53 53 55 50 55 52 47 50 44 48 54 55 52 51 51 48 47 49 51 49 54 58 53 42 40 41 44 47 51 49 49 51 52 48 38 33 33 41 52 51 48 43 39 40 43 48 43 42 42 42 38 38 39 39
10 11 11 11 7 11 12 8 9 10 10 11 17 17 18 21 25 27 30 30 32 36 39 41 40 43 45 45 47 47 34 41 55 60 62 62 64 53 64 70 72 63 63 69 57 67 56 48 43 43 45 50 55 57 52 54 52 53 54 54 48 50 55 51 42 41 47 49 49 47 46 46 49 49 40 34 33 33 36 42 45 46 43 41 41 42 42 42 41 42 39 37 37 37 39
11 7 7 7 7 7 7 7 8 8 10 16 17 17 17 20 25 26 26 26 30 34 37 37 39 40 42 42 43 39 42 49 55 59 63 65 66 65 70 72 70 60 69 75 71 54 52 45 42 42 46 50 58 61 58 54 56 51 47 46 47 48 53 47 46 47 48 49 43 39 35 36 40 43 39 38 38 37 37 39 41 44 45 43 41 42 44 45 42 39 37 37 37 36 36
7 7 7 7 7 7 7 7 7 8 9 10 16 17 17 18 20 23 23 25 27 31 30 29 32 33 37 36 38 41 44 46 53 58 63 62 63 65 68 67 71 67 69 72 66 71 57 45 43 43 45 47 49 52 53 52 48 46 47 45 46 48 51 47 49 46 41 44 43 36 35 36 43 48 40 42 44 39 38 38 36 39 43 45 45 45 49 49 42 37 36 36 36 36 37
11 7 7 7 7 7 7 7 7 7 8 10 17 20 19 17 17 18 21 24 26 26 25 32 32 35 37 39 41 42 46 47 51 54 55 57 59 60 62 68 68 74 73 72 69 55 52 55 50 47 47 48 49 50 47 45 43 42 44 44 45 49 53 49 47 39 39 41 38 38 36 36 38 42 42 42 42 41 39 36 35 36 42 48 48 47 53 44 39 36 36 36 36 36 38
7 7 6 6 6 7 7 7 7 7 7 10 10 20 18 11 17 18 19 21 22 21 24 26 27 32 35 39 39 43 44 47 52 51 51 53 55 57 65 65 64 67 70 69 72 77 75 73 57 52 49 49 47 43 41 40 40 42 42 42 44 49 51 50 42 40 41 41 40 40 42 41 40 46 46 42 39 35 32 33 33 36 45 50 47 44 44 40 36 36 36 36 38 38 38
6 6 6 6 6 6 6 6 7 7 7 9 10 10 18 18 18 11 18 19 18 21 25 28 32 32 35 37 41 42 42 44 47 36 48 51 50 52 58 58 60 62 67 69 70 73 77 73 76 66 49 41 41 39 40 40 40 40 40 43 44 46 47 45 43 43 43 43 43 43 45 42 42 46 52 47 40 34 32 33 33 34 38 42 40 40 38 36 36 36 41 43 42 39 38
6 6 6 6 6 6 6 6 6 7 7 7 10 10 16 17 19 11 11 11 19 21 25 24 25 29 31 34 39 38 39 42 44 41 38 45 48 42 52 55 55 65 59 66 69 64 67 83 70 65 51 39 38 38 38 38 40 40 42 45 44 44 44 46 47 48 49 46 48 46 45 44 42 43 44 41 37 34 32 33 33 34 35 37 37 37 35 35 36 41 50 56 46 42 39
