model/data/bioclim/bclim12.asc
NCOLS 300 
NROWS 300 
XLLCORNER -125.250000000003 
YLLCORNER 30.7499999999996 
CELLSIZE 0.041666666666667 
NODATA_value -32768 
[rows 152 to 189 of 300, columns 86 to 171 of 300]
474 477 439 453 402 368 347 333 373 464 536 535 450 343 348 292 237 227 230 233 213 200 199 199 201 203 205 212 213 217 222 223 230 237 241 247 249 256 263 267 273 281 290 298 307 310 329 339 361 376 393 425 484 596 646 654 678 566 654 706 683 695 715 756 775 729 739 700 658 607 639 655 630 643 676 574 636 632 635 607 411 212 179 166 189 260
462 471 427 391 377 366 347 336 344 416 478 431 537 377 359 373 288 265 253 238 223 199 195 196 195 198 200 204 206 209 213 216 221 226 231 237 242 248 253 259 265 272 278 285 293 304 313 327 338 356 371 394 432 523 592 546 551 591 671 738 714 667 680 682 672 659 651 623 646 657 646 617 648 649 615 523 583 603 682 670 410 248 182 169 165 193
450 470 479 463 415 391 351 342 353 348 426 417 472 472 375 466 490 402 311 243 220 202 194 193 194 194 197 198 200 201 207 207 215 218 222 229 234 238 242 251 255 262 270 277 286 291 300 312 326 339 354 374 404 440 472 532 532 642 645 720 752 750 709 773 826 835 687 668 621 636 614 590 593 565 520 564 660 716 709 679 418 281 198 169 161 158
392 404 471 583 586 492 417 359 341 362 386 425 425 480 461 495 506 445 282 219 218 213 203 193 190 193 192 195 197 197 201 202 207 211 215 220 224 230 236 239 247 253 258 264 274 280 290 298 311 326 340 355 381 391 437 479 567 642 657 706 731 768 781 762 874 861 785 789 743 702 670 629 569 561 559 558 571 618 696 682 466 311 229 180 167 162
359 361 441 516 602 578 497 400 350 333 396 411 415 465 492 517 583 479 274 246 298 297 231 199 189 191 192 191 192 194 195 196 199 202 207 211 216 222 227 233 239 242 248 257 262 272 280 291 301 313 328 340 350 384 453 442 540 654 643 710 704 705 723 781 883 880 856 772 748 713 683 653 627 599 621 700 746 664 729 748 550 364 272 203 177 167
337 335 352 465 585 595 600 497 385 335 364 354 455 458 490 538 561 537 322 271 358 355 278 207 192 190 190 189 189 189 189 192 192 196 200 204 208 214 218 225 230 236 240 246 253 262 271 281 292 303 313 322 334 363 377 390 418 534 578 609 690 726 719 722 744 814 831 808 747 710 694 664 656 644 615 703 824 766 834 819 636 483 315 236 190 175
335 329 329 365 413 498 591 587 547 420 367 434 388 454 481 443 467 391 287 288 346 379 306 226 192 191 190 188 184 184 186 186 188 190 192 198 201 206 210 216 223 227 232 239 247 254 263 272 284 293 303 312 322 336 344 358 371 409 490 639 671 683 696 704 692 731 765 795 793 730 706 724 735 706 720 700 849 726 743 793 830 583 381 284 231 206
383 343 336 338 349 404 466 575 622 563 426 397 482 500 614 576 424 354 291 247 248 250 238 215 227 205 195 190 183 181 182 183 185 184 186 191 194 200 204 209 214 221 226 232 238 247 253 263 273 283 293 300 311 319 327 344 353 376 483 620 639 630 690 692 686 668 662 742 776 759 724 710 742 726 750 778 764 721 679 732 810 761 472 331 266 216
617 499 373 339 341 358 414 504 572 547 507 429 400 425 549 634 510 540 484 369 330 284 273 249 271 252 220 197 188 182 183 183 183 184 184 186 189 191 198 203 207 213 218 225 231 237 247 254 263 272 282 288 297 305 315 328 334 347 374 463 526 591 677 648 678 672 642 635 694 734 703 667 668 658 717 829 790 707 618 726 816 823 666 438 303 235
686 728 575 372 342 332 350 393 498 528 491 434 400 382 405 502 560 587 508 402 403 447 444 344 378 374 340 255 210 192 188 183 182 182 181 181 184 187 192 195 200 206 211 219 224 232 236 243 252 261 268 276 285 292 302 310 319 330 390 449 430 541 645 587 660 655 633 646 607 585 618 649 655 676 767 753 831 789 612 719 788 785 789 658 450 287
632 672 711 568 374 339 332 333 436 465 470 463 385 402 405 421 459 528 629 590 479 384 376 337 392 486 494 361 255 207 191 184 180 180 179 177 179 183 186 191 193 199 204 210 218 224 231 236 242 250 260 265 271 281 287 296 308 317 329 344 390 424 543 556 655 626 608 611 608 658 705 722 704 696 767 726 668 649 600 685 694 720 758 667 598 447
613 637 698 720 553 394 332 311 312 372 425 502 381 382 358 441 423 488 567 564 615 536 458 448 458 495 397 328 280 230 193 187 180 179 175 175 177 179 182 183 190 194 199 203 207 217 223 229 235 241 249 255 263 269 277 285 295 307 319 333 386 371 453 466 592 590 556 611 636 607 653 681 717 702 773 766 711 626 609 732 711 641 670 642 616 449
642 643 654 736 767 607 424 327 303 293 348 339 329 335 340 385 406 415 489 562 527 613 668 749 719 594 433 342 308 249 204 191 184 175 173 175 173 177 179 182 184 190 195 198 202 208 214 221 228 233 239 246 251 259 267 276 286 296 308 325 338 347 365 398 501 538 582 600 678 702 748 737 739 789 803 786 751 651 600 643 644 620 607 600 619 504
713 747 713 666 694 728 616 399 322 296 290 308 336 358 375 396 399 398 568 609 609 553 659 772 841 837 674 611 457 349 288 215 191 177 172 172 175 173 176 178 182 185 189 193 197 202 207 212 221 225 230 236 242 250 258 266 276 286 300 312 323 335 352 433 565 560 611 610 612 637 698 746 735 752 718 709 781 671 575 614 612 599 574 563 601 543
796 816 846 690 587 592 601 527 343 311 292 280 304 334 352 368 352 342 390 554 688 683 610 661 753 748 729 659 621 628 490 314 217 184 173 172 172 172 176 176 179 183 184 186 192 197 203 206 211 216 222 227 233 244 250 256 264 276 286 300 313 344 367 421 510 565 602 669 674 727 741 750 757 751 695 655 686 685 579 662 676 683 586 558 562 566
834 800 793 758 614 505 469 448 381 385 325 285 276 297 298 309 306 302 367 388 483 592 616 622 515 474 482 454 466 509 412 342 240 194 176 174 175 173 175 175 177 179 180 180 186 192 195 200 204 209 215 221 228 234 242 248 255 267 278 287 299 329 371 408 401 475 552 669 609 584 653 743 740 738 693 628 649 668 565 621 624 633 632 572 608 626
735 805 713 639 560 549 550 514 447 416 411 304 275 273 282 306 333 367 314 355 470 491 582 569 601 514 424 351 308 298 272 258 235 200 179 175 174 173 174 174 174 176 177 177 183 185 189 194 197 202 207 213 220 227 233 241 248 256 265 276 286 295 342 375 459 500 525 568 526 542 629 709 659 709 681 616 602 595 576 516 546 588 594 543 562 589
765 765 715 657 680 749 729 626 439 452 419 370 281 261 255 272 304 328 344 335 365 477 556 516 554 596 600 533 403 277 223 215 211 206 183 178 175 173 171 171 172 173 175 176 178 180 185 187 190 196 199 206 211 218 225 232 241 247 256 266 277 287 300 328 373 436 488 529 484 522 594 596 634 718 705 660 599 561 549 512 620 625 594 548 527 547
678 756 698 707 707 828 830 695 621 513 415 344 302 266 246 247 264 289 313 316 365 380 477 604 548 434 501 514 435 304 232 204 196 191 190 181 176 171 168 169 169 169 170 171 176 178 179 184 186 189 193 198 206 212 217 224 231 242 251 258 269 280 287 300 325 367 410 453 452 482 551 612 603 626 666 643 566 529 500 530 613 614 591 573 555 534
575 659 721 829 723 605 602 601 551 511 532 385 332 296 252 229 236 255 279 284 355 366 380 473 573 538 394 383 378 297 255 242 209 199 194 196 190 174 167 164 166 168 167 166 170 175 176 179 182 184 187 193 198 204 212 219 224 233 243 253 263 273 280 300 353 338 339 356 390 524 656 693 673 694 699 666 597 553 572 544 570 600 585 586 546 492
-32768 520 613 788 790 609 515 519 432 440 443 417 423 396 288 250 238 217 247 301 307 329 382 439 462 575 584 418 328 335 284 245 265 249 211 217 234 209 180 170 163 162 164 166 168 170 175 175 176 181 185 188 194 199 206 211 220 228 236 245 258 266 276 282 304 326 348 359 440 502 519 597 608 688 721 622 536 562 664 641 591 615 564 533 479 510
-32768 -32768 533 544 669 642 589 620 486 373 367 347 369 462 414 357 290 228 223 262 321 361 394 461 416 466 551 627 562 408 367 327 295 259 247 219 226 247 239 198 171 162 164 166 167 168 171 174 175 177 181 186 190 196 201 207 215 220 228 241 247 258 269 277 292 305 350 366 410 443 533 536 617 713 646 558 510 594 702 674 638 622 572 515 447 449
-32768 -32768 -32768 -32768 476 672 639 514 414 377 318 308 310 321 365 437 388 324 220 242 286 328 378 435 371 418 496 533 525 597 590 565 460 379 293 253 230 214 226 233 196 169 164 165 166 168 170 173 174 176 178 181 186 190 195 200 207 214 222 231 240 250 258 268 281 301 311 365 460 511 617 673 696 686 614 543 495 550 621 694 612 550 492 447 439 450
-32768 -32768 -32768 -32768 346 561 606 523 467 355 353 311 268 274 282 371 418 347 317 236 287 332 373 363 416 464 511 472 448 436 550 657 670 546 448 377 295 224 204 216 202 181 170 168 167 168 169 171 172 175 176 180 183 185 188 194 199 207 214 222 233 242 252 262 272 309 351 358 377 469 509 575 659 672 648 568 487 585 631 707 678 608 530 462 438 518
-32768 -32768 -32768 -32768 256 419 562 630 507 409 315 327 321 272 253 260 304 293 264 259 274 298 331 340 403 421 455 525 447 378 407 468 536 554 413 346 293 254 213 200 210 196 175 171 171 168 169 170 170 173 174 176 179 182 184 189 194 203 207 217 226 237 245 256 268 285 311 347 402 423 448 498 542 641 686 575 452 520 647 648 656 580 553 458 470 517
-32768 -32768 -32768 -32768 -32768 358 436 631 599 484 397 302 309 362 307 267 257 322 305 247 242 257 302 321 350 370 422 455 504 425 353 358 371 429 455 355 265 239 226 201 198 191 181 175 171 169 170 170 170 170 171 173 176 178 179 182 189 194 204 210 218 229 239 250 257 270 299 331 377 455 454 483 564 644 694 645 501 412 584 673 635 581 501 448 436 497
-32768 -32768 -32768 -32768 -32768 -32768 285 385 468 368 484 459 395 277 338 326 288 277 316 270 271 271 282 325 358 369 380 410 460 482 400 332 355 389 456 424 355 242 225 219 201 202 186 178 174 172 174 170 170 170 172 173 172 174 177 180 184 188 196 205 213 222 232 244 256 263 296 320 364 408 467 521 597 660 670 592 449 434 537 636 607 571 521 393 446 391
-32768 -32768 -32768 -32768 -32768 -32768 -32768 -32768 285 269 344 446 476 374 307 286 328 313 316 295 266 283 282 304 357 361 383 404 440 455 465 403 326 343 400 431 360 286 233 221 209 209 195 185 180 174 175 172 170 170 169 170 171 171 174 176 178 184 190 198 207 217 229 241 252 269 304 350 436 523 484 503 588 667 640 578 500 362 427 525 530 562 475 327 361 301
-32768 -32768 -32768 -32768 -32768 -32768 -32768 -32768 87 263 337 277 412 415 312 311 276 281 309 359 345 333 325 299 307 323 349 380 408 419 436 441 373 347 419 404 437 364 275 238 213 205 199 194 186 177 175 173 172 170 170 169 167 169 172 173 176 179 183 191 202 214 231 242 248 255 298 346 391 486 470 481 520 546 623 563 451 353 347 413 362 424 373 267 245 243
-32768 -32768 -32768 -32768 -32768 -32768 -32768 -32768 47 64 92 179 289 544 531 392 352 324 380 434 406 394 346 324 326 326 335 354 380 393 399 377 389 432 447 462 332 283 256 240 227 222 212 203 196 188 177 173 172 171 167 166 166 167 170 171 174 177 179 187 200 213 230 247 254 262 290 348 415 477 446 468 512 616 603 511 378 312 315 303 284 260 252 246 325 418
-32768 -32768 -32768 -32768 -32768 -32768 -32768 -32768 -32768 -32768 54 73 137 245 389 473 464 380 395 460 485 484 431 363 357 367 383 390 370 372 364 379 421 453 486 488 411 317 292 255 243 240 228 216 204 196 185 176 173 170 166 166 165 165 167 172 172 175 177 182 195 212 230 249 265 270 289 348 408 454 428 499 553 618 567 453 326 333 287 277 286 251 286 315 418 469
-32768 -32768 -32768 -32768 -32768 -32768 -32768 -32768 -32768 -32768 -32768 -32768 98 133 191 322 474 524 486 470 471 487 438 398 402 407 426 436 446 422 414 386 399 471 492 484 460 425 350 299 276 260 240 225 213 203 191 180 173 169 167 165 163 163 164 167 170 171 174 179 193 206 225 243 269 277 291 332 394 432 385 455 542 550 454 337 310 377 374 376 412 300 257 348 451 449
-32768 -32768 -32768 -32768 -32768 -32768 -32768 -32768 -32768 -32768 -32768 -32768 -32768 136 161 208 297 399 515 490 477 451 444 433 460 456 455 450 473 464 446 432 416 398 425 465 468 431 387 355 318 276 253 240 225 211 199 183 175 168 165 161 162 162 162 164 167 169 173 174 181 191 202 218 238 250 265 307 381 415 404 495 449 363 383 356 411 445 404 488 478 315 270 301 373 379
-32768 -32768 -32768 -32768 -32768 -32768 -32768 -32768 -32768 -32768 -32768 -32768 -32768 -32768 193 207 254 321 423 485 506 515 505 478 507 529 513 482 474 479 460 462 436 438 399 425 457 480 457 464 449 332 282 256 239 219 201 187 175 168 166 163 158 159 158 160 161 162 167 168 173 186 206 213 217 228 238 261 322 386 441 388 419 406 521 372 438 549 537 548 554 425 313 304 379 308
-32768 -32768 -32768 -32768 -32768 -32768 -32768 -32768 -32768 -32768 -32768 -32768 -32768 -32768 -32768 228 236 298 337 394 509 562 570 545 533 567 557 522 515 522 497 484 446 457 429 422 464 499 503 515 541 494 348 284 256 227 210 193 178 169 165 159 156 155 154 155 155 159 160 161 165 172 192 214 230 227 242 258 306 341 340 387 539 585 537 404 488 583 656 628 510 458 363 331 375 296
-32768 -32768 -32768 -32768 -32768 -32768 -32768 -32768 -32768 -32768 -32768 -32768 -32768 -32768 -32768 -32768 -32768 280 320 386 466 554 604 607 598 584 584 568 543 557 555 513 488 477 461 454 473 488 496 505 542 591 484 366 299 254 223 203 184 171 165 160 155 152 153 153 153 155 156 156 159 162 169 179 186 193 203 213 241 316 367 373 443 571 491 366 379 455 612 598 548 485 338 376 361 296
-32768 -32768 -32768 -32768 -32768 -32768 -32768 -32768 -32768 -32768 -32768 -32768 -32768 -32768 -32768 -32768 -32768 -32768 -32768 391 444 534 622 637 647 631 604 590 582 574 590 632 555 517 487 468 449 489 478 486 506 554 597 536 400 294 245 214 194 180 169 160 153 151 151 152 152 153 155 155 159 159 162 166 180 205 209 224 241 266 302 333 370 394 379 341 353 376 406 452 528 465 292 310 320 267
-32768 -32768 -32768 -32768 -32768 -32768 -32768 -32768 -32768 -32768 -32768 -32768 -32768 -32768 -32768 -32768 -32768 -32768 -32768 382 428 478 566 643 658 648 625 588 580 564 548 571 601 579 555 490 455 511 483 470 469 485 532 613 531 398 315 252 220 200 187 173 160 152 151 152 153 153 155 156 159 161 163 167 173 178 190 206 230 255 275 306 318 334 337 351 383 311 291 292 375 374 269 284 281 214
