model/data/bioclim/bclim10.asc
NCOLS 300 
NROWS 300 
XLLCORNER -125.25 
YLLCORNER 30.75 
CELLSIZE 0.0416666666666667 
NODATA_value -3.4e+38 
[rows 132 to 153 of 300, columns 49 to 97 of 300]
-3.4e+38 -3.4e+38 -3.4e+38 -3.4e+38 -3.4e+38 -3.4e+38 -3.4e+38 -3.4e+38 -3.4e+38 -3.4e+38 -3.4e+38 -3.4e+38 -3.4e+38 -3.4e+38 -3.4e+38 -3.4e+38 16.3166656494141 16.6433334350586 17.160665512085 17.3194446563721 16.2708339691162 -3.4e+38 18.5166664123535 18.4599990844727 19 19.2406673431396 19.4153327941895 19.7026672363281 20.021333694458 20.5286674499512 20.6453323364258 21.1086673736572 21.449333190918 21.8880004882812 22.2040004730225 22.3500003814697 22.6459999084473 22.9853324890137 23.318000793457 23.6526660919189 23.7153339385986 23.6393337249756 23.6453342437744 23.2733325958252 22.8360004425049 22.7800006866455 22.9613342285156 23.0713329315186 23.0966663360596
-3.4e+38 -3.4e+38 -3.4e+38 -3.4e+38 -3.4e+38 -3.4e+38 -3.4e+38 -3.4e+38 -3.4e+38 -3.4e+38 -3.4e+38 -3.4e+38 -3.4e+38 -3.4e+38 -3.4e+38 -3.4e+38 -3.4e+38 16.488000869751 17.054666519165 17.3245105743408 -3.4e+38 -3.4e+38 -3.4e+38 18.1833324432373 18.7666664123535 19.1800003051758 19.9006671905518 20.1513328552246 19.9733333587646 20.1499996185303 20.3360004425049 20.7560005187988 21.2180004119873 21.6013336181641 21.9166660308838 22.1086673736572 22.3893337249756 22.8700008392334 23.32200050354 23.9020004272461 24.3126659393311 24.5459995269775 24.5726661682129 24.0593338012695 23.3840007781982 23.0053329467773 22.9486656188965 22.792667388916 22.699333190918
-3.4e+38 -3.4e+38 -3.4e+38 -3.4e+38 -3.4e+38 -3.4e+38 -3.4e+38 -3.4e+38 -3.4e+38 -3.4e+38 -3.4e+38 -3.4e+38 -3.4e+38 -3.4e+38 -3.4e+38 -3.4e+38 -3.4e+38 16.0650005340576 16.7066669464111 17.4060611724854 -3.4e+38 -3.4e+38 -3.4e+38 -3.4e+38 -3.4e+38 18.9245090484619 19.6000003814697 20.1319999694824 20.3926658630371 20.4913330078125 20.6420001983643 20.5273342132568 21.0706672668457 21.4640007019043 21.6459999084473 21.9513339996338 22.3113327026367 22.7679996490479 23.1986675262451 23.5846672058105 24.0026664733887 24.3426666259766 24.6773338317871 24.6113338470459 24.2333335876465 23.691333770752 23.1793327331543 22.7980003356934 22.7346668243408
-3.4e+38 -3.4e+38 -3.4e+38 -3.4e+38 -3.4e+38 -3.4e+38 -3.4e+38 -3.4e+38 -3.4e+38 -3.4e+38 -3.4e+38 -3.4e+38 -3.4e+38 -3.4e+38 -3.4e+38 -3.4e+38 15.0791664123535 15.7133331298828 16.4986667633057 17.1480007171631 17.7541675567627 18 -3.4e+38 -3.4e+38 -3.4e+38 18.7877769470215 19.007999420166 19.8159999847412 20.2900009155273 20.6546669006348 20.6300010681152 20.6413345336914 20.8940010070801 21.318000793457 21.67799949646 21.8640003204346 22.1826667785645 22.6333332061768 22.8699989318848 23.1313323974609 23.4673347473145 23.804666519165 24.2653331756592 24.6040000915527 24.6940002441406 24.4253330230713 23.728666305542 23.0713329315186 22.9139995574951
-3.4e+38 -3.4e+38 -3.4e+38 -3.4e+38 -3.4e+38 -3.4e+38 -3.4e+38 -3.4e+38 -3.4e+38 -3.4e+38 -3.4e+38 -3.4e+38 -3.4e+38 -3.4e+38 -3.4e+38 -3.4e+38 15.0633335113525 15.775333404541 16.4386672973633 16.8873329162598 17.5593338012695 18.1260871887207 18.4885959625244 18.595832824707 -3.4e+38 18.3666667938232 18.379861831665 19.3393325805664 20.1119995117188 20.5559997558594 20.8413333892822 20.8519992828369 20.8933334350586 21.304666519165 21.6946659088135 21.8540000915527 21.8633327484131 22.1133327484131 22.2299995422363 22.6219997406006 22.9099998474121 23.3446655273438 23.826000213623 24.1713333129883 24.3206672668457 24.5093326568604 24.2940006256104 23.5133323669434 22.9479999542236
-3.4e+38 -3.4e+38 -3.4e+38 -3.4e+38 -3.4e+38 -3.4e+38 -3.4e+38 -3.4e+38 -3.4e+38 -3.4e+38 -3.4e+38 -3.4e+38 -3.4e+38 -3.4e+38 -3.4e+38 -3.4e+38 15.0190477371216 15.4526662826538 16.2373332977295 16.6900005340576 17.2293338775635 18.0380001068115 18.6059989929199 18.8673915863037 18.8666667938232 -3.4e+38 18.4302082061768 18.9613342285156 19.8386669158936 20.5026664733887 20.9006671905518 21.2773342132568 21.271333694458 21.5820007324219 21.982666015625 21.6873321533203 21.5186672210693 21.9440002441406 22.1399993896484 22.2513332366943 22.5200004577637 22.6846656799316 23.2946662902832 23.5860004425049 23.9300003051758 24.3666667938232 24.6186656951904 24.0326652526855 23.2119998931885
-3.4e+38 -3.4e+38 -3.4e+38 -3.4e+38 -3.4e+38 -3.4e+38 -3.4e+38 -3.4e+38 -3.4e+38 -3.4e+38 -3.4e+38 -3.4e+38 -3.4e+38 -3.4e+38 -3.4e+38 -3.4e+38 -3.4e+38 15.25 15.5920639038086 16.1853332519531 17.0520000457764 17.5639991760254 18.4939994812012 19.2353324890137 19.2277774810791 19.1843147277832 19.2999992370605 18.6333332061768 19.1884059906006 19.7979164123535 20.4759998321533 21.1273345947266 21.6746673583984 21.4926662445068 21.7466659545898 21.8339996337891 21.7213325500488 21.9993324279785 22.3286666870117 22.0659999847412 22.2053337097168 22.2119998931885 22.7253341674805 23.1533336639404 23.5386657714844 24.1940002441406 24.6000003814697 24.4993324279785 23.953332901001
-3.4e+38 -3.4e+38 -3.4e+38 -3.4e+38 -3.4e+38 -3.4e+38 -3.4e+38 -3.4e+38 -3.4e+38 -3.4e+38 -3.4e+38 -3.4e+38 -3.4e+38 -3.4e+38 -3.4e+38 -3.4e+38 -3.4e+38 -3.4e+38 15.4476194381714 16.0233325958252 17.0933322906494 17.7393341064453 18.0146675109863 18.7193336486816 19.1499996185303 19.4200000762939 19.4916667938232 19.3972225189209 19.5983333587646 19.7786674499512 20.2813339233398 20.9126663208008 21.3759994506836 21.5066661834717 21.5599994659424 21.5900001525879 21.5833339691162 22.1000003814697 22.4099998474121 22.4506664276123 22.2333335876465 22.2446670532227 23.0146675109863 23.4566669464111 23.8426666259766 24.195333480835 24.5706672668457 24.6253337860107 24.4153327941895
-3.4e+38 -3.4e+38 -3.4e+38 -3.4e+38 -3.4e+38 -3.4e+38 -3.4e+38 -3.4e+38 -3.4e+38 -3.4e+38 -3.4e+38 -3.4e+38 -3.4e+38 -3.4e+38 -3.4e+38 -3.4e+38 -3.4e+38 -3.4e+38 15.3208332061768 15.9093332290649 16.9333324432373 17.7146663665771 18.0613327026367 18.2899990081787 19.0193328857422 19.4899997711182 19.7679996490479 20.0060005187988 20.318000793457 20.529333114624 20.8166656494141 21.1620006561279 21.3819999694824 21.4773330688477 21.4506664276123 21.5106658935547 21.5973339080811 21.8893337249756 22.3926658630371 22.5273323059082 22.6966667175293 22.8099994659424 22.9253330230713 23.1439990997314 23.5393333435059 23.7993335723877 24.3446655273438 24.6586666107178 24.6580009460449
-3.4e+38 -3.4e+38 -3.4e+38 -3.4e+38 -3.4e+38 -3.4e+38 -3.4e+38 -3.4e+38 -3.4e+38 -3.4e+38 -3.4e+38 -3.4e+38 -3.4e+38 -3.4e+38 -3.4e+38 -3.4e+38 -3.4e+38 -3.4e+38 -3.4e+38 16.0950984954834 16.7466659545898 17.4740009307861 18.0693340301514 18.533332824707 18.8939990997314 19.207332611084 19.5113334655762 20.0699996948242 20.5606670379639 20.8239994049072 21.076000213623 21.2880001068115 21.4506664276123 21.3419990539551 21.3913326263428 21.5193328857422 21.6206665039062 21.4906673431396 21.7686672210693 22.2880001068115 22.5473327636719 22.7439994812012 22.808666229248 22.9200000762939 23.4833335876465 23.7526664733887 24.1986675262451 24.5846672058105 24.7220001220703
-3.4e+38 -3.4e+38 -3.4e+38 -3.4e+38 -3.4e+38 -3.4e+38 -3.4e+38 -3.4e+38 -3.4e+38 -3.4e+38 -3.4e+38 -3.4e+38 -3.4e+38 -3.4e+38 -3.4e+38 -3.4e+38 -3.4e+38 -3.4e+38 -3.4e+38 16.2537040710449 16.5920009613037 17.076000213623 17.6240005493164 18.4353332519531 19 19.3400001525879 19.6793327331543 19.966667175293 20.5753326416016 20.9173336029053 21.1346664428711 21.2626667022705 21.4246673583984 21.4659996032715 21.3460006713867 21.4433326721191 21.492000579834 21.4446659088135 21.4193325042725 22.0240001678467 22.3866672515869 22.6113338470459 22.7486667633057 22.6606674194336 23.1966667175293 23.6166667938232 23.8799991607666 24.3293342590332 24.7586669921875
-3.4e+38 -3.4e+38 -3.4e+38 -3.4e+38 -3.4e+38 -3.4e+38 -3.4e+38 -3.4e+38 -3.4e+38 -3.4e+38 -3.4e+38 -3.4e+38 -3.4e+38 -3.4e+38 -3.4e+38 -3.4e+38 -3.4e+38 -3.4e+38 -3.4e+38 16.2159080505371 16.5086669921875 16.7600002288818 17.1513328552246 17.7113342285156 18.4946670532227 19.0026664733887 19.3826675415039 19.7239990234375 20.2066669464111 20.7240009307861 21.0880012512207 21.240665435791 21.4033336639404 21.4313335418701 21.4020004272461 21.4093322753906 21.3613338470459 21.4333343505859 21.3866672515869 21.4466667175293 21.992000579834 22.3946666717529 22.7573337554932 23.0893325805664 23.3633346557617 23.3493328094482 23.6306667327881 24.0326671600342 24.5920009613037
-3.4e+38 -3.4e+38 -3.4e+38 -3.4e+38 -3.4e+38 -3.4e+38 -3.4e+38 -3.4e+38 -3.4e+38 -3.4e+38 -3.4e+38 -3.4e+38 -3.4e+38 -3.4e+38 -3.4e+38 -3.4e+38 -3.4e+38 -3.4e+38 -3.4e+38 16.1050720214844 16.2779998779297 16.7266674041748 17.318000793457 17.753999710083 18.0593338012695 18.7133331298828 18.9500007629395 19.3753337860107 19.8486671447754 20.1573333740234 20.6786670684814 20.8353328704834 21.0886669158936 21.2840003967285 21.2313327789307 21.4306659698486 21.441333770752 21.3386669158936 21.3746662139893 21.3693332672119 21.6140003204346 22.156665802002 22.5146675109863 23.0053329467773 23.2733325958252 23.3533344268799 23.515998840332 23.9440002441406 24.4699993133545
-3.4e+38 -3.4e+38 -3.4e+38 -3.4e+38 -3.4e+38 -3.4e+38 -3.4e+38 -3.4e+38 -3.4e+38 -3.4e+38 -3.4e+38 -3.4e+38 -3.4e+38 -3.4e+38 -3.4e+38 -3.4e+38 -3.4e+38 -3.4e+38 -3.4e+38 16.033332824707 16.1805553436279 16.695333480835 17.3533325195312 17.8519992828369 18.1833324432373 18.5219993591309 18.9906673431396 19.2180004119873 19.4879989624023 19.8339996337891 20.1159992218018 20.3339996337891 20.496000289917 20.7199993133545 21.1173324584961 21.1093330383301 21.3346672058105 21.4099998474121 21.2700004577637 21.2513332366943 21.4513339996338 21.8506660461426 22.1520004272461 22.6053333282471 22.8053340911865 22.9540004730225 23.1380004882812 23.5746669769287 24.050666809082
-3.4e+38 -3.4e+38 -3.4e+38 -3.4e+38 -3.4e+38 -3.4e+38 -3.4e+38 -3.4e+38 -3.4e+38 -3.4e+38 -3.4e+38 -3.4e+38 -3.4e+38 -3.4e+38 -3.4e+38 -3.4e+38 -3.4e+38 -3.4e+38 -3.4e+38 -3.4e+38 16.088888168335 16.3819999694824 16.9653339385986 17.7173328399658 18.1506671905518 18.482666015625 18.6879997253418 19.0086669921875 19.1786670684814 19.3740005493164 19.4566669464111 19.423999786377 19.8373336791992 20.3099994659424 20.6766662597656 20.8346672058105 20.9646663665771 21.224666595459 21.2746658325195 21.3606662750244 21.2186660766602 21.4179992675781 21.6433334350586 22.0259990692139 22.1593322753906 22.3806667327881 22.6300010681152 22.9939994812012 23.6399993896484
-3.4e+38 -3.4e+38 -3.4e+38 -3.4e+38 -3.4e+38 -3.4e+38 -3.4e+38 -3.4e+38 -3.4e+38 -3.4e+38 -3.4e+38 -3.4e+38 -3.4e+38 -3.4e+38 -3.4e+38 -3.4e+38 -3.4e+38 -3.4e+38 -3.4e+38 -3.4e+38 15.8500003814697 15.9690475463867 16.5007572174072 17.3226661682129 17.9393329620361 18.2726669311523 18.5313339233398 18.699333190918 18.8386669158936 18.9659996032715 19 19.1040000915527 19.1493339538574 19.6580009460449 19.9966659545898 20.0739994049072 20.4193344116211 20.8793334960938 21.3326663970947 21.4519996643066 21.2393341064453 21.1226654052734 21.1666660308838 21.4939994812012 21.6573333740234 21.9599990844727 22.1906661987305 22.6046657562256 23.2866668701172
-3.4e+38 -3.4e+38 -3.4e+38 -3.4e+38 -3.4e+38 -3.4e+38 -3.4e+38 -3.4e+38 -3.4e+38 -3.4e+38 -3.4e+38 -3.4e+38 -3.4e+38 -3.4e+38 -3.4e+38 -3.4e+38 -3.4e+38 -3.4e+38 -3.4e+38 -3.4e+38 -3.4e+38 -3.4e+38 16.404167175293 16.7969703674316 17.5026664733887 17.9633331298828 18.25 18.3566665649414 18.5340003967285 18.5513324737549 18.3479995727539 18.5799999237061 18.7439994812012 19.1059989929199 19.4973335266113 19.5559997558594 19.8426666259766 20.4166660308838 21.1073341369629 21.3706665039062 21.2986660003662 21.1633338928223 21.1359996795654 21.3186664581299 21.6040000915527 21.7586669921875 21.9080009460449 22.4386672973633 23.1140003204346
-3.4e+38 -3.4e+38 -3.4e+38 -3.4e+38 -3.4e+38 -3.4e+38 -3.4e+38 -3.4e+38 -3.4e+38 -3.4e+38 -3.4e+38 -3.4e+38 -3.4e+38 -3.4e+38 -3.4e+38 -3.4e+38 -3.4e+38 -3.4e+38 -3.4e+38 -3.4e+38 -3.4e+38 -3.4e+38 -3.4e+38 16.4099998474121 16.8628787994385 17.4166660308838 17.7586669921875 17.9500007629395 18.1079998016357 18.0139999389648 18.0580005645752 18.0053329467773 18.1533336639404 18.5233325958252 18.8953323364258 19.242000579834 19.304666519165 19.775333404541 20.6100006103516 21.1520004272461 21.0613327026367 21.1446666717529 21.2553329467773 21.3579998016357 21.6366672515869 21.771333694458 21.8400001525879 22.3713340759277 23.1313323974609
-3.4e+38 -3.4e+38 -3.4e+38 -3.4e+38 -3.4e+38 -3.4e+38 -3.4e+38 -3.4e+38 -3.4e+38 -3.4e+38 -3.4e+38 -3.4e+38 -3.4e+38 -3.4e+38 -3.4e+38 -3.4e+38 -3.4e+38 -3.4e+38 -3.4e+38 -3.4e+38 -3.4e+38 -3.4e+38 -3.4e+38 -3.4e+38 16.4333343505859 16.8177089691162 17.2055549621582 17.6806659698486 17.8674240112305 17.7706661224365 17.7895832061768 17.5190467834473 17.4360008239746 17.9039993286133 18.4086666107178 18.6653327941895 19.2259998321533 19.4686660766602 19.970666885376 20.5100002288818 20.6020011901855 20.7840003967285 21.0126667022705 21.2853336334229 21.53733253479 21.757999420166 21.8813323974609 22.1926670074463 22.6760005950928
-3.4e+38 -3.4e+38 -3.4e+38 -3.4e+38 -3.4e+38 -3.4e+38 -3.4e+38 -3.4e+38 -3.4e+38 -3.4e+38 -3.4e+38 -3.4e+38 -3.4e+38 -3.4e+38 -3.4e+38 -3.4e+38 -3.4e+38 -3.4e+38 -3.4e+38 -3.4e+38 -3.4e+38 -3.4e+38 -3.4e+38 -3.4e+38 -3.4e+38 -3.4e+38 16.9166660308838 17.2533340454102 17.5833320617676 -3.4e+38 -3.4e+38 16.9166660308838 16.7799987792969 17.3806667327881 18.0866661071777 18.2226676940918 18.5613327026367 19.0879993438721 19.2706661224365 19.8786659240723 20.1746673583984 20.5693340301514 20.8619995117188 21.0486660003662 21.32200050354 21.6153335571289 21.6226654052734 21.8159999847412 22.8146667480469
-3.4e+38 -3.4e+38 -3.4e+38 -3.4e+38 -3.4e+38 -3.4e+38 -3.4e+38 -3.4e+38 -3.4e+38 -3.4e+38 -3.4e+38 -3.4e+38 -3.4e+38 -3.4e+38 -3.4e+38 -3.4e+38 -3.4e+38 -3.4e+38 -3.4e+38 -3.4e+38 -3.4e+38 -3.4e+38 -3.4e+38 -3.4e+38 -3.4e+38 -3.4e+38 -3.4e+38 -3.4e+38 -3.4e+38 -3.4e+38 -3.4e+38 -3.4e+38 16.3208332061768 16.8118057250977 17.4773330688477 17.7159996032715 17.9606666564941 18.4273338317871 18.8793334960938 19.3633327484131 19.9899997711182 20.4193325042725 20.7253341674805 20.9726657867432 21.1366672515869 21.5459995269775 21.5773334503174 21.6213340759277 22.1433334350586
-3.4e+38 -3.4e+38 -3.4e+38 -3.4e+38 -3.4e+38 -3.4e+38 -3.4e+38 -3.4e+38 -3.4e+38 -3.4e+38 -3.4e+38 -3.4e+38 -3.4e+38 -3.4e+38 -3.4e+38 -3.4e+38 -3.4e+38 -3.4e+38 -3.4e+38 -3.4e+38 -3.4e+38 -3.4e+38 -3.4e+38 -3.4e+38 -3.4e+38 -3.4e+38 -3.4e+38 -3.4e+38 -3.4e+38 -3.4e+38 -3.4e+38 -3.4e+38 -3.4e+38 16.5743579864502 16.9153327941895 17.2733325958252 17.6426677703857 18.1180000305176 18.7240009307861 19.1673336029053 19.4213333129883 19.8313331604004 20.3719997406006 20.7906665802002 21.0319995880127 21.3633327484131 21.57200050354 21.6966667175293 22.1840000152588
