model/data/bioclim/bclim9.asc
NCOLS 300 
NROWS 300 
XLLCORNER -125.25 
YLLCORNER 30.75 
CELLSIZE 0.0416666666666667 
NODATA_value -3.4e+38 
[rows 110 to 131 of 300, columns 196 to 244 of 300]
3.12533354759216 2.01600027084351 5.78533315658569 1.44666659832001 1.71533334255219 2.29200005531311 2.47399997711182 2.30666661262512 2.32666659355164 2.27000021934509 2.00066661834717 1.77466678619385 -1.17933320999146 -1.13133347034454 -1.29266667366028 -1.3566666841507 -1.38666677474976 1.6026668548584 1.71466660499573 1.5699999332428 -0.649333238601685 -0.0953332558274269 -0.15666651725769 -0.282000154256821 -0.352666467428207 -0.43266686797142 -0.445333391427994 -0.561333358287811 -0.629999935626984 -0.360666662454605 0.0806665420532227 0.609999895095825 0.709333419799805 0.63866662979126 0.340000152587891 0.0553333759307861 -0.00466680526733398 -0.927999913692474 -0.0573332719504833 -0.638000071048737 -0.772000014781952 -0.640000224113464 -0.66733330488205 -0.109333358705044 -0.744000017642975 -0.618666648864746 -0.55400013923645 -0.346000194549561 -0.0993332862854004
2.67133331298828 2.08799982070923 2.25666666030884 2.41866660118103 2.47066688537598 2.4466667175293 2.28333306312561 2.14133334159851 2.15599989891052 1.98266661167145 2.10800004005432 -0.829999983310699 -1.02199995517731 -1.21200013160706 -1.23199999332428 -1.1673332452774 2.48733353614807 -0.751999914646149 2.73666644096375 2.65666675567627 0.113333225250244 0.191999837756157 0.0140001773834229 0.01866658590734 -0.134666681289673 -0.348666816949844 -0.516000032424927 -0.711333453655243 -0.687999904155731 -0.517333269119263 -0.0793333873152733 0.430666595697403 0.501333177089691 0.241999790072441 -0.0999999865889549 -0.190666750073433 -0.197333171963692 -0.110666669905186 -0.413333207368851 -0.997999966144562 -1.08266663551331 -0.797333419322968 -0.54066675901413 0.0173331890255213 -0.717333376407623 -0.438000112771988 -0.307333320379257 -0.231333181262016 -0.133333280682564
2.5566668510437 2.3199999332428 2.63333320617676 2.88333344459534 2.82866668701172 2.57800006866455 2.32200002670288 2.19133329391479 2.06866669654846 1.76199996471405 -1.00333333015442 3.19400000572205 2.97800016403198 2.73533344268799 3.04400014877319 -0.79666656255722 2.83066654205322 -0.302666664123535 0.174666717648506 0.472666829824448 0.444666713476181 0.234000042080879 0.023333391174674 -0.137333318591118 -0.256666570901871 -0.0753334388136864 0.13266658782959 -0.0219999942928553 -0.0840000286698341 0.0293335113674402 0.304666757583618 0.327333360910416 -0.0493332557380199 -0.495333403348923 -0.725333273410797 -0.660666644573212 -0.61866682767868 -0.244666859507561 -0.829333364963531 -1.25866651535034 -1.07266652584076 -0.911999881267548 -0.723999917507172 -0.161333322525024 -0.389999955892563 -0.157999992370605 -0.121333442628384 -0.150666475296021 -0.116666555404663
2.55733346939087 2.60800004005432 2.98466658592224 3.24066662788391 3.12999987602234 2.87533330917358 2.48666667938232 2.0860002040863 1.79466664791107 2.2260000705719 -0.566666603088379 -0.300000041723251 -0.489999920129776 -0.87199991941452 -1.04733324050903 2.77999997138977 -0.754000008106232 0.0393333435058594 0.474666684865952 0.446666568517685 0.321999937295914 0.140000104904175 -0.0753334388136864 -0.0700000151991844 -0.228666707873344 -0.14866678416729 0.168666526675224 0.290000110864639 0.353999942541122 0.58266669511795 0.582000076770782 0.218666553497314 -0.489333361387253 -0.748666703701019 -0.780000030994415 -0.784000039100647 -0.71533340215683 -0.212666794657707 -0.560000002384186 -1.12666654586792 2.40399980545044 -0.510666608810425 -0.138666704297066 0.398000001907349 0.787333428859711 -0.0179999675601721 -0.0606666393578053 -0.0613335780799389 -0.0139999389648438
2.83533334732056 -0.58133339881897 3.37466669082642 3.34666681289673 3.06733322143555 2.72533345222473 2.59133362770081 2.13866662979126 2.38133335113525 -0.676000118255615 -0.317999988794327 -0.176000118255615 3.32266664505005 2.84333324432373 2.55400013923645 2.37933325767517 2.75066661834717 -0.0226666126400232 0.187999963760376 0.19466669857502 0.128000020980835 0.138000085949898 0.191333457827568 0.0973332747817039 -0.197999954223633 -0.116000093519688 0.284666538238525 0.53466659784317 0.558000147342682 0.803333461284637 0.601999938488007 0.0753333568572998 -0.685333073139191 -0.903999865055084 -0.880000054836273 -0.683333396911621 -0.363999873399734 0.116000093519688 -0.206666633486748 2.39666676521301 -0.872666656970978 -0.233999967575073 0.455333232879639 0.789999961853027 0.765333414077759 -0.113333307206631 -0.106000103056431 -0.0420002937316895 -0.0353333167731762
3.56599998474121 -0.00600004196166992 0.0173332691192627 3.31200003623962 2.64266681671143 2.38466668128967 2.31933331489563 2.21133327484131 2.17000007629395 2.8919997215271 -0.264666706323624 3.80666661262512 -0.294666677713394 -0.755333364009857 2.54466676712036 2.53400015830994 -0.693333208560944 -0.120000123977661 -0.0160001125186682 -0.0520001240074635 -0.00599996233358979 0.128666713833809 0.0580000095069408 -0.0226666927337646 -0.141333267092705 -0.12533338367939 0.0333333015441895 0.293333441019058 0.66400009393692 0.86866682767868 0.418666511774063 -0.101999916136265 -0.736666619777679 -0.964666545391083 -0.830000102519989 -0.487333178520203 -0.048666637390852 0.221999958157539 -0.17666657269001 -0.78466671705246 2.56133317947388 -0.14866678416729 0.624000012874603 -0.133333370089531 0.797333300113678 -0.0840002670884132 -0.0680001601576805 -0.000666697800625116 0.00200001406483352
0.383999913930893 0.381333351135254 4.03999996185303 3.49533319473267 2.64333343505859 1.99666666984558 1.85933327674866 1.7260000705719 1.88066673278809 2.86333322525024 3.56666684150696 -0.0586667843163013 -0.0533333607017994 -0.414666652679443 2.58200001716614 2.57666659355164 -0.633333444595337 -0.0946667194366455 0.00800005625933409 0.0639999732375145 0.115333318710327 0.0993332862854004 -0.0519999675452709 -0.0693333148956299 -0.093333400785923 -0.29599991440773 -0.326666682958603 0.355333417654037 0.85399979352951 0.613999903202057 0.137999936938286 -0.197333261370659 -0.551333487033844 -0.719999969005585 -0.637333273887634 -0.240000128746033 0.0460001230239868 -0.162666633725166 9.50333309173584 -0.551333248615265 -0.136666610836983 0.428666740655899 0.712666690349579 0.758000075817108 -0.0886669158935547 -0.098666749894619 -0.0819999352097511 0.0459998436272144 0.0279999580234289
4.30599975585938 4.29666662216187 4.21866703033447 3.91600012779236 3.18733310699463 2.43399977684021 1.7093334197998 1.55133318901062 2.10666680335999 2.92600011825562 3.70266675949097 0.0566666126251221 0.0906665325164795 3.59933352470398 2.62266683578491 2.42533326148987 -0.69266676902771 -0.0779999867081642 0.251999855041504 0.302666813135147 0.266666740179062 0.368666559457779 0.300666660070419 4.08133316040039 -0.170666620135307 -0.0666666030883789 -0.0646666660904884 0.366000026464462 0.703999817371368 0.293333202600479 -0.00133323669433594 -0.188000127673149 -0.329333394765854 -0.441333323717117 -0.227333351969719 0.148666545748711 0.0706667080521584 8.20199966430664 7.5406665802002 -0.341333389282227 0.330000013113022 0.76200008392334 0.809333264827728 0.732666730880737 -0.116000093519688 0.740666627883911 0.798000037670135 0.829333364963531 0.0746667385101318
4.33666658401489 4.32200002670288 4.23799991607666 3.96666669845581 3.46933317184448 3.13533329963684 2.74999976158142 2.628666639328 3.23733329772949 3.63400030136108 4.14799976348877 4.18533325195312 4.19533348083496 3.84066653251648 2.92133331298828 2.7759997844696 3.30399990081787 0.104666627943516 0.301333427429199 0.164000108838081 0.101333223283291 0.233333349227905 0.357333332300186 4.13466644287109 0.048666637390852 0.347333282232285 0.490666627883911 0.490666627883911 0.494000196456909 0.192666530609131 0.0706666335463524 -0.0173332691192627 -0.114666618406773 -0.00733335828408599 0.220000028610229 0.369333416223526 3.83200001716614 6.38600015640259 12.4206666946411 0.258666753768921 0.842666625976562 13.0673332214355 0.930666625499725 13.4860000610352 0.750000059604645 0.843333184719086 1.04333341121674 13.716667175293 13.2620000839233
4.46600008010864 4.32866668701172 4.09666681289673 3.61266660690308 3.24533319473267 3.27600002288818 3.42133355140686 3.58466672897339 3.97000002861023 4.22733354568481 4.45733308792114 4.2819995880127 0.388000160455704 0.258000046014786 -0.0893332958221436 3.29999995231628 0.0346666984260082 0.316666692495346 0.205999851226807 -0.0286667346954346 -0.120666742324829 -0.140666723251343 0.11133337020874 0.304666668176651 0.412666887044907 0.608000040054321 0.698666572570801 0.532666683197021 0.373333305120468 0.229333236813545 0.219999864697456 0.257999986410141 0.187333345413208 0.153333261609077 0.0266666412353516 0.0206667575985193 9.73400020599365 6.3439998626709 9.3120002746582 0.938666760921478 1.2039999961853 1.15666675567627 13.4713335037231 1.08866667747498 14.0600004196167 0.912666797637939 0.373333305120468 13.3993330001831 13.0480003356934
4.70666646957397 4.3953332901001 3.93866682052612 3.3493332862854 3.11400008201599 3.38866662979126 3.64066648483276 3.57466673851013 3.89533352851868 4.13666677474976 4.36666631698608 4.27466678619385 0.275333404541016 0.374666601419449 0.256666660308838 3.57066655158997 0.106666721403599 0.339333444833755 0.136000081896782 0.0166668090969324 -0.0806665420532227 -0.17066653072834 0.0186668243259192 0.398666530847549 0.606000125408173 0.628000020980835 0.497333437204361 0.386666774749756 5.20666646957397 0.348000049591064 0.338666677474976 0.302666753530502 0.199333429336548 11.485333442688 3.15399980545044 3.14600014686584 8.4806661605835 8.59133338928223 0.331333309412003 13.065333366394 1.09466660022736 13.7220001220703 12.8539991378784 13.4306669235229 1.06199991703033 0.976000010967255 1.21933305263519 13.695333480835 13.3833332061768
4.91400003433228 4.5513334274292 4.10666656494141 3.56533336639404 3.71000003814697 3.74066662788391 4.07333326339722 3.89199995994568 3.94133329391479 4.22266674041748 4.31533336639404 4.25600004196167 0.17666657269001 0.334000021219254 4.12266635894775 3.69800019264221 4.00133323669434 0.246000051498413 0.0813333168625832 0.0286667346954346 4.43133354187012 -0.0880001410841942 0.110000133514404 0.512666702270508 0.611999809741974 0.322000026702881 0.225333288311958 5.04666709899902 0.399333238601685 5.19399976730347 0.294666767120361 -0.108666740357876 11.1473331451416 8.46199989318848 2.44799995422363 8.76533317565918 8.87733268737793 3.93066668510437 12.5780000686646 13.5473327636719 13.8559999465942 13.6759996414185 13.7600002288818 13.8333330154419 13.9359998703003 13.8459997177124 1.24400007724762 1.50200009346008 13.4320001602173
5.17333316802979 5.13666677474976 4.84800004959106 4.43733310699463 4.16733312606812 4.4453330039978 4.60666656494141 4.21533346176147 4.11533355712891 4.34866666793823 4.3546667098999 4.24133348464966 0.231333330273628 4.20666646957397 4.01133346557617 3.53399991989136 3.65733361244202 4.32133340835571 4.4486665725708 0.0140000181272626 4.28266668319702 4.05266666412354 4.31799983978271 4.83800029754639 5.06466674804688 5.00400018692017 5.02799987792969 0.441999912261963 0.434666633605957 4.760666847229 4.10199975967407 9.55066680908203 9.10400009155273 7.09666681289673 2.89599990844727 10.4046669006348 10.8446664810181 12.456000328064 1.05599987506866 0.946666657924652 1.12666666507721 13.3586673736572 13.9519996643066 14.1626663208008 13.3726663589478 12.9300003051758 13.3299999237061 14.0373334884644 14.2333326339722
5.15133333206177 5.25933313369751 5.27199983596802 4.95266675949097 4.56666660308838 4.69999980926514 4.79066705703735 4.43666648864746 4.18599987030029 4.37133359909058 4.41466665267944 4.28466653823853 4.32600021362305 4.26466655731201 3.80533337593079 3.21066641807556 3.42866683006287 4.11333322525024 4.36533355712891 4.3973331451416 4.06400012969971 3.80999994277954 4.21866655349731 4.88866662979126 5.10400009155273 0.328666776418686 5.06666660308838 4.99733352661133 13.0406665802002 12.4946670532227 10.8406667709351 8.45133304595947 6.80533313751221 8.48600006103516 10.510666847229 11.1206665039062 12.5053329467773 13.4053335189819 13.8553333282471 14.1319999694824 13.9873332977295 13.456000328064 1.58133339881897 1.62066662311554 13.9626665115356 13.0166664123535 12.5159997940063 13.1420001983643 13.7773332595825
5.15799999237061 5.10133361816406 5.16066694259644 5.09266662597656 4.74533319473267 4.83533334732056 4.85733318328857 4.60333299636841 4.42266654968262 4.57333326339722 4.56666660308838 4.43866682052612 4.42000007629395 3.99599981307983 3.378666639328 3.06599998474121 10.8099994659424 4.09066677093506 4.25066661834717 4.25999975204468 3.96866655349731 3.77133321762085 4.11600017547607 4.82200002670288 0.540666580200195 0.392000108957291 0.595333337783813 5.03800010681152 12.8333330154419 11.4653329849243 9.83466625213623 7.96533346176147 8.260666847229 10.7666664123535 12.0986671447754 12.7526664733887 13.5126667022705 13.9353332519531 14.1300001144409 14.2473335266113 13.9479999542236 1.58666658401489 1.38066649436951 1.37600004673004 14.2253332138062 13.8240003585815 12.8473329544067 11.0646667480469 12.1926670074463
5.13600015640259 5.04666709899902 4.97733354568481 4.97000026702881 4.89266681671143 4.86733341217041 4.88800001144409 4.83799982070923 4.8600001335144 4.88800001144409 4.73466682434082 4.47466659545898 4.11999988555908 3.35799980163574 2.26133346557617 8.48000049591064 3.35666656494141 4.05866670608521 4.13066673278809 4.15866708755493 4.02066659927368 3.53400015830994 3.82266664505005 4.6613335609436 0.495333284139633 0.39466667175293 5.23466682434082 5.11933326721191 12.4373331069946 10.6533336639404 10.3553333282471 8.83466720581055 10.1240005493164 11.543999671936 12.5059995651245 13.2693328857422 13.7119998931885 14.0453329086304 14.2466669082642 14.3026666641235 14.1780004501343 14.0553331375122 1.32933342456818 14.3586673736572 14.3400001525879 13.989333152771 12.9720001220703 10.9566669464111 10.8733329772949
5.1453332901001 5.02933311462402 4.88199996948242 4.85799980163574 4.69066667556763 4.7180004119873 4.79199981689453 4.80266666412354 4.83866691589355 4.80866718292236 4.63133335113525 4.27133321762085 3.73600006103516 3.04999995231628 8.3439998626709 8.05266666412354 3.2586669921875 3.84000015258789 3.94533348083496 3.97466659545898 3.89866662025452 10.9566669464111 11.7379999160767 4.5959997177124 0.230666637420654 0.0399999618530273 5.11199998855591 14.1319999694824 12.1973333358765 10.5319995880127 11.3713340759277 11.6180000305176 12.3626670837402 12.6193332672119 12.9619998931885 13.224666595459 13.7259998321533 14.0386667251587 14.1579999923706 14.0040006637573 13.8699998855591 14.3873329162598 14.4026670455933 14.4573335647583 14.4293336868286 13.9140005111694 12.9060001373291 11.061333656311 10.783332824707
5.1026668548584 4.97000026702881 4.82333326339722 4.82866668701172 4.82800006866455 4.93266677856445 4.88133335113525 4.81533336639404 4.83266639709473 4.7979998588562 4.69999980926514 4.33333349227905 3.63800001144409 9.13733291625977 8.85733318328857 7.87066698074341 9.84666728973389 3.39800000190735 3.75400018692017 12.7013330459595 12.4593334197998 11.6259994506836 11.2173337936401 4.44799995422363 4.93133354187012 15.2846670150757 5.23133325576782 13.8199996948242 11.5766668319702 11.6260004043579 12.8086671829224 13.5533332824707 13.7706670761108 13.699333190918 12.9659996032715 11.4826669692993 13.2620000839233 13.8213329315186 13.6226663589478 12.9833335876465 13.1599998474121 14.4266672134399 14.4226665496826 14.5226669311523 14.4793329238892 13.8386669158936 12.9833335876465 12.9126663208008 12.3159999847412
0.737999975681305 4.67466688156128 4.84000015258789 4.87000036239624 4.96266651153564 4.95000028610229 4.79133367538452 4.76600027084351 4.82066631317139 4.86133337020874 4.88533306121826 4.71333360671997 4.23333311080933 3.79999971389771 3.43799996376038 9.67199993133545 9.21399974822998 3.17066669464111 3.63666677474976 3.80266666412354 3.97599983215332 12.2280006408691 10.6586666107178 12.4953336715698 14.7880001068115 15.2119998931885 14.7880001068115 13.503999710083 12.3473329544067 13.1440000534058 14.0040006637573 14.3746671676636 14.4133329391479 14.1773338317871 13.0239992141724 10.2333335876465 12.7419996261597 13.4300003051758 12.966667175293 11.5539999008179 12.6906671524048 1.34266674518585 1.01733314990997 1.378666639328 14.4720001220703 13.279333114624 12.8253335952759 13.6446666717529 13.9646663665771
0.444000005722046 4.503333568573 4.91200017929077 4.96133327484131 4.97000026702881 4.8973331451416 4.83666658401489 4.84666681289673 4.81799983978271 4.84666681289673 4.95333337783813 4.90000009536743 4.6646671295166 4.42533349990845 4.15533351898193 11.4833335876465 9.94200038909912 10.0346660614014 11.7053327560425 12.5433330535889 13.0113334655762 12.6593332290649 10.6613330841064 12.1700000762939 4.73266649246216 14.8973331451416 14.2626667022705 13.1800003051758 13.5633335113525 14.0813331604004 14.5440006256104 14.7633333206177 14.7333335876465 14.5620002746582 13.7340002059937 11.1280002593994 12.6319999694824 13.0026664733887 12.1920003890991 10.9086666107178 13.2113332748413 14.4086666107178 1.11466681957245 14.3873329162598 14.4300003051758 13.4006671905518 13.2866668701172 14.1933336257935 14.811333656311
4.85533332824707 4.82000017166138 5.06866693496704 4.93733358383179 4.76600027084351 4.74200010299683 4.88933324813843 4.96799993515015 4.91333341598511 4.84600019454956 4.88866662979126 4.89533281326294 4.76733350753784 4.65933322906494 4.57000017166138 4.29133319854736 11.2653331756592 9.6879997253418 10.71399974823 12.326000213623 12.9980001449585 13.2819995880127 12.7040004730225 13.4193334579468 14.3813333511353 14.6326665878296 14.173999786377 13.4246664047241 13.4926662445068 14.2226667404175 14.6880006790161 14.8946666717529 14.9113330841064 14.8626670837402 14.467999458313 11.8646669387817 12.5080003738403 12.1599998474121 12.2366666793823 12.4099998474121 13.7613334655762 14.3886671066284 14.5240001678467 14.3240003585815 14.3973331451416 14.5413331985474 13.8726663589478 14.75 15.4686660766602
5.16866683959961 5.39266681671143 5.32733297348022 4.86066675186157 4.40000009536743 4.39800024032593 4.78399991989136 4.97266674041748 4.98466682434082 4.88466644287109 4.86866664886475 4.87333345413208 4.75866651535034 4.6986665725708 4.69533348083496 4.57600021362305 12.1560001373291 10.4273328781128 9.96666717529297 11.956000328064 12.8866672515869 13.4320001602173 13.7940006256104 14.0826663970947 14.3213329315186 14.3333339691162 13.7626667022705 12.8613328933716 13.466667175293 14.2340002059937 14.7346668243408 14.9133329391479 14.9486665725708 14.8433332443237 14.5046663284302 13.2826662063599 12.4373331069946 11.9079999923706 12.4720001220703 12.684666633606 13.6866664886475 14.1579999923706 14.3466663360596 13.9253330230713 14.2519998550415 14.7633333206177 15.2220001220703 15.6440000534058 15.3773336410522
