model/data/bioclim/bclim17.asc
NCOLS 300 
NROWS 300 
XLLCORNER -125.25 
YLLCORNER 30.75 
CELLSIZE 0.0416666666666667 
NODATA_value -3.4e+38 
[rows 120 to 159 of 300, columns 89 to 177 of 300]
6 6 6 6 7 8 8 8 8 8 8 8 8 8 10 11 11 12 13 14 14 15 18 18 19 19 21 26 28 28 29 30 32 33 34 31 34 40 45 49 51 54 56 56 60 62 61 53 61 66 63 53 50 44 42 41 46 48 56 58 56 52 52 49 43 41 41 44 51 41 40 41 42 42 37 33 31 31 33 34 31 30 30 29 27 28 29 31 31
6 6 6 6 7 7 8 8 8 8 8 8 8 9 9 10 11 11 12 13 13 14 15 16 16 17 21 24 22 22 24 26 28 30 30 33 36 38 44 48 51 51 53 56 58 59 61 58 60 64 58 65 56 44 44 43 45 46 49 50 51 50 45 43 44 41 41 43 47 42 43 39 36 37 37 31 31 31 35 39 32 32 34 30 29 27 27 27 31
6 6 6 6 6 7 7 7 7 8 8 8 8 9 9 10 11 11 13 15 15 13 13 14 15 17 19 19 18 24 26 28 30 31 33 34 37 39 41 43 45 47 49 49 52 58 58 64 63 62 60 53 51 53 48 46 45 46 47 48 45 43 40 40 40 40 40 46 49 45 41 34 33 35 33 32 32 31 30 35 34 32 32 31 29 27 26 26 31
6 6 6 6 6 7 7 7 7 7 7 8 8 8 8 9 10 11 11 15 13 13 13 14 15 15 16 16 18 20 22 26 29 31 33 35 36 37 41 42 42 44 44 47 53 56 55 58 61 62 62 67 65 65 55 52 47 47 45 43 40 40 40 39 39 39 41 44 47 44 36 35 35 34 34 34 36 34 33 38 38 35 30 28 27 24 24 26 31
6 6 6 6 6 6 7 7 7 7 7 7 7 8 8 9 9 10 12 12 13 13 13 12 12 13 14 16 18 22 25 26 28 30 33 34 35 37 38 37 40 42 42 44 48 48 50 53 57 59 62 64 69 65 68 59 48 41 40 39 39 39 40 38 38 40 41 42 42 40 38 37 38 38 36 36 38 37 36 38 43 38 31 27 25 24 24 25 28
6 6 6 6 6 6 6 7 7 7 7 7 7 7 9 9 9 9 11 11 11 12 13 12 12 12 14 15 19 18 22 25 26 27 32 31 32 35 37 35 38 38 39 41 43 46 48 55 50 57 61 57 59 72 62 57 50 39 39 38 39 39 39 39 41 43 42 42 40 41 42 45 46 43 44 41 38 37 36 36 37 34 31 28 26 26 25 25 25
6 6 6 6 6 6 6 6 7 7 7 7 7 7 7 8 9 9 9 11 10 10 11 11 10 12 12 13 14 17 20 20 22 27 31 30 31 32 35 33 34 36 36 38 39 41 45 43 52 58 52 52 62 70 66 68 64 45 38 38 38 38 38 39 44 46 42 40 39 39 39 41 46 47 46 44 41 41 40 37 34 34 37 30 27 26 27 31 25
6 6 6 5 6 6 6 6 6 7 7 7 7 7 7 7 7 8 9 9 11 10 10 10 10 11 12 12 12 14 17 17 22 25 28 27 29 31 32 32 34 32 35 36 35 40 37 38 41 43 51 50 59 69 64 61 51 44 39 37 37 38 39 41 44 45 43 41 38 38 38 40 42 39 37 37 37 49 45 38 35 32 31 31 28 26 26 31 27
5 5 5 5 5 5 6 6 6 6 6 6 7 7 7 7 7 8 8 9 9 9 9 10 10 11 11 12 12 12 14 14 18 19 25 23 24 23 26 29 31 34 35 38 41 40 47 49 54 50 45 48 54 56 59 72 63 44 37 37 41 40 41 43 45 43 41 41 39 39 38 38 33 31 33 40 49 55 49 38 34 31 30 32 29 25 24 28 33
5 5 5 5 5 5 5 5 5 5 5 5 6 6 7 7 7 8 8 8 9 9 9 9 10 11 10 10 10 12 16 18 18 19 16 17 20 25 29 31 31 33 36 38 41 45 45 45 54 51 50 55 54 53 63 68 64 44 39 39 43 43 43 45 48 45 43 40 40 40 39 39 32 31 35 51 69 61 49 39 35 31 29 27 27 24 25 28 39
5 5 6 6 6 5 5 5 5 5 5 5 5 5 6 6 6 8 8 7 8 8 9 9 9 10 10 10 12 12 14 19 22 19 21 21 23 26 28 30 31 32 35 37 41 45 40 44 45 44 53 55 60 63 57 72 73 55 41 41 41 43 43 46 49 49 50 46 45 45 42 37 32 30 35 51 78 63 51 43 35 31 28 26 24 24 30 31 35
6 6 6 6 6 6 5 5 5 5 5 5 5 5 5 5 6 6 6 6 8 8 6 8 9 9 10 10 9 12 12 15 19 21 19 19 21 26 29 31 32 33 35 36 40 42 36 37 36 44 47 51 58 70 65 65 63 52 42 48 43 41 40 41 43 45 49 51 55 50 41 38 34 34 32 42 75 79 58 47 36 31 29 25 25 30 38 40 44
6 6 6 6 6 6 6 5 5 5 5 5 5 5 5 5 5 6 6 6 6 6 6 6 6 8 8 8 9 10 13 12 13 18 19 19 18 22 24 27 30 31 32 31 33 34 33 33 35 39 44 44 55 64 74 64 57 54 58 50 43 38 38 37 36 36 35 37 46 47 42 40 36 32 28 30 46 71 64 52 39 34 29 26 31 35 41 47 47
7 6 6 6 6 6 6 5 5 5 5 5 5 5 5 5 5 5 5 6 6 6 6 6 6 6 7 8 8 9 9 9 12 17 17 17 16 18 20 21 24 23 23 28 32 35 36 36 35 40 53 52 47 57 63 57 64 54 48 48 40 40 38 38 35 35 35 35 37 41 39 40 36 31 27 27 36 53 73 56 45 38 31 26 28 35 43 46 43
7 6 6 6 6 6 6 5 5 5 5 5 5 5 5 5 5 5 5 5 6 6 6 6 6 6 7 7 8 9 9 11 11 13 14 13 15 18 16 17 17 24 28 30 32 34 34 36 37 38 50 59 55 55 52 43 56 52 44 44 46 40 35 35 35 34 33 35 36 37 37 36 36 31 26 26 31 48 80 72 49 42 35 27 25 29 37 37 39
9 7 7 6 6 6 6 5 5 5 5 5 5 5 5 5 5 5 5 5 5 6 6 6 6 6 6 7 7 8 7 9 13 11 11 11 14 14 17 21 23 19 23 26 29 31 35 39 43 45 46 52 50 49 42 36 47 47 38 40 49 47 43 43 35 35 32 32 34 35 35 34 34 29 25 24 30 42 62 81 58 44 38 32 27 25 30 36 38
12 10 8 7 8 6 6 5 5 5 5 5 5 5 5 5 5 5 5 5 5 5 6 6 6 6 6 6 6 7 7 8 10 13 14 16 15 17 17 21 23 21 28 28 27 28 31 35 38 38 38 48 42 37 34 32 31 34 32 41 49 59 60 59 54 46 37 34 34 34 34 34 31 28 24 23 25 38 60 73 62 54 47 40 33 27 26 30 36
13 13 10 10 9 7 6 5 5 5 5 5 5 5 5 5 5 5 5 5 5 5 5 6 6 6 6 6 6 7 7 7 8 11 11 14 16 16 17 17 20 23 26 28 26 26 28 31 32 36 36 38 39 31 29 29 26 31 33 38 42 46 57 65 65 57 59 52 47 34 30 30 27 26 22 21 21 34 44 64 61 54 50 44 39 33 27 27 33
13 14 12 10 10 8 8 6 5 5 5 5 5 5 5 5 5 5 5 5 5 5 5 5 6 6 6 6 6 6 7 7 7 8 8 12 12 12 13 13 15 17 21 23 26 26 27 30 35 36 30 27 28 29 28 25 26 32 39 46 56 51 53 60 65 65 65 50 58 31 25 24 24 22 21 20 20 28 38 48 57 56 50 44 41 37 32 26 27
13 14 10 10 8 8 8 6 5 5 5 5 5 5 5 5 5 5 5 5 5 5 5 4 4 5 6 6 6 6 6 7 7 8 8 11 11 9 11 12 13 15 15 19 24 24 25 26 28 29 27 24 24 26 26 24 25 26 33 47 51 48 51 49 53 57 66 59 60 30 21 20 21 21 19 18 18 23 35 43 54 48 46 42 40 37 33 31 27
10 10 10 10 9 10 8 6 5 5 5 5 4 5 5 5 5 5 5 5 5 4 4 4 4 4 5 5 5 5 5 5 7 7 7 8 9 10 11 10 11 12 15 15 19 20 21 25 26 30 27 23 23 23 21 25 28 26 27 32 34 33 38 51 59 67 71 73 49 29 22 20 19 18 18 16 16 20 32 38 51 47 43 39 35 32 33 30 30
10 10 11 11 8 8 8 6 5 5 5 4 4 4 5 5 5 5 4 4 4 4 4 4 4 4 4 5 5 5 5 5 5 6 7 7 8 9 9 8 8 8 13 12 12 15 18 21 24 24 27 24 21 19 21 23 26 29 25 25 27 31 40 46 58 71 73 58 45 55 27 25 23 18 17 15 16 17 29 37 43 41 36 34 31 32 27 21 21
10 10 11 13 10 8 8 6 5 5 5 4 3 3 3 3 4 4 4 4 4 4 4 4 4 4 4 4 4 5 5 5 5 5 5 7 7 7 8 8 8 9 11 14 16 14 16 18 20 22 24 23 20 19 24 28 36 33 34 30 27 27 41 58 57 66 70 63 67 53 31 28 27 26 23 17 15 15 25 35 37 36 32 27 28 32 23 18 18
10 10 9 8 8 8 6 6 5 5 5 4 3 3 3 3 3 4 4 4 4 4 4 4 4 4 4 4 4 4 4 5 5 5 5 5 6 6 6 6 8 9 9 12 14 16 16 19 16 19 22 22 20 18 28 32 34 31 36 43 43 31 37 49 58 58 54 63 73 56 35 33 39 37 33 22 15 15 20 34 36 34 32 26 31 32 22 18 18
12 9 10 8 8 8 6 6 5 5 5 3 3 3 3 3 3 3 4 4 4 4 4 4 4 4 4 4 4 4 4 4 4 5 5 5 5 5 6 6 8 9 7 10 12 12 12 14 14 16 19 21 17 18 23 23 24 28 33 37 43 38 33 38 35 45 65 65 70 61 44 45 56 47 43 25 15 15 16 25 32 36 35 35 38 34 31 21 17
10 8 10 8 8 8 8 6 6 5 5 3 3 3 3 3 3 3 3 4 4 4 4 4 4 4 4 4 4 4 4 4 4 4 5 5 5 5 5 6 6 7 7 9 10 10 9 12 12 12 15 16 15 18 18 22 24 30 36 37 40 41 42 47 49 49 49 56 74 65 60 51 63 52 48 31 22 15 15 17 25 31 37 38 38 35 34 25 15
10 8 10 8 8 8 8 8 6 5 5 4 3 3 3 3 3 3 3 3 3 4 4 4 4 4 4 4 4 4 4 4 3 4 4 4 5 5 5 5 6 7 7 7 9 8 10 10 8 10 10 12 15 18 19 21 24 29 34 41 33 32 35 35 45 54 54 62 68 74 73 60 69 58 40 31 23 17 15 15 23 31 34 37 35 35 33 24 16
9 8 10 8 8 5 6 8 6 5 5 3 3 3 3 3 3 3 3 3 3 3 4 4 4 4 4 4 4 4 4 4 3 3 3 3 4 5 5 5 6 6 7 7 7 7 9 8 10 10 15 15 16 19 19 19 23 21 29 36 36 28 33 30 38 50 59 67 70 68 51 65 77 63 52 36 27 23 17 15 25 33 36 37 36 32 30 25 22
7 8 8 8 8 5 7 7 5 5 5 3 3 3 3 3 3 3 3 3 3 3 3 4 4 4 4 4 3 3 3 3 3 3 3 3 3 3 4 5 5 5 6 6 7 7 7 7 10 10 14 15 17 18 16 16 18 18 23 29 31 28 24 33 37 41 50 59 60 62 47 49 54 70 73 46 27 20 17 15 20 35 40 39 39 35 31 28 29
6 7 8 8 6 5 5 5 5 5 5 5 5 3 3 3 3 3 3 3 3 3 3 3 3 4 3 3 3 3 3 3 3 3 3 3 3 3 3 4 5 5 5 6 6 6 7 7 8 10 10 11 12 13 15 14 17 18 18 21 23 22 26 35 41 43 46 55 47 37 44 43 61 67 71 57 28 19 15 14 18 31 39 40 48 36 32 28 27
6 6 5 5 5 7 8 8 8 5 5 5 5 4 3 3 3 3 3 3 3 3 3 3 2 2 3 3 3 3 3 3 3 3 3 3 3 3 3 4 4 5 5 5 6 6 6 7 7 7 8 10 10 10 12 10 14 15 16 23 20 18 28 33 36 28 36 41 43 28 27 43 58 64 59 63 36 20 15 13 17 30 39 47 47 36 27 23 23
6 5 5 5 5 5 8 8 8 6 5 5 4 4 3 3 3 3 3 3 3 3 2 2 2 2 2 2 3 3 3 3 3 3 3 3 3 3 3 4 4 4 4 4 6 6 6 7 7 7 8 9 8 8 10 10 13 11 15 18 16 18 26 29 28 23 25 23 27 30 38 58 55 55 66 68 42 22 14 12 14 23 32 42 45 36 23 16 16
7 6 5 4 4 5 8 10 10 8 5 5 5 5 4 5 5 3 3 3 3 3 2 2 2 2 2 2 2 3 3 3 3 3 3 3 3 3 3 4 4 4 4 5 5 6 6 6 6 7 8 9 8 9 7 9 10 9 10 12 15 15 17 23 26 19 21 38 45 44 49 55 43 54 54 57 55 32 15 12 13 18 27 35 35 24 16 14 14
6 6 4 4 4 5 7 8 7 10 6 5 6 5 5 5 5 4 3 3 3 3 2 2 2 2 2 2 2 2 3 3 3 3 3 3 3 3 3 4 4 4 4 5 5 5 5 6 6 6 7 8 7 7 7 9 10 10 9 9 9 12 12 12 13 17 25 31 30 42 47 44 32 45 50 62 60 31 18 12 12 14 19 28 34 24 15 12 12
7 6 6 4 5 5 5 8 7 8 8 6 8 8 7 5 5 4 3 3 3 3 2 3 3 2 2 2 2 2 2 3 3 3 3 3 3 3 3 4 4 4 4 4 4 5 5 5 6 6 6 7 7 7 9 9 10 11 12 10 15 15 16 14 14 14 17 16 17 25 27 24 38 54 63 63 60 30 19 14 12 13 14 22 37 35 21 11 10
9 9 7 6 5 5 5 5 7 7 8 8 8 8 8 5 4 4 3 3 3 3 2 2 2 2 2 2 2 2 2 3 3 3 3 3 3 3 3 4 4 3 4 4 4 4 4 5 5 5 5 5 6 7 9 8 9 10 12 13 13 15 18 15 21 18 22 24 22 22 22 30 33 39 49 61 61 34 20 16 13 13 14 17 35 37 25 12 10
8 9 9 8 5 5 5 5 7 7 8 8 8 10 8 4 4 5 5 4 3 3 2 2 2 2 2 2 2 2 2 3 3 3 3 3 3 3 3 3 3 3 4 4 4 4 4 4 4 5 5 6 5 7 8 7 9 9 9 11 13 15 19 19 23 23 25 35 31 25 26 38 55 63 54 64 66 43 23 19 16 13 14 14 28 43 33 21 12
7 9 9 9 8 5 5 5 5 8 8 8 8 10 8 5 4 5 5 5 3 3 3 2 2 2 2 2 2 2 2 2 3 3 3 3 3 3 2 3 3 3 3 4 4 4 4 4 4 4 5 5 5 5 7 7 7 9 9 10 12 12 15 19 21 27 32 35 31 36 38 35 53 72 65 75 75 53 35 20 17 15 14 14 20 36 38 28 16
5 5 7 9 9 8 5 5 6 5 7 8 7 8 6 4 5 5 5 5 3 3 3 2 2 2 2 2 2 2 2 2 2 3 3 3 3 2 2 2 3 3 3 3 3 3 3 4 4 3 4 5 5 5 6 6 7 8 9 9 10 11 13 15 16 21 27 33 42 48 45 52 50 73 60 62 71 77 48 25 20 18 15 14 14 23 41 33 27
5 5 5 6 8 10 8 6 5 8 8 10 10 6 5 4 4 4 4 4 3 3 3 3 2 2 2 2 2 2 2 2 2 3 3 3 3 2 2 2 3 3 3 3 3 3 3 3 3 3 4 4 4 4 5 6 7 8 7 9 9 11 11 12 15 18 20 24 35 46 48 54 61 61 57 53 62 74 67 34 22 19 18 15 14 18 30 36 36
