model/data/bioclim/bclim18.asc
NCOLS 300 
NROWS 300 
XLLCORNER -125.250000000003 
YLLCORNER 30.7499999999996 
CELLSIZE 0.041666666666667 
NODATA_value -32768 
[rows 0 to 41 of 300, columns 0 to 94 of 300]
-32768.000000000000000 -32768 -32768 -32768 -32768 -32768 -32768 -32768 -32768 -32768 -32768 -32768 -32768 -32768 -32768 -32768 -32768 -32768 -32768 -32768 85 85 84 81 79 79 77 76 74 74 75 75 78 82 80 84 85 79 79 81 78 61 57 58 54 56 60 64 65 68 73 78 74 74 77 79 80 81 92 93 92 94 91 95 90 81 81 80 78 78 87 80 79 82 81 87 97 98 87 84 76 69 60 59 65 65 66 63 64 64 60 58 62 70 70
-32768 -32768 -32768 -32768 -32768 -32768 -32768 -32768 -32768 -32768 -32768 -32768 -32768 -32768 -32768 -32768 -32768 -32768 -32768 -32768 84 84 85 79 78 76 77 75 74 71 71 78 80 82 82 82 82 81 81 75 63 60 57 60 57 57 61 64 60 67 77 84 81 81 87 89 92 92 80 82 94 96 95 95 90 88 88 90 79 85 87 91 95 90 82 90 102 101 89 77 68 62 60 59 61 61 61 62 60 60 59 57 59 65 70
-32768 -32768 -32768 -32768 -32768 -32768 -32768 -32768 -32768 -32768 -32768 -32768 -32768 -32768 -32768 -32768 -32768 -32768 -32768 85 84 82 84 81 79 75 77 73 73 71 69 72 72 71 74 76 79 82 75 65 64 59 54 57 53 54 61 60 66 73 77 75 79 72 83 86 91 91 88 89 88 88 87 86 79 79 88 94 86 85 93 97 104 93 79 92 104 95 82 72 64 59 57 57 57 59 62 64 60 57 60 58 57 61 63
-32768 -32768 -32768 -32768 -32768 -32768 -32768 -32768 -32768 -32768 -32768 -32768 -32768 -32768 -32768 -32768 -32768 -32768 -32768 86 86 85 83 81 80 76 74 73 71 72 71 71 74 81 81 78 82 75 69 62 59 57 56 52 52 56 59 67 71 66 67 73 77 82 86 87 86 85 77 76 78 84 77 77 77 77 88 91 90 86 83 89 90 84 83 87 87 79 69 65 61 59 58 57 57 57 59 65 58 57 57 58 57 57 56
-32768 -32768 -32768 -32768 -32768 -32768 -32768 -32768 -32768 -32768 -32768 -32768 -32768 -32768 -32768 -32768 -32768 -32768 -32768 86 86 87 84 83 80 77 74 74 75 74 71 72 74 68 79 81 72 65 65 60 58 59 61 55 54 53 60 64 60 63 66 70 70 74 82 83 83 81 73 72 73 73 74 77 76 83 88 89 89 79 77 83 85 84 93 88 92 77 68 65 61 59 58 57 56 57 56 54 55 55 56 57 61 61 60
-32768 -32768 -32768 -32768 -32768 -32768 -32768 -32768 -32768 -32768 -32768 -32768 -32768 -32768 -32768 -32768 -32768 -32768 -32768 88 88 87 89 85 82 79 75 75 74 72 70 70 68 69 77 78 65 61 65 64 61 61 65 61 62 63 54 53 58 61 63 64 67 74 76 69 69 70 69 74 74 72 74 80 80 79 85 87 76 73 78 83 86 90 90 89 85 75 68 63 61 58 57 57 55 55 53 53 54 54 53 58 63 66 66
-32768 -32768 -32768 -32768 -32768 -32768 -32768 -32768 -32768 -32768 -32768 -32768 -32768 -32768 -32768 -32768 -32768 -32768 91 90 89 90 88 89 82 79 77 76 77 72 70 72 72 66 72 71 65 68 72 67 63 64 65 71 64 53 53 60 57 56 55 63 69 69 64 75 64 65 76 77 69 69 72 79 79 79 82 78 71 73 75 79 86 95 98 93 89 83 75 66 59 58 57 56 55 55 52 52 52 52 54 58 67 68 69
-32768 -32768 -32768 -32768 -32768 -32768 -32768 -32768 -32768 -32768 -32768 -32768 -32768 -32768 -32768 -32768 -32768 -32768 92 92 93 91 89 89 86 81 78 74 78 73 73 74 78 77 71 72 65 65 70 69 69 61 60 55 50 50 51 51 57 57 57 53 55 57 61 61 65 72 65 77 75 74 77 83 86 80 75 72 70 71 75 77 83 96 90 87 89 95 82 66 60 58 56 55 54 53 53 52 53 56 53 59 69 77 75
-32768 -32768 -32768 -32768 -32768 -32768 -32768 -32768 -32768 -32768 -32768 -32768 -32768 -32768 -32768 -32768 -32768 96 94 95 95 94 89 91 86 84 80 78 73 74 77 83 81 83 81 74 71 74 70 64 58 59 60 59 57 60 65 60 60 65 63 65 62 65 68 60 68 73 74 73 77 81 81 85 79 71 70 70 75 78 75 77 82 89 94 93 92 86 78 63 59 56 55 55 53 53 54 53 53 53 53 55 65 69 62
-32768 -32768 -32768 -32768 -32768 -32768 -32768 -32768 -32768 -32768 -32768 -32768 -32768 -32768 -32768 -32768 98 97 95 96 99 97 95 92 86 82 84 80 75 78 83 86 87 81 75 71 70 72 70 63 61 61 63 62 66 67 62 60 64 65 66 66 66 69 69 67 60 62 74 77 76 73 72 75 75 70 68 69 72 76 82 82 88 90 82 84 79 73 69 61 58 56 55 54 53 53 56 54 54 54 53 54 59 60 67
-32768 -32768 -32768 -32768 -32768 -32768 -32768 -32768 -32768 -32768 -32768 -32768 -32768 -32768 -32768 -32768 100 98 96 95 93 92 90 88 85 82 81 86 81 75 83 83 81 77 77 75 70 68 63 61 61 64 61 66 63 63 63 62 59 61 65 63 63 66 70 70 70 67 67 73 72 68 68 69 72 70 66 67 68 76 77 75 83 85 82 71 65 65 65 61 60 56 53 53 53 54 53 57 57 54 53 54 59 66 66
-32768 -32768 -32768 -32768 -32768 -32768 -32768 -32768 -32768 -32768 -32768 -32768 -32768 -32768 -32768 -32768 -32768 98 97 96 95 93 92 92 89 88 88 85 79 83 85 82 79 77 76 76 76 71 67 61 60 59 64 59 57 55 56 55 60 61 68 69 64 70 70 74 73 69 72 70 66 63 65 67 71 68 64 64 65 66 70 79 80 82 78 63 60 58 61 61 60 54 53 53 53 52 53 56 56 54 53 54 58 57 64
-32768 -32768 -32768 -32768 -32768 -32768 -32768 -32768 -32768 -32768 -32768 -32768 -32768 -32768 -32768 -32768 -32768 98 97 97 95 94 92 89 89 90 90 87 80 82 84 80 71 68 71 70 72 74 69 67 67 59 57 57 54 56 59 60 65 68 67 64 67 69 70 68 63 63 66 65 59 65 65 67 64 64 63 63 64 63 65 71 72 81 70 61 57 56 55 54 58 55 57 57 53 52 53 56 58 56 54 54 55 59 59
-32768 -32768 -32768 -32768 -32768 -32768 -32768 -32768 -32768 -32768 -32768 -32768 -32768 -32768 -32768 -32768 -32768 -32768 -32768 97 97 96 94 92 92 88 95 86 82 83 77 70 69 73 68 66 64 69 63 63 62 57 57 56 54 55 57 62 71 65 63 58 60 64 64 63 60 54 62 62 57 61 57 61 66 68 63 63 63 62 62 74 72 76 76 67 57 55 54 55 55 54 53 52 54 55 53 55 58 60 57 56 56 58 58
-32768 -32768 -32768 -32768 -32768 -32768 -32768 -32768 -32768 -32768 -32768 -32768 -32768 -32768 -32768 -32768 -32768 -32768 -32768 -32768 95 95 93 92 89 89 91 85 77 75 77 77 77 81 81 70 62 61 61 58 54 53 52 50 50 53 54 60 59 59 57 58 51 59 63 52 62 56 51 55 59 55 63 64 66 68 63 62 62 63 62 72 83 81 74 62 56 54 53 53 52 51 51 51 51 53 53 53 55 55 57 56 58 55 57
-32768 -32768 -32768 -32768 -32768 -32768 -32768 -32768 -32768 -32768 -32768 -32768 -32768 -32768 -32768 -32768 -32768 -32768 -32768 -32768 95 94 92 89 88 86 87 85 77 80 77 77 83 85 81 75 67 63 69 58 56 60 57 52 53 55 55 61 59 45 45 57 57 49 50 50 58 50 49 55 56 55 58 61 64 64 61 61 59 66 62 69 77 71 67 57 54 54 52 52 51 49 51 48 48 47 50 53 60 59 56 57 55 55 56
-32768 -32768 -32768 -32768 -32768 -32768 -32768 -32768 -32768 -32768 -32768 -32768 -32768 -32768 -32768 -32768 -32768 -32768 -32768 -32768 95 93 93 90 89 89 86 81 77 76 76 84 84 75 75 77 73 67 62 54 53 54 40 38 38 49 51 56 55 40 42 43 45 49 50 47 47 45 48 53 53 56 57 60 60 60 59 60 60 60 66 67 73 70 66 54 54 52 52 50 49 49 54 51 48 47 50 50 50 53 54 55 55 54 55
-32768 -32768 -32768 -32768 -32768 -32768 -32768 -32768 -32768 -32768 -32768 -32768 -32768 -32768 -32768 -32768 -32768 -32768 -32768 -32768 96 95 93 90 88 87 83 83 77 77 74 78 77 72 72 74 73 68 60 56 59 53 38 46 37 49 53 57 55 39 41 53 47 48 45 43 42 43 44 48 54 57 60 60 60 59 59 58 60 60 68 69 70 66 77 61 53 52 51 49 49 52 54 55 48 53 54 47 47 49 49 53 52 52 53
-32768 -32768 -32768 -32768 -32768 -32768 -32768 -32768 -32768 -32768 -32768 -32768 -32768 -32768 -32768 -32768 -32768 -32768 -32768 97 96 95 92 91 88 87 88 83 80 77 76 75 73 70 70 69 74 68 62 62 59 41 38 37 36 37 40 45 46 40 42 44 43 43 41 41 43 42 43 44 46 49 52 56 59 60 60 57 58 58 67 69 68 61 58 53 53 51 49 49 48 51 51 48 54 54 52 47 46 47 49 50 50 52 53
-32768 -32768 -32768 -32768 -32768 -32768 -32768 -32768 -32768 -32768 -32768 -32768 -32768 -32768 -32768 -32768 -32768 -32768 -32768 98 97 96 94 92 89 88 86 87 82 77 76 75 74 70 75 71 70 63 64 67 59 39 37 36 36 36 36 37 43 38 38 40 39 40 40 39 39 41 42 44 49 51 49 52 55 59 59 59 60 63 80 68 63 54 55 54 51 51 49 49 48 51 52 48 51 58 52 50 48 48 48 49 50 51 53
-32768 -32768 -32768 -32768 -32768 -32768 -32768 -32768 -32768 -32768 -32768 -32768 -32768 -32768 -32768 -32768 -32768 -32768 -32768 98 97 95 94 92 92 91 88 87 80 77 76 74 70 68 71 66 65 65 67 61 42 40 38 36 35 35 37 44 41 43 36 43 42 42 41 39 39 40 43 45 49 52 52 52 54 57 60 59 57 59 59 60 58 54 57 57 54 50 49 49 46 46 48 48 49 54 52 52 47 51 54 54 51 51 53
-32768 -32768 -32768 -32768 -32768 -32768 -32768 -32768 -32768 -32768 -32768 -32768 -32768 -32768 -32768 -32768 -32768 -32768 -32768 99 97 96 93 91 90 89 90 84 83 79 76 77 75 72 68 64 66 69 67 43 40 40 38 37 37 35 37 42 45 46 41 44 49 49 46 40 39 40 45 51 53 52 56 54 54 54 56 58 58 57 58 63 57 59 71 68 59 49 51 49 46 46 45 48 48 45 45 51 50 47 50 54 54 56 58
-32768 -32768 -32768 -32768 -32768 -32768 -32768 -32768 -32768 -32768 -32768 -32768 -32768 -32768 -32768 -32768 -32768 -32768 -32768 98 97 96 93 92 89 88 87 84 82 79 76 77 77 77 71 63 65 69 62 41 41 41 43 57 56 39 39 37 37 43 46 48 49 48 45 41 41 41 44 51 55 55 54 58 58 57 60 58 57 56 56 57 56 56 63 67 65 49 49 46 46 44 45 48 47 43 43 45 48 45 45 48 51 57 61
-32768 -32768 -32768 -32768 -32768 -32768 -32768 -32768 -32768 -32768 -32768 -32768 -32768 -32768 -32768 -32768 -32768 -32768 -32768 -32768 97 96 93 92 90 88 85 84 80 79 77 73 72 73 72 67 65 44 43 41 39 39 41 42 58 58 45 36 36 39 42 47 45 45 47 48 46 44 43 47 52 56 58 59 58 61 58 60 57 56 58 57 53 52 52 51 54 49 49 48 46 44 43 47 48 45 43 43 45 45 45 48 49 52 54
-32768 -32768 -32768 -32768 -32768 -32768 -32768 -32768 -32768 -32768 -32768 -32768 -32768 -32768 -32768 -32768 -32768 -32768 -32768 -32768 97 96 93 92 89 87 85 84 81 78 78 75 74 73 75 73 65 45 41 41 41 41 59 59 62 46 40 36 41 39 43 42 41 45 48 50 52 49 47 46 48 50 52 53 55 57 60 58 59 54 57 53 53 55 50 51 49 49 48 46 46 44 43 42 44 48 48 43 44 45 45 48 48 50 52
-32768 -32768 -32768 -32768 -32768 -32768 -32768 -32768 -32768 -32768 -32768 -32768 -32768 -32768 -32768 -32768 -32768 -32768 -32768 -32768 -32768 95 93 92 89 87 86 84 81 80 80 76 74 73 75 67 48 45 41 43 44 44 62 64 64 43 40 39 41 45 48 49 44 45 46 48 55 54 52 51 51 48 48 50 57 57 59 58 56 58 55 53 54 51 51 50 49 49 47 48 46 44 42 43 42 42 43 43 46 45 44 45 46 47 48
-32768 -32768 -32768 -32768 -32768 -32768 -32768 -32768 -32768 -32768 -32768 -32768 -32768 -32768 -32768 -32768 -32768 -32768 -32768 -32768 -32768 94 93 92 89 88 87 84 81 79 77 79 75 75 72 71 66 45 40 41 40 41 43 46 58 57 64 47 44 54 48 46 44 47 46 47 49 51 56 61 53 53 49 48 50 54 54 57 55 54 53 53 52 52 47 51 49 48 47 46 45 44 43 42 41 42 42 46 46 43 44 46 49 48 47
-32768 -32768 -32768 -32768 -32768 -32768 -32768 -32768 -32768 -32768 -32768 -32768 -32768 -32768 -32768 -32768 -32768 -32768 -32768 -32768 -32768 94 93 92 91 88 86 84 82 79 77 76 75 72 70 68 49 43 42 41 41 43 44 60 67 70 74 60 54 54 46 42 46 47 47 48 51 54 56 69 64 61 56 52 50 52 57 54 52 51 52 53 52 52 51 51 49 48 48 46 45 44 43 43 42 42 47 51 48 47 44 47 49 55 53
-32768 -32768 -32768 -32768 -32768 -32768 -32768 -32768 -32768 -32768 -32768 -32768 -32768 -32768 -32768 -32768 -32768 -32768 -32768 -32768 -32768 -32768 92 91 91 88 87 85 84 79 77 76 72 72 71 68 46 45 43 43 61 59 62 58 65 71 65 59 54 46 45 44 48 50 53 59 66 67 64 69 65 59 55 55 54 55 54 56 52 49 51 52 49 49 49 49 48 47 44 46 46 44 43 43 44 43 42 44 44 46 47 44 47 54 47
-32768 -32768 -32768 -32768 -32768 -32768 -32768 -32768 -32768 -32768 -32768 -32768 -32768 -32768 -32768 -32768 -32768 -32768 -32768 -32768 -32768 -32768 -32768 91 90 88 88 86 83 79 78 75 73 72 71 67 47 47 60 62 66 64 71 69 66 67 65 65 63 47 42 45 46 50 57 64 72 70 59 54 53 51 50 51 55 52 51 49 48 48 49 49 49 47 47 47 47 47 47 46 45 45 43 43 43 42 42 42 43 44 44 44 44 46 54
-32768 -32768 -32768 -32768 -32768 -32768 -32768 -32768 -32768 -32768 -32768 -32768 -32768 -32768 -32768 -32768 -32768 -32768 -32768 -32768 -32768 -32768 -32768 -32768 -32768 88 88 84 83 79 78 75 73 71 71 68 65 63 64 62 66 69 63 66 65 64 67 65 57 45 47 51 50 58 58 64 58 57 57 50 52 52 48 48 50 50 48 46 46 46 46 46 47 46 49 48 47 47 47 46 45 45 43 43 42 42 42 42 43 44 44 44 44 44 48
-32768 -32768 -32768 -32768 -32768 -32768 -32768 -32768 -32768 -32768 -32768 -32768 -32768 -32768 -32768 -32768 -32768 -32768 -32768 -32768 -32768 -32768 -32768 -32768 -32768 88 88 86 83 80 78 76 73 70 69 67 65 64 70 67 69 66 45 59 60 46 62 59 61 64 58 62 60 66 71 66 55 49 48 50 52 54 51 46 46 47 46 46 45 46 47 51 51 49 49 47 47 47 47 45 45 45 44 42 42 42 42 43 44 44 44 44 44 44 47
-32768 -32768 -32768 -32768 -32768 -32768 -32768 -32768 -32768 -32768 -32768 -32768 -32768 -32768 -32768 -32768 -32768 -32768 -32768 -32768 -32768 -32768 -32768 -32768 -32768 88 87 86 81 80 79 76 74 71 69 67 66 69 75 75 69 62 45 42 46 56 46 46 49 58 45 46 45 49 56 64 50 46 45 48 45 49 54 49 45 45 45 45 45 46 50 53 54 50 49 47 47 47 46 45 45 48 44 44 43 43 44 45 44 44 44 44 44 44 47
-32768 -32768 -32768 -32768 -32768 -32768 -32768 -32768 -32768 -32768 -32768 -32768 -32768 -32768 -32768 -32768 -32768 -32768 -32768 -32768 -32768 -32768 -32768 -32768 87 86 87 86 82 82 82 77 74 71 69 67 66 69 71 75 65 60 58 44 41 45 41 41 41 40 41 44 42 41 44 43 43 43 43 44 45 44 49 47 45 48 45 45 47 48 50 53 55 54 49 47 47 46 46 46 45 46 46 44 44 45 46 45 46 44 44 44 44 44 44
-32768 -32768 -32768 -32768 -32768 -32768 -32768 -32768 -32768 -32768 -32768 -32768 -32768 -32768 -32768 -32768 -32768 -32768 -32768 -32768 -32768 -32768 -32768 -32768 85 85 87 87 84 81 77 75 73 71 69 70 70 72 68 71 68 68 64 46 41 40 41 43 42 41 42 40 42 40 40 43 42 42 44 48 48 46 47 46 47 47 45 45 45 45 49 51 59 58 54 49 47 46 46 46 48 48 47 45 45 48 46 45 44 44 44 44 44 44 44
-32768 -32768 -32768 -32768 -32768 -32768 -32768 -32768 -32768 -32768 -32768 -32768 -32768 -32768 -32768 -32768 -32768 -32768 -32768 -32768 -32768 -32768 -32768 -32768 84 85 86 85 83 81 78 74 72 71 69 71 69 72 65 68 62 63 58 44 51 41 41 44 46 55 57 51 43 40 44 46 45 48 51 48 45 47 45 46 46 46 45 45 45 45 48 49 52 49 52 49 46 46 46 46 46 46 46 46 46 46 46 46 46 46 46 45 44 44 45
-32768 -32768 -32768 -32768 -32768 -32768 -32768 -32768 -32768 -32768 -32768 -32768 -32768 -32768 -32768 -32768 -32768 -32768 -32768 -32768 -32768 -32768 -32768 -32768 -32768 85 85 85 83 79 79 75 73 71 72 71 67 70 67 62 59 56 55 42 42 42 42 48 47 61 61 57 60 40 41 45 55 51 49 51 50 46 46 46 46 46 45 44 44 45 45 49 59 53 48 50 49 48 46 47 48 46 46 46 47 47 49 49 49 49 46 46 46 45 45
-32768 -32768 -32768 -32768 -32768 -32768 -32768 -32768 -32768 -32768 -32768 -32768 -32768 -32768 -32768 -32768 -32768 -32768 -32768 -32768 -32768 -32768 -32768 -32768 -32768 -32768 84 83 82 77 75 74 74 70 68 67 71 73 70 67 65 57 44 42 44 42 45 64 63 62 56 41 44 45 49 51 46 43 44 53 48 43 45 45 44 43 43 43 43 43 45 50 55 52 49 49 49 49 47 46 47 46 47 50 49 50 52 54 52 52 49 46 46 45 45
-32768 -32768 -32768 -32768 -32768 -32768 -32768 -32768 -32768 -32768 -32768 -32768 -32768 -32768 -32768 -32768 -32768 -32768 -32768 -32768 -32768 -32768 -32768 -32768 -32768 -32768 83 83 81 78 75 73 72 71 68 67 68 73 67 60 61 58 55 53 44 57 44 57 71 63 47 41 45 43 38 38 38 39 43 44 44 48 46 45 44 43 43 43 43 43 45 54 56 51 51 49 49 48 47 47 47 47 49 50 50 53 50 55 51 51 55 49 46 46 45
-32768 -32768 -32768 -32768 -32768 -32768 -32768 -32768 -32768 -32768 -32768 -32768 -32768 -32768 -32768 -32768 -32768 -32768 -32768 -32768 -32768 -32768 -32768 -32768 -32768 -32768 -32768 82 80 79 75 72 71 71 71 67 73 70 63 60 62 55 55 54 56 65 63 58 68 68 57 58 70 51 37 38 37 36 40 40 43 48 53 47 44 43 43 43 43 43 43 45 50 51 52 49 50 50 49 48 48 49 49 47 54 51 58 59 61 59 51 50 48 46 45
-32768 -32768 -32768 -32768 -32768 -32768 -32768 -32768 -32768 -32768 -32768 -32768 -32768 -32768 -32768 -32768 -32768 -32768 -32768 -32768 -32768 -32768 -32768 -32768 -32768 -32768 -32768 81 81 77 76 73 70 69 69 71 70 69 64 60 58 54 58 55 59 70 68 65 67 67 66 74 64 49 39 36 36 36 37 42 45 46 49 45 42 43 43 43 43 43 43 44 47 50 53 53 52 55 53 50 50 53 52 52 53 54 56 58 57 57 51 51 48 45 45
-32768 -32768 -32768 -32768 -32768 -32768 -32768 -32768 -32768 -32768 -32768 -32768 -32768 -32768 -32768 -32768 -32768 -32768 -32768 -32768 -32768 -32768 -32768 -32768 -32768 -32768 -32768 -32768 78 77 76 72 72 69 67 68 67 64 64 59 59 54 55 62 66 68 64 47 58 57 66 67 61 54 45 37 34 36 38 47 50 47 49 45 42 42 43 43 42 43 44 47 48 51 66 60 55 55 60 54 55 50 51 50 56 54 49 51 50 57 52 52 45 45 45
