model/data/bioclim/bclim1.asc
NCOLS 300 
NROWS 300 
XLLCORNER -125.25 
YLLCORNER 30.75 
CELLSIZE 0.0416666666666667 
NODATA_value -3.4e+38 
[rows 242 to 263 of 300, columns 245 to 293 of 300]
21.7786655426025 21.8234996795654 22.2763328552246 22.7656669616699 22.9771671295166 23.2626667022705 23.3966674804688 23.5891666412354 23.8893337249756 23.6723327636719 23.5098323822021 23.3748340606689 23.515832901001 23.5725002288818 23.6111660003662 23.5459995269775 23.3573341369629 23.1443328857422 22.8781661987305 22.3913326263428 21.6808338165283 21.9724998474121 22.3764991760254 22.6056671142578 22.7716674804688 22.925666809082 23.0774993896484 23.1871662139893 23.2438335418701 23.0306663513184 22.9500007629395 22.7798328399658 22.6110000610352 22.8931655883789 23.0044994354248 23.0821666717529 23.0853328704834 23.029167175293 23.0003337860107 23.0725002288818 23.1525001525879 23.1576671600342 23.1853332519531 23.1401672363281 22.9418334960938 23.2940006256104 23.3959999084473 23.503833770752 23.4426670074463
22.8293342590332 22.5513324737549 22.632999420166 22.7796669006348 22.7269992828369 22.8351669311523 23.2606658935547 23.8374996185303 23.9278335571289 23.6748332977295 23.7603340148926 23.8715000152588 23.9808330535889 23.8718338012695 23.9283332824707 23.7428340911865 23.5090007781982 23.1948337554932 22.9733333587646 22.7181663513184 22.2504997253418 21.5888328552246 22.0523338317871 22.4366664886475 22.7628326416016 23.0235004425049 23.1568336486816 23.2146663665771 23.2043342590332 23.1751670837402 23.1258335113525 23.0688343048096 22.954833984375 23.11549949646 23.2261657714844 23.2466659545898 23.2316665649414 23.2196674346924 23.2351665496826 23.1673336029053 23.1536674499512 23.1364994049072 23.1923332214355 23.3061676025391 23.3261661529541 23.3603324890137 23.3503341674805 23.378833770752 23.3621673583984
23.5533332824707 23.4990005493164 23.2910003662109 23.099666595459 22.6378326416016 22.6865005493164 23.3833332061768 23.8683338165283 24.0026664733887 23.9085006713867 24.0281658172607 24.0049991607666 24.1766662597656 24.041166305542 24.0046672821045 23.8636665344238 23.6848335266113 23.3659992218018 23.1023330688477 22.9183330535889 22.7164993286133 22.0778331756592 21.6790008544922 22.1630001068115 22.6009998321533 23.0410003662109 23.3034992218018 23.2978343963623 23.125 23.0928325653076 23.179500579834 23.1928329467773 23.1236667633057 23.1486663818359 23.2133331298828 23.2508335113525 23.30299949646 23.3524990081787 23.4360008239746 23.2530002593994 23.1789989471436 23.1429996490479 23.1721668243408 23.2681674957275 23.283166885376 23.013500213623 23.1923332214355 23.1353340148926 23.2733325958252
23.6358337402344 23.5286674499512 23.3638324737549 23.2708339691162 23.2250003814697 23.0071678161621 23.1333332061768 23.5418338775635 23.8874988555908 24.0196666717529 24.2198333740234 24.1485004425049 24.1636657714844 23.7520008087158 23.7923336029053 23.9606666564941 23.8061676025391 23.4876670837402 23.2061672210693 23.0346660614014 22.9268341064453 22.6446666717529 22.1181659698486 22.1958332061768 22.2143325805664 22.8448333740234 23.3168334960938 23.4036674499512 23.2721672058105 23.1898326873779 23.2276668548584 23.3211669921875 23.2041664123535 23.0631675720215 23.1613330841064 23.1371669769287 23.2716674804688 23.2091674804688 23.3798332214355 23.3473339080811 23.2506675720215 23.2401676177979 23.1434993743896 23.1673336029053 23.2735004425049 23.3610000610352 23.2194995880127 23.2143325805664 23.2859992980957
23.4848327636719 23.4828338623047 23.4531669616699 23.3611660003662 23.2391662597656 23.1529998779297 23.1480007171631 23.2971668243408 23.441499710083 23.8226661682129 24.132999420166 24.0921669006348 24.2518329620361 23.7835006713867 23.7216663360596 23.9761657714844 23.8819999694824 23.6053333282471 23.3798332214355 23.2621669769287 23.1944999694824 23.0623340606689 22.8586673736572 22.7105007171631 22.6230010986328 23.0423336029053 23.2730007171631 23.4013328552246 23.3824996948242 23.2690010070801 23.2566661834717 23.3231658935547 23.3493328094482 23.3028335571289 23.2796669006348 23.3571662902832 23.2016658782959 23.0346660614014 23.2198333740234 23.2068328857422 23.1968326568604 23.1596660614014 23.0625 23.1223335266113 23.2681674957275 23.3365001678467 23.3500003814697 23.4274997711182 23.2803344726562
23.3705005645752 23.3773326873779 23.4703330993652 23.3934993743896 23.1908340454102 23.0501670837402 22.9913330078125 23.1153335571289 23.2346668243408 23.435998916626 23.6149997711182 23.8926658630371 24.1284999847412 24.0573329925537 23.8433322906494 23.8311672210693 23.7891674041748 23.679500579834 23.558666229248 23.470832824707 23.3436660766602 23.126501083374 22.9846668243408 22.9738330841064 22.9838333129883 23.13450050354 23.2718334197998 23.3453330993652 23.357666015625 23.3206672668457 23.3318328857422 23.3309993743896 23.2803325653076 23.2523326873779 23.2013339996338 23.054666519165 22.9173336029053 22.941333770752 22.9300003051758 22.9523334503174 23.0286674499512 23.1056671142578 23.1865005493164 23.2534999847412 23.2766666412354 23.2315006256104 23.2999992370605 23.3438339233398 23.1719989776611
23.4178333282471 23.3325004577637 23.3693332672119 23.3549995422363 23.2708339691162 22.8246669769287 22.8513336181641 23.2150001525879 23.4079990386963 23.6731662750244 23.619499206543 23.6359996795654 24.2263336181641 24.08766746521 23.658166885376 23.5453338623047 23.7001667022705 23.7591667175293 23.7259998321533 23.5861663818359 23.3386669158936 23.1663341522217 23.1456661224365 23.1434993743896 23.1523342132568 23.1925010681152 23.3080005645752 23.3269996643066 23.337833404541 23.3186664581299 23.2784996032715 23.2516670227051 23.2328338623047 23.1789989471436 23.0865001678467 22.9710006713867 22.8495006561279 22.808666229248 22.8993339538574 23.070333480835 23.2018337249756 23.2323341369629 23.2438335418701 23.2434997558594 23.2169990539551 23.1478328704834 23.1876659393311 23.2005004882812 23.1760005950928
23.5243339538574 23.423999786377 23.3508338928223 23.3781661987305 23.5631675720215 23.6561660766602 23.3400001525879 23.4484996795654 23.5603332519531 23.8090000152588 24.0254993438721 24.1919994354248 24.1339988708496 23.8991661071777 23.4699993133545 23.4990005493164 23.7601661682129 23.8365001678467 23.738166809082 23.5270004272461 23.3215007781982 23.2118339538574 23.2406673431396 23.2683334350586 23.2828330993652 23.3091659545898 23.3168334960938 23.2656669616699 23.2336673736572 23.1858329772949 23.0008335113525 22.9409999847412 23.0324993133545 23.0139999389648 22.9993343353271 23.0391674041748 23.0863342285156 23.1006660461426 23.1026668548584 23.1433334350586 23.1666660308838 23.1971664428711 23.2443332672119 23.25 23.1903324127197 23.1056671142578 23.0636672973633 23.0520000457764 23.0583324432373
23.5678329467773 23.517333984375 23.4508323669434 23.4899997711182 23.7016677856445 23.9141674041748 23.8794994354248 23.7999992370605 23.7609996795654 23.8658332824707 23.9518337249756 23.8058338165283 23.6480007171631 23.6401672363281 23.6499996185303 23.6821670532227 23.8698329925537 23.8509998321533 23.5631656646729 23.3916664123535 23.3994998931885 23.1901664733887 23.2531661987305 23.3815002441406 23.3500003814697 23.2585010528564 23.1380004882812 22.9776668548584 22.7948341369629 22.6223335266113 22.4153327941895 22.5166664123535 22.9150009155273 23.1284999847412 23.1916675567627 23.2049999237061 23.2110004425049 23.163667678833 23.0359992980957 23.0526657104492 22.9939994812012 23.0335006713867 23.1604995727539 23.2331676483154 23.1936664581299 23.1215000152588 23.0936660766602 23.1009998321533 23.1105003356934
23.3493328094482 23.4436664581299 23.4776668548584 23.5061664581299 23.6043338775635 23.795166015625 23.8583335876465 23.8111667633057 23.7590007781982 23.6928329467773 23.5391674041748 23.3094997406006 23.1725006103516 23.4995002746582 23.7836666107178 23.7525005340576 23.7856674194336 23.7883338928223 23.6351661682129 23.5706672668457 23.5806674957275 23.6081657409668 23.4090003967285 23.2633323669434 22.9968338012695 22.6348342895508 22.2565002441406 21.9781665802002 21.8658332824707 22.0638332366943 22.4178333282471 22.8901672363281 23.0736675262451 23.1788330078125 23.2338333129883 23.1876659393311 23.1906661987305 23.2021675109863 23.1916675567627 23.125 22.8784999847412 22.8968334197998 23.0974998474121 23.2071666717529 23.2006664276123 23.1341667175293 23.0939998626709 23.0906658172607 23.1178340911865
23.2281665802002 23.2889995574951 23.4020004272461 23.4098339080811 23.4093341827393 23.4955005645752 23.591833114624 23.5768337249756 23.4116668701172 23.5261669158936 23.4776668548584 23.09033203125 22.9108333587646 23.0383338928223 23.1961669921875 23.066499710083 23.1638336181641 23.363166809082 23.6678333282471 23.7910003662109 23.8134994506836 23.4435005187988 22.8040008544922 22.324333190918 22.0811672210693 21.9018325805664 21.88450050354 22.0328330993652 22.2021675109863 22.496166229248 22.792667388916 23 23.1138324737549 23.1865005493164 23.1388339996338 23.1065006256104 23.1371669769287 23.1690006256104 23.2058334350586 23.1906661987305 23.078498840332 23.1013336181641 23.1574993133545 23.1431674957275 23.0858325958252 23.0463333129883 23.0376663208008 23.0278339385986 23.021333694458
23.0450000762939 23.0831661224365 23.1569995880127 23.2288341522217 23.2485008239746 23.2140007019043 23.1938343048096 23.0820007324219 23.0481662750244 23.5088329315186 23.671667098999 23.2328338623047 23.0014991760254 23.0548343658447 23.173999786377 23.3125 22.9016666412354 22.9876670837402 22.9778327941895 23.0948333740234 23.0270004272461 22.6280002593994 22.3833332061768 22.1951656341553 22.2086658477783 22.3151664733887 22.3110008239746 22.4095001220703 22.5583324432373 22.6959991455078 22.8241672515869 22.7601661682129 22.9518337249756 23.1248340606689 23.158166885376 23.1521663665771 23.1700000762939 23.1888332366943 23.2103328704834 23.2268333435059 23.1551666259766 23.2094993591309 23.1643333435059 23.09983253479 23.0639991760254 23.1415004730225 23.2189998626709 23.1586666107178 23.1166667938232
22.6878337860107 22.6644992828369 22.6393337249756 22.7049999237061 22.7396659851074 22.6770000457764 22.6844997406006 22.5808334350586 22.5974998474121 22.8881664276123 23.2221660614014 22.9995002746582 23.0060005187988 23.2935009002686 23.3996658325195 23.4133338928223 23.1660003662109 22.8495006561279 23.0476665496826 23.0036659240723 22.8796672821045 22.6944999694824 22.6446666717529 22.6391658782959 22.6184997558594 22.6843338012695 22.5841674804688 22.5641670227051 22.671667098999 22.7386665344238 22.7696666717529 22.8840007781982 22.6536655426025 22.9495010375977 23.0931663513184 23.1669998168945 23.1943340301514 23.1663341522217 23.2141666412354 23.2719993591309 23.0970001220703 23.2465000152588 23.1919994354248 23.0960006713867 23.1106662750244 23.2269992828369 23.1440010070801 23.1971664428711 23.1478328704834
22.3008327484131 22.2623329162598 22.2338333129883 22.2959995269775 22.3351669311523 22.2768325805664 22.2676658630371 22.2428340911865 22.3413333892822 22.3929996490479 22.404167175293 22.5323333740234 23.045166015625 23.3386669158936 23.3596668243408 23.2776660919189 22.8831672668457 22.3770008087158 23.0906677246094 23.1550006866455 23.1043338775635 23.0249996185303 22.8876667022705 22.8344993591309 22.7838325500488 22.7448329925537 22.6014995574951 22.5858325958252 22.6726665496826 22.6888332366943 22.7071666717529 22.7964992523193 22.7908325195312 22.5429992675781 23.0216674804688 23.1649990081787 23.1376667022705 23.0809993743896 23.1433334350586 23.2848339080811 23.3291664123535 23.2425003051758 23.2266674041748 23.0895004272461 23.0891666412354 23.1726665496826 23.1778335571289 23.0786666870117 22.9603328704834
22.1078338623047 22.1189994812012 22.1726665496826 22.1685009002686 22.1525001525879 22.2401657104492 22.2956657409668 22.3721675872803 22.5475006103516 22.5016670227051 22.3681659698486 22.5946674346924 23.0883331298828 23.2258338928223 23.2151660919189 23.1618328094482 22.9456672668457 22.3123340606689 22.4683322906494 22.6918334960938 22.829833984375 22.7893333435059 22.7323341369629 22.6458339691162 22.5821666717529 22.3955001831055 22.3713340759277 22.5008335113525 22.6014995574951 22.6499996185303 22.6446666717529 22.6666660308838 22.7561664581299 22.6978340148926 22.8013324737549 23.0189990997314 23.0171661376953 22.9978332519531 23.0106678009033 23.0746669769287 23.1411666870117 23.1386661529541 23.078332901001 22.9671669006348 23.0008335113525 23.0391674041748 23.0033340454102 23.0030002593994 22.9911670684814
21.933500289917 22.0178337097168 22.1233329772949 22.1213340759277 22.1735000610352 22.4973335266113 22.7496662139893 22.7141666412354 22.7236671447754 22.8090000152588 22.8145008087158 22.9316673278809 23.1166667938232 23.1054992675781 23.0984992980957 23.0736675262451 23.082332611084 22.7891674041748 21.8421669006348 21.5321674346924 22.1088333129883 22.3693332672119 22.4160003662109 22.3505001068115 22.1030006408691 21.8826675415039 22.1100006103516 22.3449993133545 22.4928340911865 22.5896663665771 22.570333480835 22.5405006408691 22.6294994354248 22.7198333740234 22.7164993286133 22.7641658782959 22.7749996185303 22.8859996795654 22.9064998626709 22.8910007476807 22.9309997558594 22.9370002746582 22.8974990844727 22.8250007629395 22.9785003662109 22.9396667480469 22.8218326568604 22.8125 22.7938327789307
21.681999206543 21.8018321990967 21.9093341827393 21.9974994659424 22.2268333435059 22.7285003662109 23.0736675262451 22.9659996032715 22.861499786377 23.0368328094482 23.0991668701172 23.0911655426025 23.0901660919189 23.0550003051758 23.0083332061768 22.9466667175293 22.906665802002 22.7596664428711 22.3091659545898 21.8799991607666 21.6248340606689 22.0361671447754 22.1338329315186 22.1353340148926 22.0538330078125 21.6428337097168 22.0516662597656 22.1983337402344 22.3626670837402 22.4811668395996 22.4850006103516 22.4763336181641 22.558500289917 22.6338329315186 22.6228332519531 22.6630001068115 22.5468330383301 22.6821670532227 22.7765007019043 22.7778339385986 22.8096656799316 22.6648330688477 22.7719993591309 22.7691669464111 22.9715003967285 23.0416660308838 22.621000289917 22.6928329467773 22.6935005187988
21.5195007324219 21.6348342895508 21.7893333435059 21.9096660614014 22.1856670379639 22.7158336639404 23.0468330383301 23.0498332977295 23.0481662750244 23.0761661529541 23.0986671447754 23.0898323059082 23.0739994049072 23.0141658782959 22.9559993743896 22.8470001220703 22.7263336181641 22.6028327941895 22.4378337860107 22.2711658477783 21.9178333282471 21.8148326873779 21.8626670837402 21.9505004882812 22.0246658325195 22.0218334197998 22.0246677398682 22.0114994049072 22.1738338470459 22.3129997253418 22.3813343048096 22.3824996948242 22.4088325500488 22.4991664886475 22.5219993591309 22.5855007171631 22.5971660614014 22.4021663665771 22.5673332214355 22.6219997406006 22.695333480835 22.4151668548584 22.6545009613037 22.716667175293 22.9086666107178 23.0578327178955 22.5866661071777 22.3775005340576 22.5588340759277
21.474666595459 21.5961666107178 21.7641658782959 21.9855003356934 22.3363342285156 22.7491664886475 22.9541664123535 22.9471664428711 22.9408340454102 22.9893341064453 23.0498332977295 23.0936660766602 23.0755004882812 23.0223331451416 22.9300003051758 22.8201675415039 22.6301670074463 22.4971656799316 22.449333190918 22.3531665802002 22.2001667022705 21.7758331298828 21.5358333587646 21.7660007476807 21.9313335418701 21.9426670074463 21.7466659545898 21.5715007781982 21.8911666870117 21.9576663970947 22.1299991607666 22.19700050354 22.2823333740234 22.2711658477783 22.3229999542236 22.4603328704834 22.5278339385986 22.3523330688477 22.291166305542 22.5311660766602 22.6086673736572 22.4603328704834 22.5993328094482 22.6791667938232 22.8915004730225 23.0179996490479 22.4343338012695 22.4236660003662 22.4204998016357
21.408332824707 21.4435005187988 21.5258331298828 21.9025001525879 22.4316673278809 22.7544994354248 22.8999996185303 22.929500579834 22.9113330841064 22.9735012054443 23.0153331756592 23.0423336029053 23.0463333129883 22.9936656951904 22.9080009460449 22.8194999694824 22.5628337860107 22.3393325805664 22.3503341674805 22.3476676940918 22.295166015625 22.1671676635742 21.5461673736572 21.5526676177979 21.7604999542236 21.7735004425049 21.6476669311523 21.5196666717529 21.4091663360596 21.4581661224365 21.8918342590332 22.1593341827393 22.2733325958252 22.1706657409668 21.9540004730225 22.2000007629395 22.3636665344238 22.4836673736572 22.5651664733887 22.5328330993652 22.554500579834 22.4654998779297 22.4099998474121 22.6181659698486 22.7520008087158 22.9193344116211 22.6803340911865 22.0341663360596 22.3041667938232
21.3894996643066 21.3706665039062 21.4243335723877 21.8773326873779 22.4546661376953 22.6949996948242 22.8433322906494 22.9328327178955 22.9850006103516 23.0416660308838 23.0683326721191 23.0718326568604 23.0359992980957 22.9615001678467 22.8584995269775 22.8281669616699 22.5566673278809 22.2338333129883 22.1613330841064 22.199499130249 22.2866668701172 22.2980003356934 22.0814990997314 21.5043334960938 21.5179996490479 21.5939998626709 21.5811672210693 21.5235004425049 21.345666885376 21.3141670227051 21.8618335723877 22.2703323364258 22.3281669616699 22.1988334655762 22.0121669769287 21.8553333282471 22.1269989013672 22.3688335418701 22.4888343811035 22.4169998168945 22.4536666870117 22.5261669158936 22.513500213623 22.6471672058105 22.6420001983643 22.7856674194336 22.8199996948242 21.9888343811035 22.132833480835
21.3584995269775 21.3185005187988 21.4271659851074 21.9869995117188 22.6070003509521 22.7703323364258 22.8468341827393 22.8943328857422 22.941499710083 23.0066661834717 23.0521659851074 23.0403327941895 23.0438327789307 23.0046672821045 22.8810005187988 22.795166015625 22.5648326873779 22.2556667327881 22.0678329467773 22.038667678833 22.1778335571289 22.3435001373291 22.3015003204346 21.7018337249756 21.3783340454102 21.5851669311523 21.6363334655762 21.6346664428711 21.5044994354248 21.5203323364258 21.8611660003662 22.1816673278809 22.3090000152588 22.2491664886475 22.2576675415039 21.8546657562256 21.7894992828369 22.2488327026367 22.4271659851074 22.4898338317871 22.4686660766602 22.5453338623047 22.5995006561279 22.656665802002 22.5936660766602 22.6161670684814 22.763334274292 22.5518341064453 21.6138324737549
