model/data/bioclim/bclim3.asc
NCOLS 300 
NROWS 300 
XLLCORNER -125.25 
YLLCORNER 30.75 
CELLSIZE 0.0416666666666667 
NODATA_value -3.4e+38 
[rows 132 to 153 of 300, columns 147 to 195 of 300]
44.9238090515137 46.3286437988281 47.1740646362305 47.6302833557129 48.2686195373535 48.6236038208008 48.398120880127 48.0198745727539 47.5984268188477 47.4637298583984 47.6498947143555 48.0810127258301 48.051097869873 47.6543731689453 46.5304336547852 46.3366241455078 45.9797172546387 46.8281173706055 48.0649833679199 44.522632598877 44.6987533569336 45.4749412536621 44.7174491882324 44.0414810180664 44.056282043457 44.3055686950684 44.1623611450195 43.9904823303223 44.2926788330078 44.7587356567383 44.2140579223633 44.5043601989746 43.3844299316406 42.2404747009277 41.4104652404785 40.8266143798828 40.4084434509277 39.6390380859375 39.7343826293945 39.6179504394531 39.5185203552246 39.5804977416992 40.7436676025391 40.0949668884277 39.1632537841797 38.882568359375 39.2958946228027 39.9626197814941 40.1860198974609
45.3995552062988 46.2564697265625 46.5730018615723 46.688777923584 47.6564788818359 48.2346038818359 47.7573547363281 47.1010894775391 46.5251922607422 46.3551292419434 47.3405685424805 48.3694305419922 48.2373504638672 48.3025665283203 47.3102035522461 46.8512535095215 46.6410636901855 46.9057846069336 47.2626838684082 46.1751098632812 44.0173950195312 44.5602951049805 44.5680809020996 43.8651351928711 43.4531517028809 44.197998046875 44.3275680541992 44.4464225769043 45.5288162231445 45.6896553039551 44.6114463806152 44.1291542053223 42.9475326538086 42.0492324829102 41.6267776489258 41.476131439209 41.0138282775879 40.4770812988281 40.188720703125 39.9408645629883 39.8693313598633 40.8550491333008 41.7241249084473 40.991626739502 40.4681091308594 39.9838485717773 39.8172416687012 40.2044372558594 40.626277923584
45.6164283752441 46.4985733032227 45.6937103271484 45.8722381591797 46.4950942993164 47.1189384460449 47.0918502807617 46.7978401184082 46.2200164794922 45.3708381652832 46.6500930786133 47.5060157775879 47.4897003173828 47.5576057434082 47.5088653564453 47.1392021179199 47.0483894348145 46.9492835998535 46.649600982666 46.8157920837402 43.2613754272461 43.6500854492188 44.3939933776855 43.7565650939941 43.2834663391113 43.727294921875 43.9823188781738 44.140625 44.5948066711426 44.7424774169922 44.5382499694824 43.2676277160645 42.2002792358398 41.514949798584 41.2891006469727 41.0444679260254 40.6128311157227 40.3164939880371 40.1888046264648 39.8811950683594 39.9740524291992 40.4268188476562 40.4582977294922 40.5044212341309 40.3378753662109 40.0981597900391 40.0317993164062 40.3278732299805 40.7705116271973
46.1116333007812 46.7239074707031 45.9050598144531 45.1259956359863 45.0414352416992 45.1625518798828 45.6750030517578 46.0037460327148 45.5323944091797 44.4453201293945 45.867862701416 46.8116149902344 47.060546875 47.1560287475586 47.0962333679199 46.8381309509277 46.8570709228516 46.9374313354492 46.7799377441406 47.178035736084 45.4419937133789 43.3752212524414 44.4693908691406 43.7786254882812 43.164119720459 42.9407081604004 43.330738067627 43.685359954834 43.7491760253906 44.0128173828125 43.9664344787598 43.1832656860352 41.7225608825684 40.8394546508789 40.4270782470703 40.1266479492188 39.9102821350098 39.916919708252 39.9986534118652 39.946720123291 40.6131401062012 40.8049926757812 40.6889915466309 40.8000831604004 40.492115020752 40.1428718566895 40.1074676513672 40.4060096740723 40.7229194641113
46.6549797058105 46.5978507995605 45.9695281982422 44.4543838500977 43.3143463134766 43.2148323059082 44.1461639404297 45.2393417358398 44.7926826477051 44.6144523620605 45.2334060668945 46.0630149841309 46.8932800292969 47.7471771240234 47.5946769714355 47.1268348693848 46.6916885375977 46.6168632507324 46.1881866455078 47.0263175964355 45.9848937988281 44.5795936584473 44.6765022277832 44.8324356079102 43.8675384521484 42.93212890625 42.7911834716797 43.0552825927734 43.3039894104004 43.4260902404785 43.4750328063965 43.4433784484863 42.5691375732422 41.5176239013672 40.7882499694824 40.360481262207 39.8285331726074 39.7470321655273 40.085319519043 40.6661682128906 40.8027687072754 40.7504844665527 41.042163848877 41.0647239685059 40.721607208252 40.2979774475098 40.2252502441406 40.3741569519043 39.9688453674316
46.1837043762207 45.9026756286621 45.3172225952148 44.989444732666 43.7502670288086 42.478084564209 42.4497413635254 43.4158935546875 43.5676345825195 44.595142364502 45.320068359375 45.6341438293457 47.1191139221191 47.6297454833984 47.5647201538086 47.2230453491211 46.5579719543457 46.2723121643066 45.9351997375488 46.8331756591797 47.5173149108887 46.0746459960938 45.2788391113281 45.3112373352051 45.2319488525391 44.4282112121582 43.1430282592773 42.77880859375 42.8683319091797 43.2333488464355 43.4892387390137 43.2812232971191 43.0376281738281 42.7109832763672 42.1392669677734 42.1509628295898 41.8823165893555 40.7809906005859 40.8307876586914 40.8065719604492 40.3978004455566 40.6897468566895 40.8579139709473 40.7982521057129 40.5269241333008 40.5280723571777 40.6242713928223 40.0868148803711 39.371940612793
46.5953407287598 45.665771484375 43.9127807617188 43.6174201965332 43.3111419677734 42.7187042236328 42.4119567871094 42.4782638549805 42.7148857116699 44.1274909973145 44.1882247924805 45.1870765686035 46.0278129577637 47.0399208068848 47.1002159118652 46.6294174194336 46.284797668457 46.0612487792969 45.8830451965332 46.748405456543 47.5782432556152 46.9995231628418 45.9684600830078 45.6534004211426 45.9252853393555 45.0404968261719 43.9449005126953 42.9781227111816 42.6616516113281 42.9292411804199 43.113338470459 42.861759185791 42.5879898071289 42.62353515625 42.7759437561035 43.3708992004395 43.4446601867676 42.3200187683105 41.40625 41.2342834472656 40.8760108947754 40.5465812683105 40.4500579833984 40.4503517150879 40.5334091186523 40.9542922973633 41.0871124267578 40.6707344055176 40.5539779663086
46.8520851135254 45.9379577636719 44.7880630493164 44.6561660766602 44.5113143920898 44.3143882751465 43.8510894775391 43.351619720459 42.3936576843262 42.9358329772949 43.425609588623 44.8036460876465 45.1735496520996 46.2274703979492 46.4443321228027 46.3817291259766 46.1584663391113 45.8924407958984 45.7453575134277 46.1140670776367 47.1551856994629 47.0851058959961 46.034725189209 46.0793724060059 46.1622009277344 45.0431709289551 44.3045501708984 43.5799331665039 43.0798225402832 42.512393951416 42.5824775695801 42.2657661437988 41.9121742248535 42.0787353515625 42.0293655395508 42.3497695922852 42.6999931335449 42.4696960449219 41.6236228942871 41.0003547668457 41.0341033935547 41.0417938232422 41.1515235900879 41.1674003601074 41.1103515625 41.1781387329102 41.2042007446289 41.0901184082031 41.0316581726074
46.2479248046875 46.5781326293945 46.6396141052246 46.3876953125 45.5569534301758 44.1476936340332 42.9337043762207 42.0992660522461 41.6677780151367 41.9715309143066 43.912971496582 44.195240020752 44.4458885192871 45.4927711486816 45.50537109375 45.6791954040527 45.7670936584473 45.8362197875977 45.7231063842773 45.778392791748 46.6774826049805 46.5552215576172 45.9661331176758 45.8343467712402 45.5732231140137 44.8834075927734 43.7963752746582 43.4887886047363 43.4706001281738 42.7319374084473 42.6051368713379 42.3407554626465 42.3882141113281 42.6087684631348 42.4046745300293 41.945930480957 42.3174018859863 43.0518455505371 42.3219528198242 41.3842544555664 41.1824340820312 41.1500473022461 41.071834564209 40.8076210021973 40.495246887207 40.4859352111816 40.7958831787109 41.1143493652344 41.2880668640137
45.1476516723633 44.9888572692871 45.9325637817383 46.2526512145996 45.2181816101074 44.0776405334473 43.0186614990234 41.8391418457031 41.3952903747559 42.372371673584 43.2021903991699 43.2241401672363 43.910572052002 45.0699157714844 45.2898902893066 45.0578384399414 45.1379890441895 45.4026718139648 45.3452224731445 45.1599159240723 46.1264877319336 46.9040985107422 46.7814979553223 46.3498611450195 44.8567047119141 44.3118896484375 43.7962226867676 43.3545265197754 42.3257675170898 42.0861473083496 42.333137512207 42.6143989562988 42.1160011291504 42.0284767150879 42.5870399475098 42.5763320922852 42.5102310180664 42.2773323059082 41.8105125427246 41.3661994934082 41.0713081359863 40.6227760314941 40.5005226135254 40.3685836791992 40.1910438537598 40.437557220459 40.9041175842285 41.4539527893066 41.9438400268555
44.7721481323242 44.7503318786621 44.7195739746094 44.586051940918 44.4266090393066 42.9165573120117 42.4054641723633 41.777645111084 41.7184524536133 41.7899589538574 41.6328163146973 43.2258796691895 44.2743186950684 44.7642593383789 44.8857345581055 44.8219108581543 44.2906913757324 43.8405418395996 44.376895904541 44.6142463684082 45.2610626220703 46.5055618286133 46.3666038513184 45.4985122680664 44.4255142211914 43.9390182495117 43.551383972168 42.8087539672852 41.5995559692383 41.8014526367188 42.1853942871094 42.18408203125 42.010814666748 43.0543174743652 42.539306640625 42.2285041809082 42.3161468505859 42.2659034729004 41.9025535583496 41.5680160522461 41.282283782959 40.9956741333008 40.9035758972168 40.986686706543 40.8677291870117 40.6618194580078 40.9752388000488 41.444465637207 42.1478271484375
44.7886619567871 44.4879035949707 44.0867233276367 43.9271926879883 44.2737274169922 43.7174224853516 42.6417999267578 42.2398910522461 42.5004234313965 41.7519187927246 41.0973434448242 42.6100006103516 43.8862495422363 44.5036506652832 44.6788940429688 44.5221290588379 44.2042617797852 43.0855026245117 43.4487762451172 44.3095512390137 44.292236328125 45.8604621887207 45.9212951660156 45.1021118164062 43.9768905639648 43.0885314941406 42.6792221069336 42.2158508300781 41.2949295043945 41.1795043945312 41.7498245239258 41.992805480957 41.6584053039551 42.1674499511719 43.3067016601562 41.9717025756836 42.243839263916 42.3775978088379 42.310417175293 42.0711288452148 41.7700843811035 41.4556732177734 41.187198638916 41.16845703125 40.6370735168457 40.6705474853516 41.2618026733398 41.4843940734863 42.2273941040039
44.6994514465332 44.8566246032715 44.5322074890137 44.3128204345703 43.7536888122559 43.7791481018066 43.5337562561035 43.0557289123535 41.9513168334961 41.2776641845703 40.820671081543 41.9728660583496 43.2784538269043 44.0786285400391 43.7523345947266 44.0555839538574 44.0326042175293 42.6110687255859 43.0756797790527 44.1785011291504 44.0014801025391 45.1595726013184 45.8204956054688 45.4786834716797 44.0036544799805 43.0342063903809 42.8003883361816 42.4129486083984 41.8818855285645 40.9332847595215 41.0577583312988 41.6124038696289 41.2106437683105 41.119270324707 42.0425796508789 41.7988433837891 41.9096336364746 42.5471420288086 42.6233291625977 42.2881622314453 41.8857803344727 41.6774139404297 41.8692665100098 41.1845283508301 40.7373886108398 41.2640342712402 41.6582908630371 41.8588104248047 42.4229850769043
44.4851150512695 44.6585960388184 44.7641487121582 44.4723014831543 43.7413864135742 43.0238037109375 42.7424163818359 42.3379783630371 42.3495559692383 41.8531532287598 41.0502128601074 41.4509887695312 42.0130805969238 42.8449401855469 43.1219635009766 43.6078987121582 43.9110221862793 43.5325775146484 43.5591773986816 44.044750213623 44.1835556030273 44.6616973876953 45.3335075378418 45.5531311035156 45.6609535217285 44.6642951965332 43.9549179077148 43.6373481750488 42.8476409912109 41.3943862915039 40.6652908325195 41.3278617858887 41.2568283081055 41.0031433105469 41.3167953491211 41.5648803710938 41.6649589538574 42.2899703979492 42.7065849304199 42.4000282287598 41.9462509155273 42.0120468139648 42.1505393981934 41.784782409668 41.5383682250977 41.7972717285156 42.0558662414551 42.0933647155762 42.3500633239746
44.0698394775391 43.954719543457 43.8250923156738 43.5410003662109 43.6877136230469 43.4844818115234 42.8777198791504 42.0939331054688 41.960521697998 41.6590805053711 41.1831245422363 40.6749267578125 40.9771728515625 42.1999130249023 41.9431953430176 42.1154975891113 42.3042182922363 42.5085868835449 43.1774826049805 43.9411697387695 44.0129470825195 43.9469223022461 44.4649772644043 44.8166999816895 44.8379936218262 44.850040435791 44.0704078674316 44.1620788574219 43.2377777099609 41.7107620239258 40.3887672424316 40.8146896362305 41.189769744873 41.1168212890625 41.0598449707031 40.9030418395996 41.2172584533691 41.3456077575684 42.125057220459 42.5240669250488 42.2237892150879 42.1545562744141 42.3874282836914 42.5236625671387 42.3727035522461 42.0857009887695 41.753044128418 41.5237693786621 41.7286567687988
44.0883865356445 43.8359336853027 43.4759483337402 43.0666160583496 43.4420051574707 43.5539016723633 43.4344749450684 42.8028335571289 41.6958465576172 41.005012512207 40.9889144897461 41.2431640625 41.7757263183594 42.1196022033691 41.0643539428711 41.371654510498 41.1364898681641 41.4621238708496 43.0688934326172 44.5894737243652 43.8405418395996 43.3784332275391 43.8606758117676 44.6561737060547 44.222110748291 44.3827514648438 43.9967269897461 43.3456535339355 42.8426170349121 41.987377166748 41.2446937561035 40.6497993469238 41.0984840393066 41.1486473083496 41.0214424133301 40.2835121154785 40.8665008544922 40.9761695861816 41.5148506164551 42.4780006408691 42.5209922790527 42.2287521362305 42.4012260437012 42.5028610229492 42.6029396057129 41.8445587158203 40.9894523620605 40.9547538757324 41.357048034668
43.8340644836426 44.0517768859863 43.9945297241211 43.5576438903809 42.4329261779785 42.9202690124512 42.9290657043457 43.0156402587891 42.2349700927734 41.388599395752 41.575080871582 42.2045135498047 42.5549583435059 42.6687698364258 42.1521873474121 41.1548728942871 40.7230567932129 40.9277725219727 42.8236846923828 44.4596939086914 43.8915023803711 43.3355293273926 43.3889122009277 45.3161582946777 45.0082054138184 44.4434852600098 44.197021484375 42.8594093322754 42.6983528137207 42.4617309570312 42.6269187927246 41.7470893859863 41.5144844055176 40.6337890625 40.4220581054688 40.2142639160156 41.3164367675781 41.1844482421875 41.4508934020996 42.2390022277832 42.8772315979004 42.690502166748 42.5208511352539 42.4958419799805 42.3136253356934 41.4149017333984 40.8177185058594 41.1220397949219 41.2067451477051
43.6619873046875 43.3599090576172 43.5161590576172 42.9205474853516 43.2177124023438 43.471363067627 43.2999038696289 43.339672088623 42.657772064209 41.8673095703125 41.8356590270996 43.0895347595215 43.5453834533691 42.8976058959961 41.4442558288574 40.6798973083496 40.6763458251953 41.0147514343262 42.4083976745605 44.0498809814453 43.9410133361816 43.6591987609863 43.5821266174316 44.8739013671875 45.082649230957 43.9745254516602 44.0999069213867 43.0489807128906 42.9379005432129 42.8863945007324 42.9023666381836 42.7147254943848 42.4186096191406 41.1761245727539 40.5538864135742 40.711799621582 41.0999870300293 41.2606735229492 41.0929260253906 41.554500579834 42.3695945739746 42.2993240356445 42.4867324829102 42.5463981628418 42.3162574768066 41.4361419677734 41.1530342102051 41.5540809631348 41.1346549987793
44.0088844299316 43.3017311096191 42.9244422912598 42.3200263977051 43.4992218017578 43.6253547668457 43.6612510681152 43.9309463500977 43.8173828125 43.30078125 43.2233467102051 42.6310577392578 42.9141082763672 42.6996459960938 41.5913963317871 41.2259330749512 41.199104309082 41.098087310791 42.4934959411621 43.7655487060547 43.5039825439453 43.4390602111816 43.4950904846191 45.0144958496094 45.8832893371582 45.2466888427734 44.2080154418945 43.1058349609375 42.1140213012695 42.3043365478516 42.8255615234375 43.1245231628418 42.8864326477051 42.4965782165527 41.7278785705566 41.3555374145508 41.7179336547852 41.7051467895508 40.7223815917969 40.5856857299805 41.0047454833984 40.9974136352539 41.638053894043 42.2445335388184 42.3910331726074 41.8101501464844 41.5113868713379 41.9664688110352 41.271312713623
44.0643272399902 43.3216934204102 43.6344413757324 43.0049476623535 43.4233741760254 43.2905921936035 43.342601776123 43.1826133728027 43.3013381958008 42.1980895996094 42.1278076171875 42.0181541442871 42.7605171203613 41.9790267944336 41.4688453674316 41.4453887939453 41.0186424255371 40.8028182983398 41.8501167297363 43.1477394104004 43.2897033691406 43.5076560974121 43.3105392456055 44.3645935058594 45.9845352172852 46.5462341308594 45.044059753418 44.2378120422363 42.4115371704102 41.7864837646484 42.0131149291992 42.3684921264648 42.6691474914551 42.9015655517578 41.3451957702637 40.9880256652832 42.3935813903809 41.3749198913574 40.6488723754883 40.2492485046387 40.0997924804688 40.0195808410645 40.1879272460938 40.7238235473633 41.5465774536133 41.4928436279297 41.4756660461426 41.9344367980957 41.9750556945801
42.2395248413086 43.5491905212402 43.9334106445312 43.571174621582 43.4890670776367 43.0246429443359 43.0612754821777 42.5355339050293 41.8337554931641 42.0570373535156 41.817268371582 41.440601348877 40.974178314209 40.9835510253906 41.5867805480957 42.0518798828125 41.6922798156738 41.1918487548828 41.8335075378418 43.5320434570312 43.2463989257812 43.6098823547363 43.5103416442871 43.6990776062012 45.1520538330078 45.789608001709 44.4972534179688 42.4569053649902 41.3531951904297 41.1932182312012 41.4128608703613 41.6274719238281 42.0311241149902 41.9696807861328 40.5853118896484 41.1053504943848 42.9380302429199 42.6445159912109 40.8041076660156 41.2326393127441 41.052921295166 39.8228721618652 39.3334007263184 39.1822891235352 39.9797973632812 40.9619216918945 41.7574577331543 42.0769424438477 41.8969345092773
41.2270889282227 41.7669792175293 42.2952499389648 42.3522415161133 42.6798553466797 43.0798797607422 42.8357810974121 42.3384666442871 42.6814842224121 43.5045356750488 43.6667938232422 43.2968902587891 41.9609870910645 42.0452613830566 41.9151611328125 42.0129890441895 40.844108581543 40.7113647460938 41.9280662536621 43.6605186462402 43.5993537902832 43.5187034606934 43.9579734802246 43.5954818725586 44.0842590332031 44.8250389099121 43.8300132751465 40.8592224121094 39.6685905456543 40.1468048095703 40.7839164733887 41.1408081054688 41.3028182983398 40.6438026428223 40.0684928894043 41.0839042663574 42.5984344482422 42.5621757507324 41.5024795532227 41.8870811462402 42.337890625 40.8706169128418 39.3429374694824 38.3987083435059 38.7231140136719 39.2602958679199 40.1306457519531 41.0848655700684 41.4357490539551
