model/data/bioclim/bclim9.asc
NCOLS 300 
NROWS 300 
XLLCORNER -125.25 
YLLCORNER 30.75 
CELLSIZE 0.0416666666666667 
NODATA_value -3.4e+38 
[rows 132 to 153 of 300, columns 196 to 244 of 300]
5.72733306884766 6.03333330154419 5.85599994659424 5.43466663360596 4.92466640472412 4.72933340072632 4.85333347320557 4.91533327102661 5.01733350753784 5.01533365249634 4.94266653060913 4.92133331298828 4.86199998855591 4.85066652297974 13.7933330535889 4.87733316421509 12.9433336257935 11.1820001602173 10.5673332214355 11.7266664505005 12.6840000152588 13.3666667938232 13.7180004119873 13.3966665267944 13.8433332443237 13.5799999237061 13.0326671600342 13.4966669082642 14.1160001754761 14.3793334960938 14.8706665039062 14.8193330764771 14.764666557312 14.6560001373291 14.2620000839233 13.5240001678467 12.4820003509521 11.6713333129883 11.9926662445068 11.9226665496826 12.6013336181641 13.1346664428711 13.684666633606 13.6153335571289 14.5500001907349 14.5920000076294 15.6560001373291 15.5553331375122 15.2220001220703
6.38000011444092 6.50933313369751 6.36933326721191 6.1933331489563 5.96133327484131 5.54333353042603 5.19799995422363 4.76799964904785 4.94933319091797 5.14333343505859 5.02333307266235 14.3426666259766 4.97866678237915 4.95666694641113 5.03733348846436 5.14000034332275 13.6013336181641 11.8293333053589 10.82200050354 11.673999786377 12.8780002593994 13.4700002670288 13.4460000991821 12.8713331222534 13.242000579834 13.3979997634888 13.0913333892822 13.8013334274292 14.5473337173462 14.8053331375122 14.7666664123535 14.6420001983643 14.6826667785645 14.5686664581299 13.8433332443237 13.0726671218872 12.3400001525879 11.3606662750244 11.3266668319702 11.2766666412354 10.8306665420532 11.6193332672119 13.1193332672119 13.9273338317871 15.0900001525879 15.5993337631226 14.684666633606 14.8119993209839 14.775333404541
6.53466653823853 6.53866672515869 6.43066692352295 6.29266691207886 6.15733337402344 5.87333345413208 5.38399982452393 12.188666343689 12.782000541687 14.0799999237061 5.12133359909058 14.4173336029053 14.1559991836548 14.2446670532227 14.4113330841064 14.4133329391479 14.0073328018188 12.5780000686646 12.1486663818359 12.742000579834 13.4486665725708 13.7613334655762 13.5493335723877 12.9099998474121 13.2286672592163 13.6606664657593 13.7773332595825 14.2526664733887 14.6120004653931 14.7379999160767 1.13333332538605 14.6173334121704 14.6086664199829 14.1873331069946 12.4793338775635 11.8513336181641 11.1339998245239 10.804666519165 11.5780000686646 11.456000328064 9.89000034332275 11.6319999694824 13.5100002288818 14.6813335418701 15.7766666412354 15.1400003433228 14.9340000152588 15.4860000610352 15.3973331451416
6.4073338508606 6.32599973678589 6.27066707611084 6.21866655349731 6.0939998626709 5.82866668701172 5.43000030517578 12.7853336334229 12.6706666946411 13.8626661300659 14.3326663970947 14.2666664123535 13.956000328064 14.1719999313354 14.5819997787476 14.6506662368774 14.3126668930054 13.025333404541 12.4826669692993 13.3013334274292 13.8073329925537 13.9573335647583 13.5226669311523 12.543999671936 12.6246662139893 13.4553337097168 13.8813333511353 14.2960004806519 14.4946670532227 14.532000541687 14.4546661376953 14.1906671524048 13.8386669158936 13.768666267395 12.5013332366943 12.6346664428711 12.3206663131714 12.4860000610352 12.9060001373291 12.0566663742065 11.8520002365112 13.6626663208008 14.9686670303345 15.8400001525879 16.3859996795654 15.5666666030884 15.7533330917358 15.8280000686646 15.4013328552246
5.77333307266235 5.57800006866455 5.67133331298828 5.82533311843872 5.7480001449585 5.66933345794678 5.49333333969116 5.31666660308838 5.14200019836426 13.7873334884644 14.1146669387817 13.9393329620361 13.960000038147 14.4586668014526 14.7446660995483 14.8146667480469 14.6806669235229 13.7620000839233 13.0819997787476 13.7266664505005 14.1300001144409 14.1219997406006 13.3446664810181 11.8526668548584 11.7006664276123 13.018666267395 13.804666519165 14.0613327026367 14.0693330764771 13.8379993438721 13.2220001220703 12.0333337783813 12.71399974823 13.4546670913696 13.9020004272461 14.1040000915527 13.8959999084473 13.6519994735718 13.6573333740234 11.9166669845581 12.0086669921875 13.8406667709351 15.4899997711182 16.2900009155273 16.5526657104492 15.5526666641235 15.9226665496826 15.4833335876465 14.4446668624878
11.5620002746582 11.9466667175293 5.46533346176147 5.69600009918213 5.54666662216187 5.56466674804688 5.4379997253418 13.8073329925537 13.3426666259766 13.7726669311523 14.1619997024536 14.2593326568604 14.4159994125366 14.800666809082 14.9680004119873 14.9406671524048 14.8999996185303 14.3313331604004 12.6579999923706 14.0033330917358 14.2786664962769 14.1313333511353 13.4066667556763 11.9466667175293 10.5173330307007 12.3459997177124 13.5019998550415 13.3559999465942 13.3159999847412 13.423999786377 12.5299997329712 10.8066663742065 12.0706663131714 13.4913330078125 14.315333366394 14.7946662902832 14.8706665039062 14.8613328933716 14.3599996566772 12.4406671524048 13.3340005874634 14.4133329391479 15.6393337249756 16.4046669006348 16.7679996490479 15.5266666412354 15.5726661682129 14.9619998931885 12.804666519165
5.5460000038147 12.3020000457764 14.2126665115356 5.87933349609375 5.63600015640259 14.3380002975464 14.1246671676636 13.5853328704834 13.5900001525879 14.1326665878296 14.470666885376 14.6219997406006 14.7779998779297 14.9420003890991 14.9953336715698 14.9820003509521 14.9660005569458 14.3680000305176 13.1879997253418 14.1393327713013 14.257999420166 14.0900001525879 13.6066665649414 11.9119997024536 11.1540002822876 12.5933332443237 13.5873336791992 14.2066669464111 14.2126665115356 13.7159996032715 12.6606664657593 11.1073331832886 10.6420001983643 12.8080005645752 14.2126665115356 15.0473337173462 15.4079999923706 15.4366664886475 14.764666557312 13.3579998016357 13.8893337249756 14.7580003738403 15.2533330917358 16.1326675415039 16.8166675567627 16.6119995117188 15.9126672744751 14.6266670227051 12.1613330841064
7.12333345413208 6.71266651153564 15.3400001525879 15.2379999160767 14.7346668243408 14.4366664886475 14.1726665496826 13.9393329620361 14.2700004577637 14.5093336105347 14.735333442688 14.8366661071777 14.9213333129883 14.9720001220703 14.9746675491333 14.9440002441406 14.7233333587646 13.5386667251587 13.0473327636719 14.1400003433228 14.3666667938232 14.2160005569458 13.0580005645752 10.9693336486816 11.1859998703003 13.0606670379639 13.9899997711182 14.6353330612183 14.5993328094482 14.1000003814697 12.9053335189819 11.6999998092651 9.39799976348877 12.0026664733887 13.4226665496826 14.9619998931885 15.5246667861938 15.7586669921875 15.6579999923706 14.8780002593994 13.8093338012695 13.7700004577637 13.9219999313354 15.3186664581299 16.7566661834717 17.2100009918213 16.7639999389648 14.8179998397827 14.2180004119873
16.8166656494141 15.9440002441406 14.8920001983643 14.7880001068115 14.7779998779297 14.699333190918 14.5486669540405 14.1106662750244 14.5373334884644 14.5993337631226 14.6613330841064 14.4899997711182 14.746000289917 14.9046669006348 14.8280000686646 14.75 13.8946666717529 12.7013330459595 12.1073331832886 13.6506662368774 14.1766662597656 13.7466669082642 11.2853336334229 11.1199998855591 12.4519996643066 13.6879997253418 14.6286668777466 14.9586668014526 15.0073337554932 14.6606664657593 13.673999786377 12.3586673736572 10.8693332672119 12.5266666412354 13.5566663742065 14.7586669921875 15.4840002059937 15.9066667556763 16.03733253479 15.6286668777466 14.3806667327881 12.7980003356934 12.8966665267944 14.764666557312 16.5279998779297 17.3000011444092 16.9740009307861 15.5699996948242 15.4366664886475
17.2519989013672 16.5480003356934 14.8280000686646 14.75 14.4946660995483 14.6586666107178 14.5219993591309 14.3119993209839 14.5006666183472 14.300666809082 14.0126667022705 13.8586664199829 14.3746662139893 14.5413331985474 14.2133331298828 13.9966669082642 12.8140001296997 11.7366666793823 11.3693332672119 12.7013330459595 13.7153329849243 12.779333114624 11.1353330612183 12.3993330001831 13.6373329162598 14.5366668701172 15.1573333740234 15.3393335342407 15.4200000762939 15.3133335113525 14.3433332443237 13.1113328933716 12.1506671905518 13.2786664962769 14.0433340072632 14.789999961853 15.4573335647583 15.8733329772949 16.1526660919189 15.981333732605 13.9973335266113 11.0799999237061 11.4820003509521 13.7333335876465 15.8986663818359 17.2846660614014 17.3826675415039 16.1806659698486 16.2513332366943
17.5753326416016 17.3840007781982 16.003999710083 15.039999961853 15.0799999237061 14.9320001602173 14.3573331832886 13.966667175293 13.9446668624878 13.6286668777466 13.4613332748413 13.4973335266113 13.8106660842896 13.6073331832886 12.8993330001831 12.7773332595825 12.1373338699341 11.3946666717529 11.2173328399658 11.8880004882812 12.4886665344238 11.7659997940063 11.4106664657593 12.5446672439575 14.0780000686646 15.0426664352417 15.3920001983643 15.561333656311 15.6499996185303 15.7226667404175 15.4800004959106 15.1533336639404 14.720666885376 14.4653339385986 14.1399993896484 14.811333656311 15.304666519165 15.7873334884644 16.2173328399658 16.3306674957275 14.9660005569458 12.546667098999 12.4553327560425 13.7166662216187 14.6079998016357 16.6073341369629 17.6053333282471 17.0166664123535 16.9193325042725
17.7853336334229 17.7773342132568 17.3606662750244 16.1480007171631 16.0533332824707 15.3339996337891 13.4246664047241 13.2026662826538 12.8313331604004 13.6420001983643 13.1693334579468 13.3986663818359 13.2766666412354 13.0126667022705 12.7526664733887 12.25 11.8219995498657 11.3346662521362 10.8813333511353 10.9219999313354 11.3513326644897 11.0719995498657 11.8013334274292 11.8466663360596 12.732666015625 14.6526670455933 15.2506666183472 15.6393337249756 15.7366666793823 15.7673330307007 15.6153335571289 15.441333770752 15.4193334579468 15.025333404541 14.2413330078125 14.2533330917358 14.6079998016357 15.5260000228882 16.3460006713867 16.6946659088135 16.2800006866455 15.039999961853 13.6073331832886 14.3513326644897 14.5640001296997 16.3179988861084 17.4926662445068 17.8933334350586 17.1733341217041
17.7779998779297 17.7346668243408 17.5653324127197 16.7973346710205 16.7233333587646 16.3013324737549 15.5446662902832 14.7980003356934 13.9373331069946 14.4139995574951 14.6686668395996 14.2466659545898 13.6426668167114 13.0346670150757 12.6906671524048 12.3833332061768 11.6386661529541 11.0333337783813 10.5366668701172 10.4879999160767 10.6226663589478 11.1899995803833 12.6199998855591 12.6639995574951 14.0406665802002 14.7073335647583 15.4273328781128 15.6840000152588 15.8026666641235 15.3280000686646 15.5826663970947 15.5226669311523 15.4406671524048 15.0740003585815 14.3020000457764 13.8073329925537 13.6506671905518 15.5093336105347 16.4766674041748 16.9879989624023 16.8020000457764 15.4980001449585 14.7799997329712 15.0313329696655 15.4479999542236 15.7893333435059 17.1979999542236 18.1213340759277 18.0913333892822
17.7453327178955 17.6919994354248 17.6653327941895 17.4720001220703 17.3606662750244 17.2040004730225 16.7786655426025 16.1380004882812 15.0906667709351 15.3066673278809 15.4166669845581 15.1826667785645 14.6859998703003 13.9266662597656 13.546667098999 13.3746671676636 12.8953332901001 11.8473329544067 11.5206661224365 12.1866664886475 11.0273332595825 12.1339998245239 14.1806669235229 15.0813331604004 15.7846670150757 15.8866662979126 15.2180004119873 15.1386671066284 15.6586666107178 14.5339994430542 15.2413330078125 15.6859998703003 15.5306663513184 15.2446670532227 14.4526662826538 14.1979999542236 13.6639995574951 15.3313331604004 16.6226673126221 17.2533340454102 17.1226673126221 15.688666343689 15.8660001754761 16.0493335723877 16.1853332519531 16.4273338317871 16.9006671905518 17.8999996185303 18.3159999847412
17.3540000915527 17.6760005950928 17.7046661376953 17.5799999237061 17.5093326568604 17.4806671142578 17.3066673278809 16.804666519165 16.224666595459 15.9119997024536 15.9440002441406 15.9966669082642 15.2326669692993 14.4160003662109 13.8599996566772 13.8873329162598 13.9846668243408 13.8593330383301 13.8520002365112 13.5526666641235 12.5920000076294 12.6306667327881 14.7993335723877 16.0733337402344 16.4426670074463 15.9953336715698 15.0993337631226 14.1773338317871 15.0959997177124 15.1280002593994 14.9053335189819 15.4713335037231 15.3540000915527 15.188666343689 14.8326663970947 14.264666557312 13.1746664047241 14.246000289917 16.0773334503174 17.2259998321533 17.3320007324219 16.6840000152588 16.7613334655762 16.0926666259766 16.4146671295166 16.8379993438721 16.7986660003662 17.1026668548584 16.9646663665771
16.6713333129883 17.2520008087158 17.4253330230713 17.4640007019043 17.4160003662109 17.1813335418701 17.1733341217041 17.2779998779297 16.9566669464111 16.9213333129883 16.6620006561279 16.025333404541 15.2600002288818 13.9399995803833 12.6186666488647 12.9779996871948 14.1986665725708 14.6033334732056 14.8979997634888 14.3533334732056 13.6480007171631 14.2519998550415 15.6020002365112 16.4146671295166 16.707332611084 16.406665802002 15.506667137146 14.710000038147 15.0679998397827 15.6120004653931 15.4426670074463 15.4519996643066 14.9799995422363 14.6566667556763 13.9046669006348 12.6900005340576 12.8086671829224 13.3093328475952 14.8159999847412 16.9186668395996 17.2153339385986 17.4446678161621 17.8186664581299 16.8713340759277 17.1486663818359 17.1393337249756 15.2706661224365 16.7099990844727 17.7826671600342
15.8526668548584 16.6199989318848 17.0793323516846 17.2586669921875 17.3360004425049 17.3633327484131 17.0953330993652 17.3506660461426 17.2413330078125 17.3133335113525 16.7080001831055 15.9173336029053 15.1339998245239 13.9726667404175 12.6240005493164 12.5659999847412 13.8640003204346 14.9120006561279 15.3640003204346 14.9886665344238 14.3466663360596 15.1026668548584 15.8640003204346 16.533332824707 16.8766670227051 16.8839988708496 16.2173328399658 15.456000328064 15.4139995574951 15.6960000991821 15.6033334732056 15.2700004577637 14.2386665344238 13.8266668319702 13.9713335037231 13 13.2593336105347 15.1339998245239 15.4759998321533 16.3466663360596 16.9466667175293 16.9200000762939 18.482666015625 18.6446666717529 18.699333190918 17.9119987487793 14.4353332519531 15.8293333053589 18.2719993591309
14.6806669235229 16.0459995269775 16.6399993896484 16.9946670532227 17.2140007019043 17.1766662597656 16.7186660766602 17.308666229248 17.6013336181641 17.2880001068115 16.6166667938232 16.1433334350586 15.8213329315186 15.3033332824707 13.9499998092651 13.5113334655762 14.1753330230713 15.0846672058105 15.5500001907349 15.0786666870117 13.6246671676636 14.6719999313354 15.764666557312 16.6073341369629 16.9926662445068 17.1140003204346 16.6686668395996 16.1879997253418 15.6940002441406 15.5806665420532 15.1999998092651 14.970666885376 14.2973337173462 14.2386665344238 14.8600006103516 14.6973333358765 14.0859994888306 16.2439994812012 17.1326675415039 16.0380001068115 16.4500007629395 17.492000579834 18.7266674041748 19.0573329925537 19.0746669769287 18.6599998474121 14.8366670608521 14.3133335113525 18.0879993438721
14.0620002746582 15.4133329391479 16.0839996337891 16.5606670379639 16.9820003509521 16.4440002441406 16.1146659851074 17.2473335266113 17.9060001373291 17.6160011291504 17.0353336334229 16.5086669921875 15.514666557312 15.5593338012695 15.4233331680298 15.0746669769287 14.6853332519531 15.4320001602173 14.1979999542236 13.989333152771 13.6406669616699 15.2333335876465 15.4433336257935 16.4513339996338 17.009334564209 17.1673336029053 16.9300003051758 16.7706661224365 16.2093334197998 15.9713335037231 14.8920001983643 14.4519996643066 14.8819999694824 15.8926668167114 16.9346656799316 16.0340003967285 14.9040002822876 16.5206661224365 17.9893341064453 17.5606670379639 15.8599996566772 17.8833332061768 19.1233329772949 19.1473331451416 19.1186676025391 18.8066673278809 14.7933330535889 13.4666662216187 17.9346675872803
12.4106664657593 14.4153337478638 15.3359994888306 15.6933326721191 16.4326667785645 15.8479995727539 16.8939990997314 17.7159996032715 18.2526664733887 17.8460006713867 17.1766662597656 17.0493335723877 16.3693332672119 15.0553331375122 14.3086671829224 14.5913333892822 15.9773330688477 15.7259998321533 13.3559999465942 13.2126665115356 13.1700000762939 15.1186666488647 16.2346668243408 15.6960000991821 16.5966663360596 17.2040004730225 17.033332824707 16.6593341827393 17.3133335113525 16.4506664276123 15.2033338546753 14.6160001754761 15.3646669387817 16.9093322753906 18.0939998626709 17.656665802002 14.9079999923706 16.5046672821045 18.242000579834 18.5693340301514 16.7940006256104 16.259334564209 18.656665802002 18.996000289917 19.2026672363281 19.0306663513184 15.8879995346069 13.547999382019 17.6586666107178
12.8620004653931 14.0513334274292 16.2919998168945 17.0266666412354 17.5346660614014 17.8339996337891 18.3293323516846 18.673999786377 17.792667388916 16.6833343505859 16.6326675415039 17.681999206543 17.5686664581299 16.5366668701172 15.4673328399658 16.5773334503174 17.1473331451416 16.0086669921875 15.2026662826538 15.4980001449585 14.6840000152588 15.525333404541 16.3666667938232 16.7019996643066 17.6966667175293 18.2119998931885 17.5533332824707 17.7726669311523 18.2140007019043 17.2180004119873 14.7200002670288 14.3739995956421 15.2173337936401 16.7906665802002 18.4853324890137 18.5679988861084 15.4659996032715 16.8740005493164 18.3379993438721 18.7306671142578 17.5020008087158 16.1226673126221 16.6639995574951 16.4206657409668 17.3360004425049 18.4253330230713 16.4386672973633 13.1459999084473 17.1633338928223
16.3293323516846 14.2126665115356 16.2660007476807 17.720666885376 18.4080009460449 18.9006652832031 19.3700008392334 19.5966663360596 18.009334564209 15.699333190918 16.6333332061768 18.2859992980957 18.3973331451416 17.6926670074463 16.6233329772949 17.6253337860107 18.2866668701172 17.3013324737549 16.681999206543 17.0319995880127 16.6746673583984 15.7006673812866 15.9919996261597 17.0659999847412 18.2760009765625 18.8186664581299 19.0646667480469 19.1333332061768 19.029333114624 18.2086658477783 16.4039993286133 15.9093332290649 14.8593330383301 15.6393337249756 18.4853324890137 19.0440006256104 15.2406663894653 16.6986675262451 18.32200050354 18.8533325195312 17.2646656036377 14.9726667404175 14.9779996871948 15.2086668014526 16.0093326568604 17.2826671600342 15.811333656311 12.4473333358765 16.3513336181641
