model/data/bioclim/bclim15.asc
NCOLS 300 
NROWS 300 
XLLCORNER -125.25 
YLLCORNER 30.75 
CELLSIZE 0.0416666666666667 
NODATA_value -3.4e+38 
[rows 22 to 43 of 300, columns 0 to 48 of 300]
-3.4e+38 -3.4e+38 -3.4e+38 -3.4e+38 -3.4e+38 -3.4e+38 -3.4e+38 -3.4e+38 -3.4e+38 -3.4e+38 -3.4e+38 -3.4e+38 -3.4e+38 -3.4e+38 -3.4e+38 -3.4e+38 -3.4e+38 -3.4e+38 -3.4e+38 72.8949661254883 73.9862060546875 75.5600814819336 76.0633926391602 76.2832717895508 76.8266677856445 77.1620330810547 76.7569046020508 77.2350921630859 77.5194854736328 78.7052764892578 78.8738098144531 77.733642578125 76.4478378295898 75.8980026245117 77.6673431396484 80.2710342407227 79.7702102661133 76.7836761474609 78.3839340209961 81.4360198974609 80.8456878662109 80.01025390625 78.3085098266602 76.3057022094727 76.2062301635742 77.8433685302734 76.991325378418 76.8001251220703 75.316650390625
-3.4e+38 -3.4e+38 -3.4e+38 -3.4e+38 -3.4e+38 -3.4e+38 -3.4e+38 -3.4e+38 -3.4e+38 -3.4e+38 -3.4e+38 -3.4e+38 -3.4e+38 -3.4e+38 -3.4e+38 -3.4e+38 -3.4e+38 -3.4e+38 -3.4e+38 -3.4e+38 73.3146362304688 74.9227447509766 75.4536666870117 75.9905853271484 77.0558853149414 77.2449951171875 77.553825378418 77.7708053588867 78.4602813720703 78.8306732177734 78.4481964111328 79.7007293701172 79.4048156738281 78.2462158203125 77.4341659545898 79.2269897460938 79.1108169555664 81.1173324584961 81.2435989379883 82.3404693603516 81.7305603027344 81.2373580932617 79.5649185180664 78.0773239135742 75.8411102294922 75.0699310302734 75.6118850708008 77.1720123291016 76.4465179443359
-3.4e+38 -3.4e+38 -3.4e+38 -3.4e+38 -3.4e+38 -3.4e+38 -3.4e+38 -3.4e+38 -3.4e+38 -3.4e+38 -3.4e+38 -3.4e+38 -3.4e+38 -3.4e+38 -3.4e+38 -3.4e+38 -3.4e+38 -3.4e+38 -3.4e+38 -3.4e+38 73.2384414672852 75.2932739257812 75.7925262451172 76.6766052246094 77.1433334350586 77.3940200805664 77.3116836547852 77.9273376464844 78.5151748657227 78.9640579223633 78.2041931152344 78.5257797241211 79.1101226806641 78.4225082397461 76.267578125 76.3913345336914 79.9220199584961 81.590087890625 82.6593017578125 82.3229064941406 81.8162002563477 80.5014190673828 77.3151321411133 76.8681793212891 74.9906158447266 76.2788925170898 77.2119750976562 77.5943069458008 75.6898727416992
-3.4e+38 -3.4e+38 -3.4e+38 -3.4e+38 -3.4e+38 -3.4e+38 -3.4e+38 -3.4e+38 -3.4e+38 -3.4e+38 -3.4e+38 -3.4e+38 -3.4e+38 -3.4e+38 -3.4e+38 -3.4e+38 -3.4e+38 -3.4e+38 -3.4e+38 -3.4e+38 -3.4e+38 74.5486755371094 76.0044937133789 76.6168823242188 77.1009140014648 77.4121475219727 76.9749069213867 78.2331848144531 78.4505157470703 78.3138961791992 76.6704864501953 78.0913314819336 78.6915969848633 78.2359848022461 76.5348052978516 79.0264663696289 81.1239624023438 81.7489242553711 83.7445755004883 81.320182800293 80.2513275146484 79.1434555053711 76.105842590332 74.7396850585938 74.3463668823242 77.2896270751953 78.3664627075195 77.7384872436523 75.9454956054688
-3.4e+38 -3.4e+38 -3.4e+38 -3.4e+38 -3.4e+38 -3.4e+38 -3.4e+38 -3.4e+38 -3.4e+38 -3.4e+38 -3.4e+38 -3.4e+38 -3.4e+38 -3.4e+38 -3.4e+38 -3.4e+38 -3.4e+38 -3.4e+38 -3.4e+38 -3.4e+38 -3.4e+38 73.6545486450195 75.4383850097656 76.2377624511719 76.6454162597656 76.5365219116211 77.1058807373047 78.243537902832 78.8401718139648 79.2843399047852 78.431884765625 76.4373474121094 77.5491943359375 76.8562774658203 76.8044738769531 76.7373657226562 79.6279525756836 82.0593643188477 83.9355010986328 83.4067535400391 82.9185638427734 81.9617233276367 79.3239822387695 78.3099517822266 76.0994415283203 75.9696197509766 73.9701919555664 75.3314743041992 75.3703536987305
-3.4e+38 -3.4e+38 -3.4e+38 -3.4e+38 -3.4e+38 -3.4e+38 -3.4e+38 -3.4e+38 -3.4e+38 -3.4e+38 -3.4e+38 -3.4e+38 -3.4e+38 -3.4e+38 -3.4e+38 -3.4e+38 -3.4e+38 -3.4e+38 -3.4e+38 -3.4e+38 -3.4e+38 73.440788269043 74.2651977539062 75.4661026000977 75.8644409179688 75.7478790283203 77.7558288574219 78.3230667114258 78.7374420166016 78.969367980957 79.0275039672852 78.1281814575195 77.554313659668 77.7971496582031 78.3712921142578 78.5608978271484 80.7491149902344 83.4766540527344 83.5802383422852 83.6141204833984 82.9536819458008 80.9637222290039 79.4335327148438 76.5083847045898 73.9205017089844 73.1658782958984 72.1957168579102 73.5682983398438 74.9391479492188
-3.4e+38 -3.4e+38 -3.4e+38 -3.4e+38 -3.4e+38 -3.4e+38 -3.4e+38 -3.4e+38 -3.4e+38 -3.4e+38 -3.4e+38 -3.4e+38 -3.4e+38 -3.4e+38 -3.4e+38 -3.4e+38 -3.4e+38 -3.4e+38 -3.4e+38 -3.4e+38 -3.4e+38 -3.4e+38 72.5392379760742 73.0670394897461 74.9114074707031 75.7551879882812 76.9572448730469 77.6315841674805 78.1948089599609 78.9930191040039 79.699462890625 78.9167938232422 79.3407745361328 78.3126602172852 77.8880996704102 79.1995086669922 82.6112747192383 83.4036026000977 83.2503662109375 82.5485153198242 79.1105804443359 78.9447479248047 76.8394317626953 77.3316955566406 74.7163162231445 72.9835739135742 73.4640045166016 74.3572082519531 74.7959747314453
-3.4e+38 -3.4e+38 -3.4e+38 -3.4e+38 -3.4e+38 -3.4e+38 -3.4e+38 -3.4e+38 -3.4e+38 -3.4e+38 -3.4e+38 -3.4e+38 -3.4e+38 -3.4e+38 -3.4e+38 -3.4e+38 -3.4e+38 -3.4e+38 -3.4e+38 -3.4e+38 -3.4e+38 -3.4e+38 -3.4e+38 71.7526321411133 73.5480422973633 75.0792846679688 76.379150390625 77.2744827270508 78.4037780761719 78.942253112793 79.7930145263672 79.1635589599609 78.9966735839844 77.6537246704102 78.111198425293 80.5815505981445 82.2529678344727 82.1785659790039 81.690788269043 80.1430130004883 76.4585647583008 76.4848709106445 74.6559219360352 74.1398239135742 74.5888442993164 73.4251708984375 73.8840866088867 73.120849609375 72.6139602661133
-3.4e+38 -3.4e+38 -3.4e+38 -3.4e+38 -3.4e+38 -3.4e+38 -3.4e+38 -3.4e+38 -3.4e+38 -3.4e+38 -3.4e+38 -3.4e+38 -3.4e+38 -3.4e+38 -3.4e+38 -3.4e+38 -3.4e+38 -3.4e+38 -3.4e+38 -3.4e+38 -3.4e+38 -3.4e+38 -3.4e+38 -3.4e+38 -3.4e+38 74.4775543212891 76.5768737792969 77.7076568603516 78.1992340087891 79.1061477661133 79.5489273071289 79.7571182250977 79.9885177612305 79.2882461547852 78.9917373657227 79.4190902709961 81.7947387695312 81.0731964111328 79.095329284668 79.8908386230469 77.0844345092773 75.0599670410156 76.4935455322266 74.9570617675781 74.5403060913086 73.780647277832 72.4024963378906 72.5942687988281 73.8774108886719
-3.4e+38 -3.4e+38 -3.4e+38 -3.4e+38 -3.4e+38 -3.4e+38 -3.4e+38 -3.4e+38 -3.4e+38 -3.4e+38 -3.4e+38 -3.4e+38 -3.4e+38 -3.4e+38 -3.4e+38 -3.4e+38 -3.4e+38 -3.4e+38 -3.4e+38 -3.4e+38 -3.4e+38 -3.4e+38 -3.4e+38 -3.4e+38 -3.4e+38 73.5226898193359 74.779296875 76.5004425048828 77.875244140625 79.1259460449219 79.3712387084961 79.557731628418 79.3584136962891 79.8178024291992 80.6201705932617 80.6784286499023 81.3571929931641 79.5768508911133 76.0975723266602 76.400390625 75.8206558227539 75.7442626953125 79.7670211791992 77.4609375 76.1834564208984 77.7553405761719 73.6047821044922 72.538444519043 72.3602600097656
-3.4e+38 -3.4e+38 -3.4e+38 -3.4e+38 -3.4e+38 -3.4e+38 -3.4e+38 -3.4e+38 -3.4e+38 -3.4e+38 -3.4e+38 -3.4e+38 -3.4e+38 -3.4e+38 -3.4e+38 -3.4e+38 -3.4e+38 -3.4e+38 -3.4e+38 -3.4e+38 -3.4e+38 -3.4e+38 -3.4e+38 -3.4e+38 -3.4e+38 73.540283203125 73.6813735961914 76.7005462646484 78.3475723266602 79.2831420898438 79.4664840698242 78.9184951782227 78.6956176757812 80.8011474609375 81.6762313842773 81.7493515014648 79.5247192382812 76.7458877563477 74.7559432983398 74.2956466674805 75.3306884765625 76.9570846557617 79.7073364257812 81.4126434326172 78.5383682250977 77.2364807128906 77.2947998046875 76.4705123901367 73.9932327270508
-3.4e+38 -3.4e+38 -3.4e+38 -3.4e+38 -3.4e+38 -3.4e+38 -3.4e+38 -3.4e+38 -3.4e+38 -3.4e+38 -3.4e+38 -3.4e+38 -3.4e+38 -3.4e+38 -3.4e+38 -3.4e+38 -3.4e+38 -3.4e+38 -3.4e+38 -3.4e+38 -3.4e+38 -3.4e+38 -3.4e+38 -3.4e+38 73.5258865356445 73.7164993286133 74.2070922851562 75.6813125610352 78.2204132080078 78.9044876098633 79.4024047851562 80.1567077636719 80.0930099487305 81.0049438476562 81.8008880615234 80.8915863037109 80.0425109863281 76.8112182617188 75.3374862670898 73.9038314819336 76.4339828491211 78.8972549438477 79.2947387695312 80.2351150512695 82.0380020141602 78.1335525512695 80.9693832397461 79.3311233520508 79.2391128540039
-3.4e+38 -3.4e+38 -3.4e+38 -3.4e+38 -3.4e+38 -3.4e+38 -3.4e+38 -3.4e+38 -3.4e+38 -3.4e+38 -3.4e+38 -3.4e+38 -3.4e+38 -3.4e+38 -3.4e+38 -3.4e+38 -3.4e+38 -3.4e+38 -3.4e+38 -3.4e+38 -3.4e+38 -3.4e+38 -3.4e+38 -3.4e+38 73.590202331543 73.7639617919922 74.6469497680664 75.5432281494141 77.2690734863281 78.4807968139648 79.4705810546875 79.9220428466797 78.9244842529297 78.6317443847656 80.4146041870117 78.5181045532227 77.3572235107422 75.7191467285156 76.6483306884766 74.6688385009766 74.8784332275391 75.0720367431641 75.3837890625 78.9494400024414 82.5212097167969 82.5787811279297 81.4692764282227 78.5838394165039 78.5083923339844
-3.4e+38 -3.4e+38 -3.4e+38 -3.4e+38 -3.4e+38 -3.4e+38 -3.4e+38 -3.4e+38 -3.4e+38 -3.4e+38 -3.4e+38 -3.4e+38 -3.4e+38 -3.4e+38 -3.4e+38 -3.4e+38 -3.4e+38 -3.4e+38 -3.4e+38 -3.4e+38 -3.4e+38 -3.4e+38 -3.4e+38 73.3099060058594 73.6591262817383 73.7295150756836 74.6500778198242 76.6625137329102 77.6336898803711 78.6871109008789 79.2570724487305 79.8947525024414 79.3320846557617 79.4040145874023 78.9697265625 77.111213684082 77.7230453491211 75.8074188232422 77.7809371948242 75.9431228637695 76.9758071899414 76.1398773193359 78.1969146728516 80.7498626708984 83.1105499267578 82.7568817138672 81.6712036132812 78.1669235229492 76.5052108764648
-3.4e+38 -3.4e+38 -3.4e+38 -3.4e+38 -3.4e+38 -3.4e+38 -3.4e+38 -3.4e+38 -3.4e+38 -3.4e+38 -3.4e+38 -3.4e+38 -3.4e+38 -3.4e+38 -3.4e+38 -3.4e+38 -3.4e+38 -3.4e+38 -3.4e+38 -3.4e+38 -3.4e+38 -3.4e+38 -3.4e+38 -3.4e+38 -3.4e+38 73.2725830078125 74.8800964355469 76.8689193725586 77.771354675293 78.7011108398438 79.3321762084961 79.9657516479492 80.1960906982422 80.3323516845703 77.9983520507812 76.868782043457 78.5603256225586 76.6626815795898 77.0195617675781 79.5160903930664 80.4832229614258 81.3810577392578 81.2133407592773 83.0026626586914 81.4133453369141 81.7785110473633 79.5365676879883 76.5523071289062 75.8601150512695
-3.4e+38 -3.4e+38 -3.4e+38 -3.4e+38 -3.4e+38 -3.4e+38 -3.4e+38 -3.4e+38 -3.4e+38 -3.4e+38 -3.4e+38 -3.4e+38 -3.4e+38 -3.4e+38 -3.4e+38 -3.4e+38 -3.4e+38 -3.4e+38 -3.4e+38 -3.4e+38 -3.4e+38 -3.4e+38 -3.4e+38 -3.4e+38 -3.4e+38 -3.4e+38 75.8406677246094 77.4967269897461 78.1221160888672 78.85498046875 79.0883712768555 80.0416717529297 80.3351821899414 80.3613662719727 79.910400390625 79.6932907104492 77.3501510620117 75.5682601928711 75.5403366088867 75.9933929443359 76.0022659301758 80.3138580322266 81.4333190917969 83.0264739990234 80.3047256469727 80.7964553833008 77.6698608398438 73.255126953125 72.7425842285156
-3.4e+38 -3.4e+38 -3.4e+38 -3.4e+38 -3.4e+38 -3.4e+38 -3.4e+38 -3.4e+38 -3.4e+38 -3.4e+38 -3.4e+38 -3.4e+38 -3.4e+38 -3.4e+38 -3.4e+38 -3.4e+38 -3.4e+38 -3.4e+38 -3.4e+38 -3.4e+38 -3.4e+38 -3.4e+38 -3.4e+38 -3.4e+38 -3.4e+38 -3.4e+38 74.9027938842773 76.7113876342773 77.9269104003906 78.4940338134766 78.6373596191406 79.2807235717773 80.318000793457 80.4112319946289 80.9097213745117 79.522575378418 77.6362838745117 75.2626266479492 76.4812850952148 79.407844543457 77.8750305175781 79.5203399658203 81.4642562866211 82.7949142456055 79.5360412597656 76.4417877197266 78.0103225708008 74.4759521484375 71.0584259033203
-3.4e+38 -3.4e+38 -3.4e+38 -3.4e+38 -3.4e+38 -3.4e+38 -3.4e+38 -3.4e+38 -3.4e+38 -3.4e+38 -3.4e+38 -3.4e+38 -3.4e+38 -3.4e+38 -3.4e+38 -3.4e+38 -3.4e+38 -3.4e+38 -3.4e+38 -3.4e+38 -3.4e+38 -3.4e+38 -3.4e+38 -3.4e+38 -3.4e+38 -3.4e+38 -3.4e+38 75.1307754516602 77.034553527832 77.6012191772461 78.3505401611328 78.414176940918 79.7647705078125 78.5982131958008 77.7295532226562 79.1643829345703 75.9891204833984 76.3604049682617 78.9180145263672 80.491943359375 77.8237380981445 81.6847839355469 82.272087097168 81.4009094238281 77.9507293701172 73.7835006713867 73.6464538574219 74.1859436035156 71.5052642822266
-3.4e+38 -3.4e+38 -3.4e+38 -3.4e+38 -3.4e+38 -3.4e+38 -3.4e+38 -3.4e+38 -3.4e+38 -3.4e+38 -3.4e+38 -3.4e+38 -3.4e+38 -3.4e+38 -3.4e+38 -3.4e+38 -3.4e+38 -3.4e+38 -3.4e+38 -3.4e+38 -3.4e+38 -3.4e+38 -3.4e+38 -3.4e+38 -3.4e+38 -3.4e+38 -3.4e+38 75.2524719238281 76.0563583374023 77.3517837524414 77.7681655883789 78.6194000244141 79.2127227783203 79.185905456543 78.5874862670898 76.8711242675781 76.730110168457 76.5058441162109 78.2589874267578 79.1416320800781 81.1371688842773 82.4379730224609 78.7972106933594 79.2782592773438 75.6806869506836 72.3160934448242 72.0615768432617 72.0469436645508 71.3432235717773
-3.4e+38 -3.4e+38 -3.4e+38 -3.4e+38 -3.4e+38 -3.4e+38 -3.4e+38 -3.4e+38 -3.4e+38 -3.4e+38 -3.4e+38 -3.4e+38 -3.4e+38 -3.4e+38 -3.4e+38 -3.4e+38 -3.4e+38 -3.4e+38 -3.4e+38 -3.4e+38 -3.4e+38 -3.4e+38 -3.4e+38 -3.4e+38 -3.4e+38 -3.4e+38 -3.4e+38 -3.4e+38 76.1279907226562 77.0467300415039 77.1909790039062 78.0976638793945 77.7577209472656 79.3859634399414 79.435173034668 77.7399597167969 77.8225173950195 78.4098968505859 77.9381866455078 80.2065048217773 79.7344741821289 82.1397094726562 79.5626754760742 76.2687759399414 74.2434616088867 72.4474334716797 72.5642700195312 75.2891159057617 73.2849655151367
-3.4e+38 -3.4e+38 -3.4e+38 -3.4e+38 -3.4e+38 -3.4e+38 -3.4e+38 -3.4e+38 -3.4e+38 -3.4e+38 -3.4e+38 -3.4e+38 -3.4e+38 -3.4e+38 -3.4e+38 -3.4e+38 -3.4e+38 -3.4e+38 -3.4e+38 -3.4e+38 -3.4e+38 -3.4e+38 -3.4e+38 -3.4e+38 -3.4e+38 -3.4e+38 -3.4e+38 -3.4e+38 75.9571990966797 77.1402816772461 77.3389129638672 77.7020416259766 78.5593338012695 78.8918228149414 80.2338562011719 79.6204605102539 79.2400588989258 78.4831314086914 77.753288269043 79.3674163818359 80.3218841552734 81.9705657958984 80.7410430908203 76.3731002807617 75.2589569091797 75.7904891967773 74.3616027832031 77.9696655273438 75.2397918701172
-3.4e+38 -3.4e+38 -3.4e+38 -3.4e+38 -3.4e+38 -3.4e+38 -3.4e+38 -3.4e+38 -3.4e+38 -3.4e+38 -3.4e+38 -3.4e+38 -3.4e+38 -3.4e+38 -3.4e+38 -3.4e+38 -3.4e+38 -3.4e+38 -3.4e+38 -3.4e+38 -3.4e+38 -3.4e+38 -3.4e+38 -3.4e+38 -3.4e+38 -3.4e+38 -3.4e+38 -3.4e+38 75.4616546630859 77.5216903686523 78.0983810424805 77.796760559082 78.6349792480469 79.4396591186523 79.9653167724609 79.3582458496094 79.1622085571289 78.8803863525391 77.7931442260742 77.5786819458008 78.586051940918 81.0059356689453 80.9070205688477 78.1181793212891 79.1274490356445 79.3459625244141 78.6878814697266 75.6019439697266 72.4536285400391
