model/data/bioclim/bclim10.asc
NCOLS 300 
NROWS 300 
XLLCORNER -125.250000000003 
YLLCORNER 30.7499999999996 
CELLSIZE 0.041666666666667 
NODATA_value -32768 
[rows 0 to 37 of 300, columns 172 to 257 of 300]
169 174 181 184 186 186 184 182 181 184 185 194 192 197 193 178 174 176 167 150 148 162 167 172 180 178 172 164 156 155 174 189 186 179 196 207 216 216 211 214 219 216 213 212 210 210 209 211 213 215 215 215 214 213 213 209 207 207 203 197 182 174 167 137 133 143 146 150 153 153 151 156 156 156 156 151 160 160 168 169 159 161 164 162 159 159
181 186 186 186 185 186 184 181 180 186 194 189 192 186 179 172 172 172 168 164 166 170 156 158 176 179 172 164 158 157 161 183 182 178 192 202 211 214 211 214 223 221 218 216 211 213 213 213 214 216 216 216 216 214 215 212 212 212 210 207 203 193 187 171 156 153 154 150 156 157 158 159 157 157 156 154 157 158 158 163 163 163 163 163 159 164
184 186 184 184 184 185 185 185 185 188 188 180 176 175 174 175 176 175 173 173 175 175 172 170 175 179 174 162 152 143 152 167 164 163 174 195 204 207 211 216 223 229 226 218 216 217 216 216 216 215 216 217 216 216 215 214 215 215 211 210 207 207 205 200 187 183 174 172 171 170 170 170 169 166 171 174 175 172 174 172 169 170 175 170 171 177
182 184 183 180 181 185 187 190 200 195 187 184 181 177 178 178 178 178 179 178 178 175 178 179 179 174 174 167 152 135 143 157 143 157 169 190 200 205 208 215 220 227 229 229 225 220 219 218 217 217 218 217 217 217 215 215 215 216 214 212 212 211 210 210 207 203 200 195 191 189 186 184 182 183 186 185 189 192 191 188 189 191 192 192 196 193
181 182 181 182 179 185 188 193 196 199 191 187 180 179 178 177 178 180 179 177 174 176 177 178 179 172 160 168 155 140 133 139 141 165 180 190 196 200 206 213 219 223 226 226 228 224 221 220 218 218 218 219 219 219 217 216 216 216 216 214 213 212 212 212 210 208 206 205 206 204 204 204 202 202 202 202 202 200 201 201 203 203 205 206 205 204
177 181 182 184 186 188 192 196 199 196 191 187 184 182 179 176 177 180 180 178 175 175 179 181 179 173 160 162 159 155 147 136 136 146 165 172 187 197 205 213 219 222 225 225 226 226 226 226 222 219 219 219 219 219 218 217 217 216 216 215 214 215 214 213 213 211 210 212 219 218 215 213 214 213 212 211 208 207 207 209 210 208 209 210 209 208
177 179 182 184 187 190 192 195 196 193 190 188 183 182 178 178 179 181 180 179 180 181 181 182 181 179 174 166 164 161 149 130 124 126 130 162 182 194 198 203 211 219 218 220 220 221 223 225 226 224 222 222 221 222 221 220 218 217 218 216 217 219 220 217 215 216 219 218 221 220 219 214 214 212 208 211 211 210 210 212 211 211 211 211 210 210
170 178 182 185 187 189 191 194 195 193 189 190 192 190 185 183 180 181 182 182 181 180 178 180 181 181 172 166 165 168 155 150 141 140 131 148 166 182 193 199 205 212 211 212 214 217 219 222 224 224 225 224 223 223 221 225 225 224 221 223 222 221 223 221 217 219 220 218 214 218 218 215 214 214 213 213 212 212 212 211 211 212 212 212 211 210
168 178 185 187 187 188 190 193 198 195 193 194 193 193 190 187 184 181 180 180 181 181 176 175 179 180 177 171 173 173 167 162 155 154 154 154 156 166 185 195 199 200 202 206 209 211 216 219 221 220 221 222 224 226 223 219 221 223 219 220 222 218 217 213 212 214 214 217 214 214 217 216 215 214 214 217 214 214 213 211 211 211 211 211 210 208
168 177 183 189 190 191 192 193 199 200 202 195 191 191 188 182 177 178 180 179 176 174 172 166 171 177 171 174 173 172 170 167 165 162 166 166 162 151 163 184 177 185 192 199 204 207 211 215 216 217 219 222 223 223 223 223 218 213 211 216 219 217 215 216 214 212 213 213 215 213 213 211 210 210 211 211 217 214 213 212 212 211 211 210 210 208
164 173 174 184 191 193 193 194 197 196 200 198 192 189 189 186 181 177 178 176 175 174 171 164 163 172 162 161 165 165 166 164 163 168 169 164 165 166 170 174 161 173 179 190 199 205 208 210 212 215 217 221 220 220 219 221 221 213 210 214 213 215 214 215 214 214 213 212 213 212 211 210 209 210 209 216 219 214 213 213 213 212 212 211 210 208
174 179 181 184 190 194 195 197 197 195 195 194 192 191 188 183 181 180 180 179 177 176 174 170 169 167 153 144 145 158 156 154 154 163 164 163 156 158 161 152 155 156 169 184 192 199 203 205 208 213 215 217 216 216 212 216 218 214 207 207 204 206 209 212 213 212 212 209 211 211 209 209 208 209 208 217 218 216 215 214 213 213 212 211 209 207
190 187 187 187 193 194 195 196 196 196 195 195 193 190 185 180 181 183 180 176 177 178 177 175 174 169 153 139 133 147 145 146 145 153 158 153 156 154 155 149 142 150 164 168 173 177 184 196 200 205 207 211 211 211 207 212 211 210 204 203 202 203 203 204 206 210 211 209 211 210 210 208 206 207 207 211 212 217 215 214 214 213 212 211 209 207
190 192 192 193 194 195 196 196 196 196 194 193 192 190 186 182 181 179 179 181 177 178 177 175 173 170 163 155 148 146 140 143 143 148 154 150 155 156 149 148 150 148 153 154 153 161 175 181 191 194 198 203 203 205 204 205 202 202 201 199 198 198 199 199 198 199 203 206 208 210 209 208 204 204 205 207 210 215 217 215 215 213 212 211 209 207
189 190 193 195 195 195 196 196 196 195 193 191 191 191 189 184 179 171 173 178 182 178 175 175 173 172 171 167 160 155 149 146 147 156 156 153 156 153 148 148 150 152 153 154 157 165 170 174 182 186 187 192 192 194 199 200 199 200 198 196 193 192 193 195 197 197 197 198 200 203 205 206 206 202 202 204 208 210 215 213 210 211 213 211 210 210
189 190 193 195 195 194 194 193 193 195 192 188 188 189 186 182 179 174 174 177 181 179 176 175 176 174 170 168 165 160 158 157 159 164 165 160 156 155 152 151 151 151 152 154 159 158 159 168 175 182 179 180 183 187 191 195 197 197 197 194 192 191 192 192 194 194 194 197 196 195 198 198 200 203 202 201 205 206 207 204 203 205 206 207 207 208
191 191 193 195 194 193 188 186 187 194 195 191 186 184 182 180 178 176 175 174 176 181 179 179 177 175 172 165 163 163 161 161 164 163 161 159 159 157 156 155 153 154 154 153 155 156 158 165 172 177 176 173 178 181 184 188 191 194 194 194 193 193 193 193 193 191 189 190 193 194 192 195 196 199 200 201 201 203 202 201 199 200 201 202 203 203
188 189 192 193 193 191 187 178 179 191 194 190 185 179 178 178 175 174 174 174 176 181 182 177 177 170 169 158 159 161 161 163 162 164 167 164 162 157 156 155 155 156 155 152 156 157 157 162 165 170 174 173 174 176 179 183 186 188 191 192 191 189 190 189 189 189 187 186 186 188 192 192 191 191 196 199 200 200 200 199 197 197 197 197 197 199
187 188 192 192 191 185 185 180 179 191 191 185 177 174 175 175 174 173 174 176 180 176 177 177 176 167 161 155 151 155 164 167 167 170 168 166 160 158 154 153 156 156 156 157 157 157 155 156 159 161 169 171 172 173 175 180 183 182 185 191 189 186 186 186 187 186 185 183 183 185 187 189 189 191 193 196 197 198 197 196 194 192 191 192 192 192
186 183 189 186 187 186 183 183 180 187 180 176 173 172 172 174 175 176 175 175 181 178 177 175 174 169 165 157 146 144 152 158 167 172 171 167 165 162 158 156 157 158 159 157 157 155 155 154 155 156 164 166 170 173 174 176 179 180 182 185 184 180 179 182 185 186 184 180 178 182 184 185 187 190 190 192 193 195 194 193 191 188 186 189 191 189
184 182 180 176 174 185 182 180 178 178 174 172 171 171 170 173 175 174 173 172 177 174 174 176 173 167 163 158 154 156 155 158 168 176 174 169 167 166 165 162 160 160 158 157 159 156 153 153 152 154 158 165 168 171 173 176 178 177 179 183 182 178 175 177 177 182 181 179 177 178 180 182 184 187 187 186 188 189 191 190 189 187 187 187 188 189
172 171 173 174 158 173 177 180 173 167 170 170 170 169 169 171 173 174 173 173 175 172 170 171 175 169 165 164 172 173 167 167 173 176 176 172 166 165 164 164 162 160 157 158 159 159 155 153 150 152 155 164 167 168 169 174 175 176 182 180 179 179 177 175 174 178 179 178 177 176 174 178 181 183 184 184 185 185 185 187 186 187 187 187 188 188
154 152 167 170 161 158 171 177 170 160 155 165 168 167 167 169 171 173 174 173 172 172 172 171 171 171 172 170 171 177 173 168 167 176 174 172 167 167 167 165 163 160 158 159 161 162 160 159 158 154 155 160 166 168 169 171 172 181 184 177 177 177 176 176 174 174 175 175 176 174 174 175 178 179 179 180 180 180 181 181 182 184 186 186 186 184
145 141 170 178 176 166 170 179 173 161 153 162 164 165 166 167 169 170 172 171 171 170 172 171 169 169 168 172 179 179 173 171 168 175 175 171 169 171 168 165 162 160 159 161 163 163 164 160 157 155 155 157 163 167 167 170 170 177 173 176 175 175 175 174 173 168 170 172 173 172 171 170 172 172 174 174 175 177 178 178 180 181 183 184 183 179
149 142 167 176 180 182 181 181 175 162 153 160 161 162 161 163 163 164 167 169 168 168 169 169 169 169 169 169 177 172 171 171 172 173 177 175 173 174 169 168 163 161 159 163 164 165 164 162 157 154 155 154 157 164 166 171 168 173 169 170 172 174 172 171 169 168 169 169 171 170 167 166 169 169 169 169 172 173 174 177 179 181 182 182 181 178
146 137 150 158 177 183 185 184 173 161 159 155 159 160 157 157 159 161 163 166 166 167 166 167 167 170 171 173 179 176 172 171 172 173 176 174 170 170 168 167 165 161 160 162 165 165 164 162 155 152 153 153 153 158 163 167 167 173 166 166 168 170 170 167 166 166 167 169 169 168 165 162 164 165 166 168 172 171 170 175 179 180 179 177 174 173
140 135 137 133 162 181 187 187 178 162 165 151 153 155 155 152 155 160 163 163 164 165 166 165 167 170 171 170 174 176 174 172 171 171 170 171 168 167 168 170 168 163 160 163 163 165 165 159 151 148 151 152 153 155 161 165 165 171 162 162 164 165 167 165 166 167 166 168 169 168 165 163 163 164 162 161 158 155 154 174 177 176 171 161 162 166
148 145 141 136 158 181 188 188 184 176 172 151 149 152 155 154 156 160 161 162 164 166 167 167 169 171 171 172 174 170 173 174 171 171 172 169 168 169 172 170 167 163 159 164 162 165 165 155 145 143 146 150 152 158 158 159 160 166 163 158 161 162 164 165 164 165 165 166 169 168 165 162 161 160 156 148 145 141 153 177 177 174 164 154 161 164
169 169 167 164 157 170 188 189 185 182 177 164 150 151 154 156 158 159 159 161 164 166 168 169 170 172 173 175 174 170 172 176 172 173 176 174 173 173 173 172 166 161 158 164 165 165 165 151 142 140 141 144 149 154 158 158 156 159 164 157 159 161 160 163 163 162 162 163 166 166 165 159 155 148 144 138 136 140 169 177 177 174 165 155 165 169
176 176 171 176 175 176 186 189 188 185 182 175 160 160 157 155 158 155 158 161 163 167 166 168 170 172 174 175 170 170 171 173 175 172 174 177 176 174 173 171 166 161 159 162 166 166 164 153 138 133 136 141 140 146 152 151 154 156 164 156 157 157 156 158 161 161 160 161 162 161 159 151 142 136 136 136 144 147 170 172 177 174 172 166 170 171
172 171 168 168 178 182 188 189 190 188 185 180 173 170 165 164 158 154 156 158 162 167 169 170 172 174 176 175 168 169 172 172 172 175 172 170 168 166 164 163 162 160 158 162 166 165 165 159 138 131 132 142 144 138 141 145 149 158 162 153 149 151 150 152 153 153 152 151 152 152 147 138 125 139 142 146 149 142 163 169 174 174 178 176 173 167
160 165 168 176 179 182 188 189 191 189 186 179 171 168 153 160 166 160 158 160 163 164 167 169 171 174 175 175 173 168 168 171 172 175 175 173 171 168 166 164 163 162 161 163 166 165 164 161 151 144 138 140 142 136 132 145 148 162 153 144 137 137 142 146 141 141 144 138 140 143 140 128 129 146 150 158 149 149 157 166 173 178 179 176 171 164
159 162 173 179 176 177 179 191 192 190 185 171 156 159 152 149 154 157 149 157 161 164 166 169 170 172 173 173 174 173 171 171 172 175 176 174 172 170 168 166 165 165 164 165 165 162 160 155 154 148 141 138 136 134 136 142 145 158 159 149 136 127 131 142 132 125 137 124 123 129 132 131 137 148 157 160 151 155 153 160 174 180 179 177 171 157
154 152 171 177 174 172 174 194 193 190 184 168 156 145 139 145 148 151 135 151 160 165 166 168 170 172 174 174 173 174 175 175 175 176 176 175 173 171 169 168 167 167 167 167 164 159 151 144 148 148 153 149 146 133 129 144 150 151 150 158 150 140 124 133 105 113 138 120 113 128 137 142 150 151 163 154 153 150 152 165 176 178 172 175 172 158
151 159 173 178 178 183 187 195 193 190 182 164 143 139 144 148 153 157 143 150 159 162 164 167 170 172 174 174 174 173 175 175 176 175 176 175 174 173 171 170 170 169 170 169 165 160 148 134 137 142 150 153 150 145 140 142 144 141 135 150 148 119 116 125 113 107 123 112 115 136 149 153 156 162 165 157 149 138 153 169 179 167 149 167 168 152
161 164 180 182 185 196 197 196 193 188 179 167 147 144 151 155 158 162 153 153 160 163 166 168 169 171 174 175 175 174 175 176 176 176 175 175 174 173 172 171 171 171 173 171 167 161 147 131 134 145 151 155 151 147 143 145 141 137 132 134 149 114 127 113 112 104 110 121 132 147 155 159 162 165 160 163 157 142 153 170 176 166 149 164 162 157
171 182 189 191 197 200 199 196 190 182 169 152 135 150 160 156 151 157 160 159 162 165 166 168 169 171 172 174 175 175 176 176 176 176 176 175 174 173 173 173 172 172 173 170 166 161 147 134 127 142 154 152 148 143 148 146 143 145 137 147 152 141 138 126 127 118 117 131 144 153 157 160 163 158 147 152 159 166 172 170 158 153 148 165 165 160
184 188 193 199 201 201 199 195 182 166 149 130 129 143 159 161 153 155 157 164 168 166 165 167 170 172 172 173 175 175 176 177 177 176 176 175 174 173 173 173 173 171 172 171 166 156 124 136 142 147 142 141 140 146 151 150 149 147 137 141 148 154 139 134 137 122 126 141 152 155 158 161 161 153 142 152 161 171 173 157 141 141 148 155 162 165
