model/data/bioclim/bclim13.asc
NCOLS 300 
NROWS 300 
XLLCORNER -125.25 
YLLCORNER 30.75 
CELLSIZE 0.0416666666666667 
NODATA_value -3.4e+38 
[rows 114 to 151 of 300, columns 86 to 171 of 300]
101 99 100 100 99 99 98 98 98 99 99 100 101 103 106 112 119 126 135 147 157 168 177 188 203 211 224 236 240 234 229 227 220 213 208 199 189 182 176 168 159 153 154 144 140 135 131 113 122 106 111 82 61 64 76 88 104 76 45 36 39 32 31 29 25 25 28 36 46 42 26 20 16 15 15 16 16 16 16 17 17 17 17 17 18 18
101 99 99 99 98 98 98 98 98 98 99 100 103 105 106 109 118 126 131 139 154 165 176 188 192 201 215 208 220 234 243 238 234 224 213 203 195 185 174 165 156 151 144 142 133 130 129 121 133 117 121 101 78 64 82 101 116 97 55 37 32 30 29 27 26 25 26 28 35 44 32 24 20 17 16 16 17 17 16 16 18 19 17 17 18 18
100 99 98 98 97 97 97 97 97 98 99 101 102 105 106 108 113 122 131 145 158 165 171 186 198 188 189 199 210 215 234 240 237 227 216 205 195 185 176 167 158 151 151 143 126 129 133 131 137 137 129 107 91 72 86 93 104 95 61 40 39 37 34 32 28 25 25 25 28 29 34 34 28 21 17 18 20 21 17 16 16 16 17 17 17 18
99 98 97 96 96 96 96 96 97 98 99 99 101 104 108 112 111 116 128 143 156 160 165 173 177 183 196 194 199 207 233 248 239 230 218 209 198 188 181 171 162 148 141 133 133 130 137 139 144 137 109 80 75 68 74 76 70 80 57 46 59 56 50 38 32 29 27 27 29 29 31 37 32 24 18 17 19 21 19 16 16 17 17 17 17 18
97 96 95 94 94 95 95 95 96 97 98 99 102 104 105 108 109 114 122 136 144 156 154 162 166 177 194 197 202 213 225 238 243 233 220 211 200 190 181 171 161 153 149 144 138 132 124 139 144 126 105 96 96 81 86 76 57 61 43 47 61 59 52 45 44 36 34 35 36 32 37 41 33 21 19 19 19 21 24 20 20 21 21 17 17 17
95 94 92 92 92 93 93 94 96 97 98 99 99 101 104 107 109 113 119 129 138 152 156 158 165 175 187 192 192 205 222 237 241 229 225 214 203 193 184 173 166 161 158 155 148 143 130 132 138 137 116 114 117 100 108 88 63 45 41 48 55 65 64 53 52 46 45 43 44 32 33 38 32 23 21 24 24 22 21 19 18 20 20 16 17 17
92 91 90 90 90 91 92 93 95 96 97 98 98 100 101 103 106 109 113 125 136 145 149 149 163 181 179 181 179 191 218 226 220 227 225 217 207 196 180 177 169 163 160 158 155 150 145 146 143 136 114 127 130 120 92 81 58 47 44 53 57 73 75 65 54 55 45 36 33 32 33 39 29 26 27 26 25 20 17 16 15 16 16 16 16 16
88 88 87 86 87 88 90 92 94 95 95 96 96 96 98 100 103 107 112 123 128 135 145 145 151 161 168 165 173 190 207 192 178 195 201 203 197 189 187 181 172 164 161 159 153 150 148 144 139 139 128 127 129 113 121 98 64 56 51 56 57 59 59 57 54 43 39 39 35 34 35 37 31 31 26 22 23 22 17 16 15 18 19 15 15 16
84 84 83 83 84 86 87 90 92 93 93 93 93 94 97 100 103 104 108 116 124 140 166 162 142 147 151 162 172 183 181 168 199 199 211 211 209 201 193 184 175 167 159 154 149 145 139 138 143 138 142 135 129 119 101 90 93 75 66 60 61 60 58 49 43 38 37 37 36 35 38 41 35 31 24 22 23 20 19 17 16 16 17 16 15 15
80 79 79 79 81 82 84 87 89 91 91 90 90 91 93 96 97 99 101 109 128 133 166 153 139 143 152 157 163 166 157 169 177 180 199 207 209 204 195 186 177 169 161 152 147 142 140 145 140 134 134 135 130 129 130 124 119 97 82 70 65 58 48 43 40 39 38 38 37 37 40 41 38 29 27 26 24 23 21 21 19 17 20 19 16 15
76 75 76 76 76 78 80 82 85 87 87 86 86 87 88 90 92 94 96 104 125 133 136 152 149 145 142 149 151 146 161 176 193 206 204 208 208 205 197 189 180 171 162 155 148 141 137 138 131 128 128 130 130 129 128 130 120 122 102 73 55 51 47 45 43 41 39 39 40 39 40 38 35 32 31 29 27 25 23 24 21 19 21 26 20 15
72 72 72 72 73 73 75 78 80 81 82 82 82 83 84 86 88 91 94 96 104 126 129 132 146 157 139 137 136 152 162 183 176 183 198 196 200 205 196 192 184 175 167 159 151 143 138 134 131 127 134 119 128 130 117 116 133 113 100 81 57 53 51 49 46 45 42 42 44 42 40 38 37 37 37 36 31 31 28 26 22 20 20 20 17 14
69 68 68 67 69 70 71 73 75 76 77 77 78 79 80 81 84 85 88 89 94 108 125 121 125 127 133 126 133 144 149 157 165 176 172 179 199 206 191 190 187 179 172 166 157 148 141 134 127 126 118 129 133 116 112 126 133 126 124 111 69 57 54 52 50 47 46 49 51 43 40 37 35 34 36 36 36 33 31 28 28 24 20 18 18 18
66 65 65 64 64 65 66 68 69 70 72 73 73 75 75 77 78 80 82 83 86 93 111 121 112 111 118 120 127 133 135 142 154 162 156 178 190 199 185 187 184 180 172 170 160 154 148 142 134 129 121 114 109 118 110 124 132 123 114 90 74 62 58 55 53 51 51 53 50 48 42 38 36 35 36 35 32 29 26 26 34 30 23 19 16 15
64 62 61 61 61 61 62 63 64 65 67 68 69 70 71 72 74 75 77 79 81 85 95 110 110 103 109 118 126 122 129 138 136 140 141 157 160 187 175 172 161 164 171 170 167 157 149 144 140 136 136 139 125 112 111 114 117 118 133 114 76 67 63 64 59 57 57 55 51 48 44 41 39 36 36 32 30 28 31 38 45 34 25 20 15 14
62 60 59 58 57 57 58 59 60 61 63 64 65 66 67 69 70 72 74 76 79 80 82 88 93 103 110 111 120 118 117 119 135 157 164 164 162 145 147 156 173 180 182 179 170 160 153 148 144 138 133 141 130 123 127 122 113 126 128 117 80 73 69 69 66 64 63 62 56 51 48 46 43 40 38 33 31 31 48 71 54 36 26 20 16 14
67 58 56 55 54 54 54 55 56 57 59 60 62 63 64 65 66 68 70 72 75 77 78 80 84 94 105 108 112 113 111 128 129 152 174 181 169 171 167 173 183 185 184 183 177 167 158 152 149 138 136 132 124 132 130 134 132 119 139 135 100 78 75 72 70 67 67 66 64 63 56 51 49 43 38 34 32 31 50 86 61 41 32 20 16 14
81 64 57 53 51 51 51 52 53 54 56 57 58 59 60 61 63 64 66 68 70 72 74 79 81 82 86 94 104 107 103 107 138 140 153 175 179 171 162 169 187 194 190 185 178 169 161 155 150 143 138 132 128 126 126 133 145 134 130 122 98 82 84 76 72 68 65 62 63 65 66 68 57 46 42 37 35 31 37 83 85 54 36 24 16 14
92 72 61 54 50 49 48 49 51 52 53 55 56 57 58 58 59 61 63 65 68 70 71 72 74 75 76 80 89 100 97 104 121 140 136 145 169 169 162 161 173 179 184 188 182 179 172 167 162 159 153 135 130 128 120 129 139 148 130 116 105 109 90 80 76 72 68 64 60 57 55 60 60 49 46 39 34 27 28 45 79 67 47 29 19 14
110 106 86 74 57 49 48 49 50 50 51 53 54 55 55 56 57 59 61 62 64 66 68 69 72 74 75 77 79 87 97 98 107 112 109 136 166 161 156 153 164 168 165 173 167 170 180 166 158 151 146 139 134 141 135 122 133 135 122 127 109 96 90 82 79 75 71 68 63 60 58 55 54 51 49 42 35 27 25 32 58 82 53 36 26 16
115 120 98 84 72 60 52 51 50 50 51 52 52 53 54 55 56 57 59 60 62 63 65 67 68 70 72 73 74 81 85 94 102 102 125 120 137 151 138 151 163 150 153 150 176 187 182 171 161 156 149 143 138 140 148 135 132 122 106 119 109 94 91 90 81 77 74 71 67 64 61 58 55 52 49 44 35 28 24 28 50 94 78 42 29 20
140 151 137 116 90 81 67 57 53 51 51 51 52 53 53 54 55 56 57 59 60 61 63 66 67 69 70 72 73 75 78 82 97 94 111 138 127 127 129 141 141 162 182 180 162 178 185 181 169 159 153 149 144 139 140 132 125 114 110 108 105 96 92 95 92 86 83 74 71 66 63 61 58 55 51 45 35 28 25 29 44 73 92 58 36 25
170 183 162 170 138 98 88 89 67 55 53 52 52 52 53 53 54 55 57 58 59 60 63 65 67 68 70 70 71 73 74 77 88 91 100 120 151 151 162 157 165 163 181 189 178 191 188 187 178 167 158 151 146 140 140 129 124 120 117 112 106 101 95 100 111 111 105 95 81 71 67 63 60 56 52 45 36 30 26 26 40 70 89 69 54 41
143 163 183 172 174 126 123 112 87 71 57 54 53 53 53 53 54 55 56 57 58 59 61 64 65 66 67 68 69 70 73 74 78 86 94 104 126 133 153 164 162 166 168 177 186 193 189 190 187 178 167 158 150 145 140 134 131 129 123 123 112 105 102 99 96 107 114 113 97 97 83 76 61 55 49 42 36 30 26 24 35 53 77 70 56 49
189 147 201 181 184 165 149 145 101 90 70 58 54 54 53 54 54 54 55 56 57 58 60 61 63 64 65 66 68 70 73 76 76 81 91 94 100 114 143 141 145 152 152 156 168 179 182 189 186 180 170 160 155 153 151 144 140 134 132 127 116 107 107 117 105 104 111 114 111 107 85 93 61 50 46 42 36 31 26 24 30 43 56 67 63 52
176 161 159 180 187 146 135 114 104 88 86 66 57 55 55 54 54 54 55 55 56 57 58 59 61 63 65 66 68 71 74 73 72 73 84 88 103 106 131 134 121 133 139 142 159 155 174 191 188 183 178 170 163 161 160 154 147 142 138 133 126 115 114 113 106 105 99 101 102 111 101 99 63 49 44 42 37 31 27 24 26 41 52 63 54 47
181 169 154 155 157 151 141 122 126 94 87 70 60 57 56 55 54 54 54 54 55 55 56 58 60 62 63 65 66 67 69 68 68 68 73 78 84 96 104 118 128 135 128 126 138 152 158 171 179 180 182 175 165 165 165 160 153 147 143 135 132 126 114 108 103 99 103 110 118 120 118 87 68 54 47 41 36 30 27 24 25 38 47 64 55 44
187 180 153 147 143 159 157 112 112 97 84 72 62 58 56 56 55 54 54 54 54 54 55 56 58 60 62 63 64 64 65 65 65 65 67 70 77 81 90 105 117 120 109 110 106 143 142 147 157 172 181 180 177 168 167 161 153 152 149 140 131 132 127 119 109 103 102 112 122 122 101 86 96 66 58 50 39 33 28 25 24 35 48 54 47 35
178 201 168 157 146 155 171 134 102 99 87 70 62 59 57 56 55 54 52 52 52 52 53 54 56 58 60 62 63 62 62 62 63 63 64 66 70 75 83 92 94 98 101 101 113 134 152 170 154 164 175 177 179 176 171 164 157 157 147 135 130 125 126 122 117 109 120 112 121 120 111 112 91 72 67 60 54 46 31 26 25 29 46 48 41 28
143 177 182 154 134 130 124 103 115 91 89 76 63 59 57 56 54 53 51 50 50 50 51 52 54 56 58 60 61 60 60 60 60 61 61 62 65 70 76 82 84 81 88 103 121 115 141 154 168 174 175 165 176 181 176 166 158 156 145 141 137 127 123 120 118 111 114 118 114 105 114 122 99 75 73 75 68 61 41 27 26 27 47 47 42 30
115 144 161 159 132 131 111 100 99 92 87 78 67 60 56 54 52 51 49 48 48 48 49 50 52 53 55 57 57 57 57 58 58 59 59 59 60 62 69 71 71 81 91 105 112 105 129 142 144 145 156 157 160 177 177 163 159 165 163 156 144 132 125 121 116 116 110 104 105 122 120 122 106 83 82 95 78 73 48 30 26 25 33 41 46 41
109 120 149 140 125 131 111 108 104 105 92 85 72 63 55 53 50 48 47 46 45 46 47 48 50 51 52 53 54 55 55 55 55 56 56 57 57 58 61 65 70 73 79 92 95 105 116 137 133 124 142 140 147 160 167 156 165 165 166 159 144 133 128 123 119 117 116 115 112 107 111 127 113 108 94 105 90 81 62 40 27 25 25 30 40 49
101 104 122 143 123 132 111 99 102 98 98 89 73 61 55 51 49 46 44 43 44 45 46 47 48 49 50 51 52 52 53 53 54 54 54 54 55 57 58 60 63 67 70 77 95 97 103 115 111 136 130 117 129 136 143 164 176 176 173 163 150 139 133 128 125 118 114 114 119 116 120 123 126 123 107 116 98 76 66 47 32 26 24 30 39 45
105 99 104 133 123 132 115 100 89 88 96 87 66 63 53 49 47 45 43 42 43 43 44 45 46 47 48 48 49 50 50 51 51 51 52 52 53 54 55 55 57 61 62 74 86 93 97 97 97 128 116 132 132 166 165 171 181 176 176 171 166 146 135 131 131 123 119 114 118 123 129 129 122 100 113 124 107 92 72 57 43 29 25 35 51 51
111 102 98 103 109 110 115 99 83 86 88 74 63 58 53 50 47 44 43 41 42 42 43 43 44 45 46 46 47 48 48 49 49 49 49 49 50 51 52 52 53 56 58 65 68 73 75 89 89 97 105 128 135 160 171 175 179 166 166 177 171 165 147 138 135 139 124 117 114 116 121 119 119 100 100 100 115 119 85 61 42 31 26 30 58 62
111 104 99 94 99 102 97 88 85 90 86 80 67 62 62 56 49 45 42 41 41 41 41 42 42 43 44 44 45 46 46 46 47 47 47 47 48 48 49 50 50 53 56 59 61 66 68 76 83 100 107 110 131 142 146 158 157 159 155 171 174 170 167 155 154 140 124 120 117 117 120 111 104 103 98 111 117 119 99 66 42 32 28 30 51 63
126 116 99 91 86 84 83 84 89 94 102 115 75 62 56 55 51 46 42 40 40 40 40 40 41 42 42 43 43 44 44 44 45 45 45 45 46 46 47 48 49 50 53 56 58 63 63 69 79 83 87 93 102 121 139 143 143 151 148 156 156 164 167 166 162 142 129 123 123 115 113 110 103 100 101 111 113 106 109 77 47 32 27 29 53 66
122 109 98 88 83 78 75 74 83 97 118 95 83 68 60 52 50 46 45 42 39 39 39 39 39 40 40 41 41 42 42 43 43 43 43 44 44 46 45 46 48 50 52 55 58 59 60 66 78 80 84 85 109 125 134 127 133 142 143 153 147 158 171 156 167 148 135 134 139 123 118 113 108 104 116 110 108 117 116 87 57 32 28 26 41 57
