model/data/bioclim/bclim4.asc
NCOLS 300 
NROWS 300 
XLLCORNER -125.25 
YLLCORNER 30.75 
CELLSIZE 0.0416666666666667 
NODATA_value -3.4e+38 
[rows 176 to 197 of 300, columns 245 to 293 of 300]
860.913208007812 897.779052734375 917.481689453125 921.68310546875 918.277954101562 907.831665039062 884.988342285156 881.447204589844 890.255859375 893.557189941406 868.32373046875 890.91162109375 925.491577148438 935.779602050781 922.597839355469 915.424255371094 907.521667480469 901.651550292969 898.293762207031 906.674377441406 922.110595703125 895.678405761719 854.788940429688 865.885681152344 847.685668945312 784.285339355469 780.32080078125 758.054748535156 769.193237304688 784.305541992188 797.782104492188 876.927795410156 846.308349609375 840.225219726562 845.975830078125 810.831604003906 820.592041015625 781.941284179688 731.619018554688 763.009826660156 838.216857910156 877.057800292969 830.733276367188 731.341552734375 712.146484375 709.933471679688 710.649719238281 726.049926757812 741.250305175781
879.043579101562 912.037841796875 925.283874511719 917.555419921875 906.952575683594 891.384338378906 866.103942871094 884.027770996094 883.328857421875 904.017517089844 898.540954589844 905.408081054688 927.736450195312 928.709411621094 916.325073242188 899.832397460938 877.69482421875 856.372741699219 866.395202636719 880.136901855469 909.9482421875 902.96240234375 860.632385253906 825.731018066406 782.119873046875 790.608215332031 765.288757324219 757.322692871094 767.932983398438 784.88525390625 837.194458007812 861.498413085938 877.9609375 877.655517578125 879.222534179688 834.342895507812 829.546875 795.772033691406 730.866821289062 805.404602050781 852.517395019531 881.237426757812 814.607421875 715.000793457031 710.580139160156 690.9873046875 706.082641601562 719.271728515625 731.322021484375
899.283386230469 919.89501953125 918.306762695312 897.243591308594 886.582458496094 875.895690917969 854.160095214844 874.281188964844 878.248107910156 895.500305175781 904.125 903.735107421875 922.504211425781 922.765014648438 909.309875488281 889.096069335938 858.536926269531 828.294555664062 816.398620605469 836.978515625 883.805969238281 909.689270019531 884.480041503906 802.268737792969 747.108337402344 730.63037109375 739.5966796875 763.581604003906 777.113647460938 781.157775878906 784.401245117188 795.301330566406 847.865905761719 888.00390625 844.174133300781 882.382873535156 842.859008789062 804.663024902344 785.957397460938 818.400573730469 862.067993164062 880.138000488281 794.175109863281 718.656616210938 712.485595703125 690.983215332031 706.733032226562 715.485168457031 715.765991210938
906.220031738281 910.379943847656 894.650207519531 869.140319824219 858.419189453125 849.893127441406 858.853942871094 869.905334472656 867.83154296875 877.52392578125 889.158142089844 890.598205566406 905.951477050781 919.316162109375 912.254333496094 890.203247070312 858.369201660156 823.430236816406 801.075378417969 823.432006835938 867.946350097656 902.729064941406 904.628479003906 869.888732910156 809.427001953125 771.181030273438 735.0732421875 751.356323242188 769.831909179688 778.848083496094 790.131103515625 828.126770019531 834.0673828125 867.802612304688 800.774597167969 818.234375 884.889709472656 867.521362304688 857.291687011719 852.57861328125 881.056640625 823.501403808594 784.951721191406 758.08642578125 718.985412597656 699.787170410156 721.027648925781 731.787231445312 717.901428222656
891.580383300781 895.486633300781 880.752868652344 845.300537109375 831.1572265625 833.5029296875 861.296630859375 876.384765625 869.675537109375 868.572692871094 864.781433105469 861.233154296875 886.007385253906 912.702880859375 916.487548828125 900.537353515625 865.476623535156 834.4228515625 810.981018066406 831.688537597656 863.072998046875 890.391418457031 906.723449707031 908.379089355469 890.480651855469 860.710205078125 806.8974609375 770.066284179688 756.62109375 771.52001953125 799.544372558594 785.2744140625 786.56982421875 818.620483398438 827.036865234375 814.038391113281 812.124328613281 807.928283691406 844.836181640625 847.840759277344 849.149291992188 838.023010253906 807.113464355469 779.901489257812 723.6533203125 704.041748046875 726.694030761719 743.931091308594 732.919372558594
873.422973632812 880.501342773438 864.821411132812 820.232543945312 808.119201660156 835.048034667969 861.300415039062 876.025817871094 869.164245605469 865.739135742188 865.290710449219 861.971252441406 875.730346679688 909.271545410156 915.513366699219 899.427612304688 861.041748046875 833.754699707031 809.108337402344 830.302612304688 867.415954589844 882.786682128906 902.793151855469 913.162475585938 912.104614257812 903.234558105469 881.801940917969 840.09326171875 769.467590332031 755.07177734375 766.481262207031 773.785827636719 791.028015136719 831.617126464844 811.475463867188 803.396667480469 802.580932617188 802.714721679688 814.028991699219 825.245178222656 791.734680175781 784.832397460938 782.664184570312 752.858947753906 717.533325195312 701.434448242188 721.31591796875 749.445373535156 741.002685546875
845.717102050781 863.660461425781 866.103149414062 837.930053710938 804.788269042969 821.305725097656 851.318786621094 876.828918457031 875.643676757812 870.595153808594 871.696472167969 858.896057128906 861.057983398438 893.314697265625 908.846801757812 900.8857421875 858.965637207031 825.395874023438 834.361022949219 850.058776855469 849.458435058594 864.296508789062 895.962036132812 908.596252441406 909.461303710938 906.429870605469 893.371215820312 843.043334960938 768.826904296875 730.077514648438 747.971435546875 776.468811035156 801.882019042969 791.669982910156 790.534057617188 794.956848144531 790.546325683594 784.993530273438 825.521850585938 803.517395019531 775.503234863281 759.329833984375 752.335144042969 749.627136230469 731.867919921875 713.81640625 721.71484375 746.547607421875 729.694763183594
817.994201660156 840.826599121094 858.585266113281 848.476135253906 814.23583984375 810.847229003906 860.367919921875 876.975341796875 880.320678710938 866.967163085938 869.842651367188 853.258178710938 829.398742675781 855.600952148438 887.462524414062 897.488037109375 878.019653320312 851.032897949219 839.591247558594 816.088684082031 801.51025390625 840.620178222656 884.87841796875 898.629943847656 901.332885742188 900.903747558594 896.359802246094 877.439392089844 831.965515136719 758.353637695312 752.324096679688 776.656066894531 772.186340332031 772.156921386719 782.347839355469 787.310974121094 782.934265136719 797.038696289062 814.718566894531 789.826477050781 755.779602050781 752.824523925781 747.154052734375 740.409606933594 740.274169921875 740.12939453125 743.847961425781 744.204467773438 718.548706054688
802.889953613281 820.539306640625 843.700317382812 846.237854003906 821.121398925781 814.749389648438 853.378051757812 874.96435546875 874.2626953125 853.350280761719 862.640441894531 839.359008789062 796.060729980469 820.045043945312 863.654174804688 887.456604003906 884.580505371094 866.039916992188 840.717346191406 798.844177246094 769.482971191406 827.567932128906 874.756896972656 891.014343261719 894.462646484375 893.841186523438 891.24853515625 884.244384765625 864.974975585938 816.387084960938 785.579162597656 752.215942382812 734.30712890625 740.783081054688 759.121520996094 773.166198730469 787.658264160156 797.721069335938 789.862731933594 763.877502441406 756.437438964844 760.417236328125 755.77783203125 752.758850097656 750.905944824219 750.623718261719 748.727783203125 737.429992675781 712.961791992188
805.292358398438 809.743225097656 823.581787109375 828.369445800781 821.029663085938 836.767395019531 850.993530273438 873.526428222656 871.384887695312 850.972595214844 864.274719238281 849.15234375 806.495971679688 810.9169921875 850.228210449219 877.663879394531 883.030456542969 868.427795410156 839.971923828125 782.835815429688 725.877075195312 794.697998046875 851.90185546875 878.445068359375 888.50537109375 889.088928222656 885.672729492188 881.454772949219 874.497253417969 859.772521972656 828.878540039062 751.444213867188 713.667846679688 735.510498046875 767.742614746094 783.376403808594 786.002197265625 784.623107910156 771.796875 757.911560058594 756.989929199219 752.626647949219 751.762390136719 752.744995117188 752.538391113281 756.09765625 755.542907714844 747.930969238281 724.413208007812
808.987976074219 815.461486816406 817.334411621094 814.843627929688 823.048034667969 842.671142578125 861.626159667969 874.442504882812 872.04541015625 853.429321289062 871.21630859375 861.185363769531 816.722290039062 816.260192871094 846.559997558594 868.808959960938 875.973815917969 862.889831542969 822.861328125 769.668640136719 724.039978027344 769.999145507812 824.063232421875 859.890747070312 877.591796875 882.632751464844 881.9521484375 877.69482421875 872.874694824219 866.211669921875 839.095336914062 762.833923339844 752.143493652344 775.232604980469 790.282836914062 794.882385253906 790.372497558594 775.059997558594 748.430297851562 747.897827148438 747.032043457031 746.119445800781 741.818908691406 744.206726074219 746.765563964844 761.277282714844 763.267822265625 755.471557617188 744.483947753906
808.345764160156 818.443176269531 822.544555664062 817.621398925781 815.574340820312 847.821044921875 871.544799804688 886.709045410156 883.275634765625 852.196411132812 849.569580078125 868.585632324219 838.384948730469 811.904052734375 831.608703613281 858.652282714844 868.266784667969 860.869567871094 829.250915527344 790.212646484375 750.11572265625 729.344055175781 758.762512207031 812.503723144531 847.653198242188 863.60009765625 862.057678222656 867.222778320312 862.911743164062 851.747619628906 838.305114746094 797.490966796875 768.250549316406 792.602355957031 796.4130859375 793.425170898438 784.24853515625 773.460021972656 751.08544921875 734.516174316406 732.685913085938 738.82666015625 739.706237792969 740.481567382812 740.612548828125 750.965637207031 759.021789550781 758.746948242188 753.654357910156
804.145568847656 814.375366210938 825.254272460938 829.806396484375 834.498046875 852.655029296875 867.768127441406 890.114379882812 890.399291992188 866.15625 837.491027832031 866.338073730469 863.656066894531 831.680114746094 815.735961914062 836.446105957031 843.545471191406 844.4921875 838.853515625 821.480224609375 788.500244140625 723.264526367188 745.087646484375 786.104309082031 820.5771484375 843.93701171875 840.403991699219 856.396118164062 848.072265625 816.728149414062 813.342102050781 809.728820800781 773.603576660156 785.449523925781 776.058288574219 775.516662597656 768.513000488281 761.501220703125 743.470703125 721.757202148438 719.791809082031 725.762268066406 733.527099609375 740.343078613281 742.077331542969 735.306396484375 740.435424804688 748.752319335938 749.498107910156
803.6943359375 815.8642578125 827.431640625 839.056640625 851.515563964844 851.219665527344 853.329162597656 875.235717773438 884.181701660156 883.1005859375 857.274230957031 865.233337402344 873.54052734375 851.438781738281 816.057189941406 811.653442382812 807.413696289062 809.715148925781 822.732482910156 830.146728515625 811.491577148438 765.354797363281 738.050598144531 789.438049316406 817.134948730469 837.347900390625 851.180297851562 851.838989257812 837.106567382812 799.129943847656 772.199523925781 798.898864746094 806.640686035156 783.996887207031 756.502624511719 745.603759765625 743.695983886719 734.923706054688 719.307434082031 723.24072265625 730.453369140625 729.054382324219 739.910461425781 738.700378417969 741.313720703125 734.206909179688 720.246826171875 729.079650878906 732.637817382812
796.676208496094 821.296508789062 833.431823730469 845.381408691406 852.140625 843.317199707031 831.597900390625 837.063415527344 856.543762207031 860.64990234375 861.97119140625 859.894775390625 870.607849121094 858.0341796875 822.850402832031 794.952331542969 806.236511230469 814.913818359375 824.022277832031 832.191589355469 822.674133300781 781.860778808594 749.7578125 795.041259765625 820.8974609375 837.909057617188 845.06396484375 842.454833984375 830.113586425781 797.697387695312 749.359985351562 775.801086425781 799.47412109375 791.002197265625 750.716552734375 715.991455078125 711.506103515625 722.679321289062 725.567260742188 732.329772949219 738.134582519531 731.739807128906 741.326477050781 740.640991210938 740.2109375 728.843566894531 706.596252441406 717.257202148438 728.710144042969
794.96630859375 823.937194824219 840.694458007812 849.416381835938 843.976745605469 825.993103027344 804.275939941406 789.206970214844 812.074768066406 839.662353515625 860.036560058594 855.054260253906 867.326354980469 853.792358398438 816.906494140625 781.407470703125 811.015502929688 826.298828125 831.451904296875 832.770324707031 825.217529296875 795.645141601562 758.656921386719 789.064086914062 821.430053710938 834.654479980469 837.160278320312 833.418579101562 824.312927246094 797.837768554688 750.0126953125 764.764343261719 787.541015625 795.076538085938 777.657958984375 749.804626464844 705.436767578125 716.869018554688 730.401672363281 728.765869140625 724.785461425781 723.297729492188 731.130798339844 739.772827148438 739.760498046875 733.841430664062 718.337951660156 715.961242675781 732.63720703125
789.129638671875 825.463500976562 845.11279296875 850.369323730469 838.526489257812 816.450134277344 787.388122558594 782.762817382812 812.188598632812 840.866333007812 863.417663574219 854.576965332031 868.403137207031 852.916809082031 820.910278320312 786.424072265625 811.016296386719 831.5263671875 835.678100585938 834.986389160156 829.235473632812 808.424072265625 776.360595703125 793.523376464844 814.454223632812 821.565002441406 823.021789550781 818.07666015625 810.980346679688 797.229858398438 763.960021972656 766.778564453125 773.9658203125 791.559204101562 787.511657714844 758.195007324219 714.185485839844 732.695739746094 738.478088378906 730.710388183594 727.758422851562 719.470336914062 721.452575683594 732.97998046875 731.957885742188 727.025268554688 714.702941894531 718.9453125 726.600463867188
795.043823242188 825.184692382812 848.404907226562 854.049865722656 839.256713867188 819.232360839844 802.541442871094 805.643493652344 823.963195800781 852.778137207031 877.485107421875 876.005249023438 872.074401855469 858.018859863281 833.252136230469 798.579162597656 805.27880859375 831.115356445312 839.953308105469 840.414489746094 836.322937011719 819.129699707031 792.023193359375 802.140014648438 803.529418945312 797.806396484375 787.711059570312 782.015686035156 782.157836914062 779.239074707031 775.688354492188 780.453125 783.784484863281 787.946533203125 790.336059570312 749.932861328125 727.165222167969 739.885559082031 746.877197265625 739.165100097656 742.901306152344 731.938110351562 712.669555664062 713.838989257812 722.964599609375 713.71875 706.538391113281 714.36083984375 713.5869140625
803.994873046875 819.241394042969 844.725708007812 853.330383300781 842.791809082031 825.269470214844 810.297302246094 812.995422363281 829.497131347656 859.633972167969 882.717224121094 886.650085449219 877.884094238281 865.684143066406 843.588562011719 807.773254394531 791.414916992188 820.0888671875 839.238586425781 843.795654296875 841.372314453125 828.712158203125 812.419250488281 803.342346191406 791.530456542969 774.612731933594 740.769104003906 724.563842773438 712.698181152344 738.98779296875 757.931396484375 776.638488769531 792.94677734375 800.156982421875 788.32275390625 777.300476074219 749.574584960938 733.734313964844 735.076171875 722.096740722656 736.983032226562 736.231018066406 720.215881347656 710.75390625 723.057739257812 724.27001953125 714.718811035156 710.346740722656 709.320495605469
811.040100097656 823.311462402344 844.914428710938 855.101989746094 850.211120605469 835.230163574219 823.952331542969 835.478637695312 854.343322753906 874.315795898438 879.712890625 886.033813476562 881.027160644531 867.468383789062 848.749206542969 824.041320800781 780.788391113281 809.227172851562 835.558349609375 841.95263671875 837.884521484375 825.308227539062 813.959106445312 792.718139648438 776.245788574219 762.359680175781 715.123779296875 670.751831054688 678.48876953125 711.038146972656 739.805847167969 768.294738769531 792.553344726562 804.454406738281 791.383972167969 769.674743652344 760.536865234375 741.694274902344 729.544006347656 716.8447265625 728.463623046875 743.395324707031 738.770874023438 734.147888183594 734.128540039062 730.791809082031 716.730102539062 708.147399902344 712.303771972656
802.203979492188 818.121154785156 838.978576660156 854.007202148438 856.986206054688 851.149230957031 835.886840820312 851.462219238281 877.100769042969 885.034545898438 881.331237792969 884.299987792969 879.965637207031 859.345275878906 835.878540039062 824.858215332031 789.524475097656 797.871520996094 836.050659179688 841.891418457031 838.085144042969 828.114990234375 814.236145019531 796.605895996094 765.259460449219 742.600036621094 702.006896972656 654.223205566406 672.5947265625 711.034606933594 740.721801757812 764.964050292969 789.291198730469 801.611389160156 779.993225097656 753.239013671875 737.101745605469 729.129272460938 730.858764648438 717.615478515625 726.7021484375 739.968933105469 738.930786132812 732.05029296875 731.441467285156 730.994689941406 720.338439941406 706.88623046875 707.758605957031
805.187255859375 814.914611816406 816.675903320312 835.723205566406 851.942810058594 856.038879394531 830.860900878906 832.955017089844 880.524536132812 883.648071289062 878.079223632812 887.876037597656 884.572326660156 864.507446289062 831.999633789062 817.093078613281 793.289001464844 813.82763671875 835.072265625 841.791076660156 839.065124511719 830.70458984375 819.126037597656 804.484741210938 775.637512207031 737.685974121094 714.771911621094 668.267639160156 681.600708007812 718.167053222656 744.21923828125 770.632385253906 794.525024414062 794.065185546875 756.085205078125 730.627319335938 732.03515625 744.687866210938 748.10888671875 734.384948730469 734.788452148438 722.603210449219 730.298461914062 727.18115234375 723.232604980469 724.699645996094 721.52099609375 709.2548828125 697.262573242188
