model/data/bioclim/bclim13.asc
NCOLS 300 
NROWS 300 
XLLCORNER -125.25 
YLLCORNER 30.75 
CELLSIZE 0.0416666666666667 
NODATA_value -3.4e+38 
[rows 0 to 37 of 300, columns 172 to 257 of 300]
34 33 31 30 30 30 30 31 31 30 30 27 28 27 28 33 35 35 40 49 50 44 43 41 36 38 42 46 50 50 40 30 32 39 29 26 25 26 27 27 27 27 29 30 32 33 35 35 36 36 37 39 41 44 47 52 55 57 63 66 68 68 67 68 68 66 65 63 62 61 61 59 59 59 59 60 58 58 56 56 58 57 56 57 57 57
30 29 29 29 29 29 30 31 31 29 27 28 28 30 32 36 36 37 40 42 42 41 47 46 40 39 43 46 49 49 47 34 35 38 30 27 26 26 28 27 25 25 27 28 30 30 31 32 33 33 34 36 37 41 42 46 48 50 54 58 63 65 66 65 64 63 62 62 60 59 58 58 57 57 57 58 57 57 57 56 56 56 56 56 56 55
28 28 29 29 29 29 29 29 29 28 28 31 33 33 34 34 34 35 36 37 37 38 41 42 42 40 42 47 51 55 51 44 46 47 41 30 27 27 27 25 24 24 24 26 27 27 28 29 30 31 32 33 35 37 39 42 43 45 50 53 56 57 59 60 61 61 60 59 58 57 56 55 54 54 53 53 52 53 52 53 53 53 51 52 52 49
28 28 29 29 29 28 28 27 25 27 29 29 31 33 32 32 33 33 33 35 36 38 37 39 41 42 42 45 51 58 55 49 55 48 43 32 28 27 26 25 24 23 23 23 24 25 26 26 27 28 29 30 31 33 36 38 39 41 44 47 49 50 52 53 54 56 55 56 55 54 53 52 52 51 50 49 48 47 47 47 47 45 44 44 43 43
28 28 29 28 30 28 27 26 25 25 27 28 31 31 32 33 32 32 33 35 37 37 38 39 39 43 46 44 49 55 59 57 56 44 36 31 29 28 26 25 24 23 23 23 23 24 24 24 25 26 27 27 28 29 32 34 36 38 40 43 44 46 47 48 49 50 51 51 49 49 48 47 47 47 46 45 45 44 44 43 43 42 41 41 40 40
29 28 28 27 27 27 26 26 25 26 27 28 29 30 31 32 32 32 32 34 37 37 36 36 38 41 46 45 47 48 52 58 58 54 44 41 33 29 26 24 23 23 23 22 22 23 22 22 23 25 25 25 26 28 30 31 33 35 37 39 41 41 43 44 45 46 46 45 41 41 42 42 42 43 42 42 43 42 42 41 41 41 40 39 39 39
29 28 27 27 27 27 26 26 25 26 26 27 29 30 31 31 31 31 32 33 33 34 35 35 36 38 40 43 44 45 50 60 63 62 61 45 35 30 28 27 25 23 23 23 23 23 23 22 22 23 23 23 24 24 26 28 31 32 34 36 37 36 37 40 41 41 40 40 39 38 38 40 41 42 43 42 41 41 40 40 40 39 39 38 38 38
30 28 27 27 27 27 27 26 26 26 27 27 27 28 28 29 30 31 31 32 32 34 35 35 36 37 40 42 43 42 47 50 54 54 60 51 42 35 30 28 26 24 25 25 24 23 23 22 22 22 22 23 24 24 25 25 27 28 30 30 32 34 34 35 38 37 38 38 39 37 37 39 39 40 41 40 40 40 39 39 39 38 38 38 37 37
30 28 27 27 27 27 26 26 25 26 26 26 27 27 27 28 29 31 32 32 32 33 36 37 36 35 38 40 39 40 42 44 47 48 48 48 48 42 33 29 28 28 27 26 25 24 23 22 22 23 23 23 23 24 25 26 27 27 29 30 30 33 34 37 38 37 38 37 37 38 36 37 38 38 39 37 39 39 38 38 38 37 37 37 37 37
31 28 28 27 26 26 26 26 25 25 25 26 26 26 27 30 32 31 31 32 34 36 37 40 39 36 39 38 38 39 40 41 42 43 42 42 43 49 43 34 37 34 31 28 27 26 25 23 23 23 23 23 23 24 25 26 27 30 32 30 30 32 34 34 35 36 36 36 35 36 36 38 38 39 39 39 35 37 37 36 36 36 36 35 36 36
32 29 29 27 26 26 25 25 25 26 25 25 27 27 27 28 30 33 32 34 35 36 38 41 41 38 43 43 41 42 41 41 42 40 40 41 41 41 39 38 44 38 36 32 28 26 25 24 24 23 23 23 24 24 25 25 26 29 31 30 31 31 32 33 34 34 34 36 35 36 36 37 38 39 39 35 34 35 36 36 35 35 35 35 35 36
28 27 27 27 26 26 26 25 25 26 26 26 26 27 28 29 30 31 31 32 33 35 36 38 39 40 46 50 50 44 45 46 46 41 41 42 45 44 43 48 46 46 40 33 31 28 26 26 25 24 23 23 24 25 26 26 26 28 31 32 34 33 33 32 32 33 33 34 34 35 35 36 37 37 37 34 33 34 34 34 34 34 34 34 35 36
25 26 27 27 26 26 26 26 25 26 26 26 27 27 28 30 30 29 31 33 33 33 34 35 36 39 46 52 55 48 50 50 50 46 44 47 45 46 46 49 52 48 42 40 38 37 34 29 28 26 26 25 25 26 28 27 28 29 32 32 33 34 34 34 33 33 32 33 33 33 34 35 35 35 35 34 34 32 33 33 33 33 33 33 34 36
25 25 25 25 26 26 25 25 26 26 26 26 27 27 28 30 30 31 32 31 33 33 34 35 36 37 41 44 47 48 51 51 51 48 45 48 45 45 48 48 48 49 47 46 47 43 37 35 31 30 29 27 27 27 28 29 30 30 32 33 34 34 34 34 35 35 34 33 32 32 33 33 34 34 34 34 33 31 31 31 31 31 31 32 33 34
25 26 25 25 26 26 26 26 26 26 27 27 27 27 28 29 31 35 34 32 31 33 34 35 36 36 37 39 42 44 47 48 48 44 44 45 44 45 48 48 47 46 46 46 44 41 39 37 33 33 33 31 32 31 30 30 31 30 32 33 34 35 35 35 34 35 34 34 34 33 33 33 33 33 33 33 32 31 30 30 31 31 30 30 31 32
25 26 26 26 26 26 26 27 26 26 27 28 28 28 28 30 31 33 34 32 32 32 34 34 34 35 37 38 39 41 42 43 42 40 40 42 43 44 45 46 46 46 46 45 43 43 43 39 36 33 35 35 34 33 32 31 30 30 31 32 33 34 35 35 34 34 34 33 34 34 33 33 33 33 33 33 31 31 31 31 31 31 31 31 31 30
25 25 26 26 26 27 28 29 28 27 26 27 28 29 30 30 31 32 33 33 33 31 32 32 33 34 36 39 40 40 41 41 40 40 41 42 42 43 43 44 44 44 44 45 44 43 42 39 37 35 36 37 36 35 34 32 32 31 31 31 32 33 33 33 33 34 35 34 33 33 33 33 32 32 31 31 31 30 30 30 30 30 30 29 29 30
26 26 26 26 27 28 29 30 30 28 27 28 29 30 31 31 32 33 33 33 33 31 31 33 34 36 37 42 42 41 41 39 40 39 38 39 40 42 43 43 43 43 43 45 43 42 43 40 39 37 36 36 36 36 35 33 33 32 31 31 32 33 33 33 33 34 34 34 34 33 32 32 32 32 31 30 30 30 30 30 29 30 30 30 30 30
26 27 27 27 28 29 30 31 31 29 28 29 31 32 32 32 33 33 33 33 31 33 33 33 34 37 40 42 44 43 39 37 38 36 37 38 40 42 43 44 42 42 42 41 42 42 43 43 42 40 37 36 36 36 35 34 33 34 33 31 32 34 33 33 33 33 34 34 34 33 32 32 31 31 30 29 29 29 29 29 30 30 31 31 31 31
26 27 27 28 29 30 31 31 31 30 30 31 32 33 33 33 32 32 33 33 30 31 33 34 34 36 38 42 47 48 44 41 37 35 36 37 38 40 41 42 42 41 40 41 41 43 43 43 43 42 38 37 36 35 35 35 33 33 32 31 33 34 35 34 33 32 33 33 34 33 32 31 31 30 30 29 30 30 30 30 31 32 33 33 32 32
26 27 28 29 30 30 31 31 31 30 31 33 33 33 34 33 33 33 33 34 32 34 34 33 34 37 39 41 42 42 42 40 36 33 34 36 37 37 38 39 40 40 40 41 40 42 43 43 44 43 41 38 36 36 35 34 33 34 33 32 33 34 35 34 34 32 32 32 33 32 32 31 30 30 31 32 32 31 31 32 32 33 33 33 33 33
29 30 30 30 36 31 30 30 32 34 33 33 34 34 35 34 34 33 33 34 33 35 35 35 33 36 38 38 35 35 37 37 34 33 33 35 37 37 38 38 39 39 40 40 40 40 42 42 43 43 41 37 36 36 36 34 34 33 31 32 33 33 34 34 34 32 32 32 32 32 33 32 32 32 32 33 34 33 33 33 33 33 34 34 34 35
36 38 32 31 35 37 32 30 33 37 39 35 35 35 35 35 34 34 34 34 34 35 35 35 35 35 34 36 35 33 34 36 37 33 34 34 36 37 36 37 38 39 40 39 39 38 39 39 40 41 41 38 36 35 35 34 34 31 30 32 33 33 33 33 33 33 32 32 32 33 33 33 33 33 34 34 34 35 34 35 35 35 35 35 36 36
40 43 31 29 30 34 32 30 32 37 40 37 36 36 36 36 35 35 34 35 35 35 35 35 36 36 36 35 32 32 34 35 36 33 33 34 35 35 36 37 38 39 39 38 37 37 37 38 40 40 40 39 36 35 35 34 34 32 33 32 33 33 33 33 33 34 33 33 34 34 34 34 34 35 35 36 36 36 36 36 35 35 35 36 36 37
39 43 32 29 29 28 29 29 31 36 40 38 37 37 38 37 37 37 36 35 36 36 36 36 36 36 36 36 32 34 35 35 34 34 32 33 34 33 35 36 37 38 39 37 36 36 37 37 39 40 40 40 38 36 35 33 34 33 34 34 33 32 33 33 33 34 34 34 34 35 36 36 36 36 36 37 37 37 36 36 36 36 37 36 37 38
41 45 40 37 30 28 28 28 32 37 38 40 39 38 40 40 39 39 38 36 37 37 37 37 37 35 35 34 31 33 35 35 35 34 33 33 35 34 35 36 36 38 38 37 36 36 36 37 39 41 40 40 40 38 36 34 34 32 34 34 34 34 34 34 35 35 35 35 35 36 37 37 37 37 37 38 37 37 38 37 37 38 38 38 39 39
43 46 46 48 36 29 28 28 31 37 36 42 41 40 41 42 41 39 38 38 38 37 37 37 36 36 35 35 33 33 34 34 35 35 35 34 35 36 35 34 35 37 38 36 36 35 36 38 41 43 41 40 40 38 36 34 34 33 35 35 35 35 35 36 35 35 35 35 35 36 37 37 38 39 39 40 41 42 41 37 36 37 39 41 41 40
40 42 44 47 38 29 28 28 29 32 34 42 43 42 41 41 40 39 39 39 38 37 37 36 36 35 35 35 34 36 34 34 35 34 34 35 35 35 34 34 35 37 38 36 36 35 36 39 44 45 43 41 40 37 37 36 36 34 36 37 36 36 36 36 36 36 36 37 37 36 38 39 40 40 41 43 45 45 42 37 37 38 40 42 41 40
33 33 34 35 39 33 28 28 29 30 33 37 42 43 41 41 40 40 40 39 38 37 36 36 35 35 34 33 34 36 34 33 34 34 32 33 33 33 33 34 35 37 38 36 35 35 35 41 45 46 46 44 41 38 36 37 37 37 36 37 37 37 38 37 37 37 37 38 38 39 39 40 42 43 44 46 46 44 39 37 37 38 40 41 40 39
31 31 33 32 32 32 29 28 29 30 31 34 39 39 40 42 41 42 41 40 39 37 37 36 35 35 34 33 35 35 34 34 33 34 33 33 33 34 34 34 36 37 38 36 35 35 35 40 48 50 48 45 45 42 39 39 37 37 36 38 38 38 39 38 38 38 38 39 39 40 41 43 45 46 46 46 44 43 39 38 38 38 39 40 40 39
33 34 35 34 31 31 29 29 29 30 31 32 35 36 38 38 40 42 42 41 39 37 36 35 35 34 34 34 36 36 34 34 34 33 32 34 34 34 35 36 36 37 38 37 35 35 35 38 47 51 50 44 43 46 45 42 39 38 37 39 41 40 40 40 40 40 41 41 41 42 44 46 49 45 44 43 42 42 40 40 39 40 39 39 40 40
37 36 35 33 31 31 29 29 29 29 31 33 36 37 43 40 38 40 41 40 39 38 37 36 35 34 34 34 34 36 36 34 34 33 32 33 34 34 35 35 35 36 37 36 35 35 35 36 41 44 47 46 44 48 49 42 40 36 39 43 45 45 43 43 44 44 44 45 45 44 45 48 48 43 41 40 41 41 41 40 40 40 39 39 40 41
38 37 34 32 33 33 32 29 29 30 32 36 41 41 44 45 43 42 45 42 40 39 38 37 36 35 34 34 34 34 35 35 35 34 33 32 34 34 34 34 36 36 36 35 35 36 37 39 39 41 45 46 48 49 48 43 41 38 38 42 46 50 48 45 47 50 46 52 52 48 47 47 45 41 40 40 41 41 41 41 40 39 39 39 40 43
40 41 35 33 34 35 34 29 29 31 33 37 42 46 49 47 46 44 51 44 41 39 38 37 36 35 34 34 34 34 33 33 34 34 33 33 33 34 34 34 34 36 35 35 36 38 41 44 42 41 40 41 42 49 51 42 39 40 40 39 41 45 52 47 62 57 46 53 57 49 44 43 40 40 40 41 41 41 41 40 40 40 40 40 40 42
42 39 35 33 33 32 31 29 30 31 34 39 47 49 47 46 43 42 48 45 41 40 39 37 36 35 34 34 34 34 33 33 33 33 33 33 33 33 33 34 33 33 35 36 36 38 42 50 48 45 40 39 40 42 45 43 43 44 46 42 43 55 56 51 58 61 52 58 56 44 40 39 39 39 39 41 42 43 41 41 40 41 42 41 40 41
38 37 33 32 32 29 29 30 31 32 35 38 46 47 45 43 42 40 44 44 41 39 38 37 36 36 35 34 33 33 33 34 34 34 33 33 33 32 33 32 32 33 35 34 35 37 43 52 50 44 40 40 41 43 44 43 44 45 49 47 43 58 50 58 59 63 60 53 46 40 38 38 38 39 39 40 41 43 41 40 40 41 42 40 40 41
35 32 31 31 29 29 29 30 32 34 38 43 50 45 41 43 45 42 41 41 40 39 38 37 37 36 35 34 33 33 34 34 34 34 34 33 33 33 34 33 32 33 33 34 35 37 44 51 54 46 40 39 41 44 42 42 43 43 46 42 41 44 45 51 50 54 55 47 41 38 37 38 38 39 41 40 40 40 40 40 40 41 42 40 39 40
32 31 30 29 28 29 30 31 34 39 45 53 53 48 42 41 44 43 42 40 38 38 39 38 37 35 35 34 33 33 34 34 33 33 33 33 32 32 33 33 33 33 33 34 35 40 56 49 46 43 46 47 47 42 40 40 40 41 46 43 41 40 44 46 45 52 50 43 38 37 37 36 37 39 42 40 39 39 39 41 42 42 41 40 39 38
