model/data/bioclim/bclim17.asc
NCOLS 300 
NROWS 300 
XLLCORNER -125.250000000003 
YLLCORNER 30.7499999999996 
CELLSIZE 0.041666666666667 
NODATA_value -32768 
[rows 210 to 251 of 300, columns 192 to 287 of 300]
11 13 14 16 19 17 16 17 17 18 20 19 19 20 19 17 18 19 18 17 15 15 15 16 17 18 17 14 10 8 8 8 4 3 3 3 3 3 3 3 5 5 6 6 9 7 7 9 13 18 14 16 10 9 8 8 10 10 10 10 9 9 10 10 10 9 9 8 8 8 9 11 13 15 15 15 15 15 15 15 15 17 18 19 18 18 15 15 19 22 23 22 22 24 26 26
11 14 15 15 16 17 17 18 18 19 19 19 19 18 18 17 18 18 19 20 14 14 21 15 14 13 16 14 11 9 7 5 5 4 4 4 3 3 3 3 5 5 5 6 6 6 7 9 11 14 13 10 9 8 8 9 10 10 10 10 9 9 9 9 9 9 9 9 8 8 8 9 11 11 13 15 15 14 15 15 15 15 18 19 18 18 18 15 19 22 24 26 27 26 26 23
12 18 18 20 23 20 20 20 21 21 22 21 21 20 19 18 18 18 19 18 15 14 15 17 14 11 9 14 11 13 8 7 8 5 8 8 4 3 3 5 6 4 4 4 6 6 6 7 9 13 10 9 8 7 8 10 10 12 14 12 10 9 9 9 9 9 9 9 9 9 9 8 9 10 11 14 15 13 13 14 14 15 18 18 19 19 19 18 15 18 20 23 25 26 26 24
14 18 21 25 31 35 33 31 29 28 30 26 24 23 22 21 21 22 20 19 17 15 14 14 11 8 7 13 13 15 14 12 15 11 11 9 6 4 3 5 6 5 4 4 4 6 6 6 7 13 9 7 7 7 8 10 12 14 14 12 10 9 9 9 9 10 11 11 12 13 11 9 9 8 9 11 13 13 12 12 13 14 15 15 18 18 19 16 15 14 18 19 22 21 22 21
19 19 20 28 33 36 40 42 44 42 37 34 35 30 30 28 27 26 23 21 20 18 15 14 11 8 7 9 13 11 11 10 9 13 12 12 8 6 4 5 6 6 5 4 4 5 6 6 6 7 7 7 7 7 8 10 14 15 14 12 10 9 9 9 11 12 12 15 18 15 13 12 11 9 8 9 10 12 11 11 12 12 13 14 17 17 15 14 14 14 14 14 15 16 17 18
21 22 22 27 34 38 41 40 41 41 41 40 40 37 35 35 31 30 27 23 21 20 17 15 14 11 8 7 9 8 7 6 6 8 14 11 8 8 6 6 6 6 6 4 4 4 6 6 6 6 6 6 7 7 7 9 12 14 14 12 12 9 9 9 9 11 11 12 13 13 12 11 9 9 8 9 9 9 9 9 10 12 12 13 14 15 14 14 12 14 14 14 16 17 18 20
22 22 27 33 38 37 40 41 42 44 44 47 46 43 37 36 31 29 27 24 22 22 20 17 14 12 10 7 7 7 7 6 5 5 8 9 9 14 8 7 8 9 7 6 5 4 5 6 7 6 5 5 5 7 7 8 9 12 14 11 9 9 8 8 8 9 9 9 9 9 9 9 8 8 9 12 12 11 10 11 12 12 10 12 12 12 14 14 14 14 14 14 16 18 18 19
12 14 18 26 31 29 34 35 36 41 49 52 53 49 41 37 31 29 28 26 24 22 20 15 13 12 10 8 7 7 7 5 5 5 5 5 5 8 10 8 8 11 10 7 6 5 5 6 9 7 7 6 5 5 7 7 8 10 12 9 8 8 8 8 8 8 8 8 8 8 8 8 8 8 10 12 12 12 12 13 13 12 12 12 12 12 14 18 18 16 14 15 16 17 18 18
8 11 13 16 18 23 35 44 52 49 49 47 49 48 42 36 31 29 28 26 23 22 19 15 14 14 11 10 8 7 7 7 5 5 5 5 5 5 6 8 8 9 9 8 6 6 5 6 7 10 7 7 5 5 6 7 7 8 9 8 8 8 8 8 8 8 8 8 8 8 7 8 8 8 9 10 10 12 13 12 12 13 12 12 13 14 16 18 18 16 16 16 17 17 18 18
8 8 10 11 17 23 28 42 48 64 65 53 45 37 35 32 27 25 26 25 26 27 23 24 24 23 18 20 17 11 12 8 7 5 5 5 5 6 6 7 8 9 9 8 7 6 6 6 7 8 7 6 5 6 6 6 7 7 8 8 8 8 8 8 8 7 7 7 7 7 7 8 8 8 9 9 9 10 12 12 12 13 14 15 15 16 14 14 16 16 17 18 19 22 22 21
8 8 10 11 15 18 25 38 43 47 47 40 34 30 28 25 21 19 24 27 30 31 30 27 28 29 30 33 27 17 18 17 9 10 8 8 8 9 8 9 8 8 8 9 10 7 6 6 7 7 7 7 7 7 7 7 6 6 6 6 6 8 8 8 8 8 6 6 6 7 7 8 8 8 9 9 9 10 11 12 12 12 14 14 13 13 14 14 14 16 18 22 26 28 23 21
8 10 10 11 14 17 22 27 30 35 37 36 34 25 22 19 17 18 24 23 28 32 33 33 32 29 30 30 29 22 21 17 14 12 9 9 8 9 7 9 9 6 6 9 13 10 7 6 7 8 8 7 7 7 7 8 6 6 6 6 6 8 8 8 8 8 6 6 6 6 7 8 8 8 8 8 9 9 10 11 12 12 12 12 12 12 14 14 16 18 23 26 20 18 18 18
10 11 10 11 14 16 18 21 23 23 25 29 30 26 19 15 12 11 15 17 21 25 29 32 33 31 32 30 29 23 19 15 12 12 12 9 8 6 6 6 6 6 6 6 7 10 7 5 5 7 7 11 10 7 7 6 6 6 6 6 6 6 6 6 6 6 6 6 6 6 8 8 8 8 8 8 8 8 9 11 11 12 12 12 12 12 14 14 18 23 19 17 17 17 17 17
10 10 10 11 14 15 17 18 19 19 18 17 14 14 14 12 10 9 9 11 13 19 19 28 28 33 34 27 25 22 16 11 9 7 10 7 5 5 6 6 6 6 6 6 6 9 7 5 5 5 5 7 8 7 7 7 6 6 6 6 6 6 6 7 6 6 6 6 6 6 8 8 8 8 8 8 9 8 9 10 11 11 12 12 12 13 16 19 18 16 16 15 15 15 16 17
9 10 10 10 11 14 16 18 19 23 22 19 20 14 12 10 9 9 8 9 9 8 10 13 15 21 29 30 23 21 19 15 9 7 7 7 7 7 7 8 9 10 7 5 5 7 6 5 4 5 5 5 6 6 6 8 8 6 6 6 6 7 9 6 6 6 6 6 6 6 8 8 8 8 8 9 9 8 8 9 10 11 11 12 13 14 18 18 14 14 14 14 15 15 17 17
9 10 10 10 11 12 16 18 22 27 30 32 41 31 32 20 9 7 7 8 5 6 6 6 9 15 21 27 30 24 24 16 18 16 12 9 9 9 9 9 10 9 6 4 4 5 7 5 4 4 5 5 6 7 5 5 6 8 6 6 6 8 8 6 6 6 6 6 6 7 8 8 8 8 8 9 9 9 8 9 9 10 11 12 16 16 14 14 14 14 14 14 15 18 22 22
10 10 10 11 12 12 13 19 20 24 30 38 44 60 52 32 14 7 6 6 4 4 4 4 6 6 9 16 23 23 20 20 23 18 15 12 12 10 10 11 12 9 5 4 4 4 4 4 4 4 5 6 8 6 5 6 6 6 6 6 6 6 9 7 6 6 6 6 6 7 7 8 8 8 8 9 10 9 9 8 9 9 11 12 14 14 14 13 12 14 14 15 19 27 26 21
10 10 10 14 13 12 13 13 15 18 29 35 42 50 49 34 14 10 9 5 5 4 4 3 3 3 3 7 13 16 17 19 19 16 15 16 15 12 13 10 10 9 6 4 4 4 4 4 4 4 5 8 8 5 5 5 6 5 5 5 5 6 6 7 6 6 6 6 6 6 6 6 8 8 8 8 10 10 9 8 8 9 9 11 12 13 12 12 12 14 14 17 18 18 18 15
10 10 11 12 12 12 13 15 16 18 21 30 36 39 42 33 20 13 16 12 5 4 4 4 3 3 3 4 6 12 13 18 20 16 15 17 20 13 13 9 9 7 5 4 4 4 4 4 4 4 5 5 5 5 5 5 6 6 5 5 5 5 5 6 6 6 6 6 6 6 7 7 7 8 8 9 10 10 9 9 9 9 9 9 11 12 13 12 12 12 12 12 13 14 13 13
10 10 11 12 12 13 13 16 20 22 26 30 34 33 35 39 33 19 23 16 8 8 4 4 3 3 3 3 5 6 8 8 10 9 9 10 9 6 5 5 5 6 7 6 5 5 5 5 4 4 4 4 4 3 3 4 5 6 5 4 3 4 5 5 5 5 6 6 6 7 8 7 7 8 8 9 10 10 9 9 9 9 9 9 9 11 12 12 12 12 12 12 12 12 12 12
11 11 11 12 13 15 17 17 22 27 26 28 33 36 32 36 39 26 28 25 16 13 5 4 3 3 3 3 3 5 6 6 5 6 6 6 6 8 6 7 7 7 8 10 8 8 6 5 5 5 4 2 2 2 2 3 3 5 5 3 3 3 4 5 5 5 6 6 6 8 8 7 7 8 8 9 10 10 10 9 9 9 9 9 9 9 11 11 11 11 11 11 11 11 12 12
10 11 11 12 13 13 16 19 22 27 29 30 30 35 35 33 37 29 28 27 25 25 14 4 4 3 3 3 3 3 4 5 5 9 11 10 9 8 7 7 7 7 8 10 11 10 7 6 5 5 5 3 2 2 2 3 3 3 3 3 3 3 3 5 5 5 6 6 7 9 8 7 7 8 8 9 12 13 12 11 9 9 9 9 9 9 9 11 11 11 11 11 11 11 11 11
10 10 11 11 12 13 15 19 21 25 28 30 28 29 30 33 34 33 37 36 31 35 27 11 7 4 3 3 3 3 3 3 3 5 7 11 9 6 6 6 7 7 7 9 11 12 9 8 5 5 5 5 3 3 3 3 3 3 3 3 3 3 3 4 5 5 6 6 6 9 8 7 7 8 8 9 12 12 12 12 12 10 9 9 9 9 9 9 9 10 11 11 11 11 11 11
10 10 11 11 12 13 17 16 18 22 27 27 28 29 28 31 30 33 41 46 45 31 25 17 10 4 4 3 3 3 3 3 3 3 3 4 4 4 5 7 7 8 8 8 8 9 9 8 6 5 5 5 5 4 3 3 3 3 5 3 3 3 3 4 5 6 6 6 7 7 8 7 7 8 8 9 9 10 12 12 10 10 9 9 9 9 9 9 9 10 11 11 11 11 10 10
10 11 10 11 12 13 13 15 16 21 26 28 31 32 29 27 25 25 32 32 30 32 31 24 18 8 4 3 3 3 3 3 3 3 3 3 3 4 8 9 9 8 8 8 8 8 8 8 6 6 6 5 5 5 5 3 3 3 3 3 3 3 3 3 5 6 6 6 6 7 7 7 7 8 8 9 9 10 11 12 12 10 9 9 9 9 9 9 9 10 11 12 12 11 11 9
10 10 11 12 13 19 21 19 19 20 25 30 31 32 33 30 26 20 22 23 22 22 26 29 30 16 6 4 4 3 3 3 3 3 3 3 3 3 5 5 8 7 7 7 6 8 8 8 6 6 6 5 5 5 5 3 3 3 3 3 3 3 3 4 5 6 6 6 7 7 7 7 7 8 8 9 10 12 12 12 12 12 9 9 9 9 9 9 9 9 10 11 12 12 11 9
8 10 10 11 11 18 24 26 25 27 26 25 27 31 33 35 31 26 17 17 17 14 11 14 27 22 12 6 5 4 3 3 3 3 3 3 2 2 2 4 4 4 4 6 5 6 6 6 6 6 6 5 5 5 5 4 4 3 3 3 3 3 3 4 5 6 6 6 6 7 7 7 7 8 9 10 13 13 13 13 12 12 12 12 12 9 9 9 9 9 9 9 10 11 12 9
8 8 8 9 10 11 19 29 33 33 33 29 27 29 30 34 34 31 20 16 12 13 12 8 14 25 18 9 4 4 4 3 3 3 3 2 2 2 2 2 2 3 3 4 4 6 6 6 6 6 5 5 5 5 3 3 3 5 4 3 3 3 3 5 6 6 6 6 6 7 7 7 8 8 9 10 13 13 13 12 12 12 12 9 9 9 12 12 9 9 9 9 9 9 9 9
8 8 8 10 11 11 11 19 27 33 32 28 27 24 26 31 40 35 28 21 11 9 11 9 9 12 15 8 5 4 4 4 4 3 3 2 2 2 2 2 2 3 3 3 3 4 6 6 6 5 5 5 5 3 3 3 3 3 3 3 3 3 3 5 6 6 6 6 7 7 7 7 8 8 9 9 9 12 12 12 12 12 9 9 9 9 9 9 8 8 8 8 8 9 9 9
7 8 8 9 11 13 14 13 19 24 27 27 24 23 24 30 34 35 32 20 10 9 9 9 10 9 7 7 5 5 4 4 4 4 4 3 2 2 2 2 2 2 3 3 3 3 4 5 5 5 5 5 5 5 3 3 3 3 3 3 3 3 3 6 6 6 7 7 7 7 8 8 8 9 8 8 8 9 9 9 12 9 9 9 9 9 8 8 8 8 8 8 8 8 9 9
8 9 9 11 11 12 14 17 22 26 27 27 24 24 25 26 30 32 30 20 11 9 8 8 7 7 7 7 5 5 4 4 4 4 4 4 3 2 2 2 2 2 2 2 2 3 3 4 6 6 6 6 5 5 5 4 3 3 3 3 3 3 3 6 6 6 6 6 6 7 7 7 8 8 8 8 8 8 8 8 9 9 9 9 9 8 8 8 8 8 8 8 8 8 8 8
6 8 9 9 11 12 14 16 18 19 24 27 29 28 32 30 29 28 27 26 17 12 10 9 9 7 6 5 5 5 5 5 4 4 4 4 3 3 2 2 2 2 2 2 2 2 3 3 4 6 6 6 6 6 6 5 5 5 5 3 3 3 3 6 6 6 6 6 6 6 7 7 9 9 8 8 8 8 8 8 8 8 9 9 8 8 8 8 8 8 8 8 8 8 8 8
6 6 7 8 8 9 14 14 16 13 21 24 27 28 32 36 26 23 22 19 17 14 12 10 9 7 6 5 5 5 5 5 5 4 4 4 3 3 3 2 2 2 2 2 2 2 2 2 3 3 3 3 6 6 6 6 5 5 5 4 4 3 4 6 6 6 6 6 6 6 6 7 7 9 8 8 8 8 7 7 7 8 8 8 8 8 8 8 8 8 8 8 8 8 8 8
6 8 7 7 7 8 8 12 13 14 19 21 24 26 29 32 28 20 21 19 20 15 14 17 15 11 6 5 5 5 4 4 4 4 4 4 4 3 3 2 2 2 2 2 2 2 2 2 2 2 3 3 3 3 5 5 3 6 6 6 3 3 4 6 6 6 6 6 6 6 6 6 7 8 9 8 8 8 7 6 6 6 6 8 8 8 8 8 7 7 7 7 7 7 7 7
5 5 7 6 6 8 11 12 13 14 17 21 23 24 29 33 30 24 26 20 20 23 21 17 18 16 10 6 5 4 4 4 4 5 5 4 4 3 3 3 2 2 2 2 2 2 2 2 2 2 2 2 3 3 3 3 3 5 6 4 3 3 3 4 6 4 6 6 6 6 6 6 7 7 8 9 8 8 7 6 6 6 6 6 6 8 7 6 6 6 6 6 6 6 6 6
5 5 5 6 7 7 11 11 12 13 14 19 19 24 29 35 36 29 23 20 20 22 26 21 15 14 11 7 7 5 4 4 4 5 5 5 4 4 3 3 2 2 2 2 2 2 2 2 2 2 2 2 2 3 3 3 3 3 3 4 3 3 3 3 4 4 4 5 6 6 6 6 6 7 8 9 8 8 7 6 6 6 6 6 6 6 8 6 7 6 6 6 6 6 6 6
5 5 5 6 7 7 11 12 11 12 16 14 14 23 27 37 37 34 24 18 16 13 13 14 12 10 7 7 9 11 9 4 5 5 5 5 4 4 3 3 2 2 2 2 2 2 2 2 2 2 2 2 2 3 3 3 3 3 3 3 3 4 4 4 5 5 4 5 6 6 6 6 6 6 7 7 8 8 6 6 6 6 6 6 6 6 6 6 6 6 6 6 6 6 6 6
4 5 5 5 5 7 9 9 11 13 16 14 17 21 27 37 35 36 33 22 16 15 15 11 10 10 8 7 7 8 6 5 4 4 5 5 4 4 3 3 2 2 2 2 2 2 2 2 2 2 2 2 2 2 3 3 3 3 3 3 3 5 5 6 5 5 4 5 6 6 6 6 6 6 6 6 6 7 6 6 5 5 5 5 5 5 6 6 6 6 6 6 6 6 6 6
4 4 4 5 6 7 7 7 10 11 13 14 16 20 25 30 32 34 36 35 23 22 15 14 9 9 8 7 6 6 6 5 5 4 4 4 4 4 3 3 2 2 2 2 2 2 2 2 2 2 2 2 2 2 2 3 3 3 3 3 3 3 4 6 6 5 4 5 6 6 6 6 6 6 6 6 6 6 6 5 5 5 5 5 5 5 5 5 5 6 6 6 6 6 6 6
4 4 4 5 5 5 5 6 7 9 11 14 21 21 26 27 30 29 35 39 36 23 18 14 10 8 9 6 6 7 6 5 4 4 4 4 4 3 3 3 2 2 2 2 2 2 2 2 2 2 2 2 2 2 2 3 3 3 3 3 3 3 3 3 4 5 4 5 6 5 5 5 5 5 5 5 5 5 5 5 5 5 5 5 5 5 5 5 5 5 6 6 6 6 6 6
4 4 4 4 5 5 5 6 7 10 11 13 14 20 24 27 28 29 33 34 34 30 23 15 11 10 10 10 9 9 7 6 4 4 4 4 4 4 3 3 2 2 2 2 2 2 2 2 2 2 2 2 2 2 2 2 2 3 3 3 3 3 3 3 3 4 4 5 5 5 5 6 6 5 5 5 5 5 5 4 4 4 4 4 4 4 5 5 5 5 6 6 6 6 6 6
3 4 4 4 5 5 5 5 7 7 11 13 16 19 19 26 29 27 26 28 26 27 23 19 12 13 11 9 7 6 6 6 6 4 4 4 4 4 4 3 2 2 2 2 2 2 2 2 2 2 2 2 2 2 2 2 2 2 3 3 3 3 3 3 3 4 5 5 4 4 5 5 6 5 5 5 4 4 4 4 4 4 4 4 4 4 4 5 5 5 6 6 6 6 6 6
