model/data/bioclim/bclim12.asc
NCOLS 300 
NROWS 300 
XLLCORNER -125.250000000003 
YLLCORNER 30.7499999999996 
CELLSIZE 0.041666666666667 
NODATA_value -32768 
[rows 190 to 227 of 300, columns 172 to 257 of 300]
169 135 119 110 102 102 103 128 166 165 139 124 110 93 88 89 100 128 152 142 149 159 120 110 110 110 119 119 114 139 127 127 114 112 102 96 110 112 99 93 94 86 86 82 86 73 72 64 68 75 87 94 111 136 171 205 203 207 221 247 254 247 197 177 174 180 199 223 246 246 239 247 231 197 164 155 153 154 167 180 171 143 127 97 104 122
178 126 117 109 108 120 129 144 144 128 119 112 109 97 89 91 100 113 136 132 130 152 112 106 108 107 108 115 129 139 144 114 112 100 93 103 132 94 77 76 85 84 88 91 116 116 92 71 65 71 78 88 98 123 152 186 196 206 233 268 261 231 205 205 223 265 312 278 248 238 228 229 219 209 162 147 146 156 175 203 218 173 137 103 104 121
141 125 117 114 114 119 120 122 114 109 107 105 109 111 96 98 105 116 127 121 116 114 106 106 107 107 118 123 129 159 154 133 120 100 94 94 90 77 74 72 75 95 96 107 117 91 87 69 67 70 73 85 96 115 146 172 191 219 231 238 233 217 217 242 280 295 310 273 244 228 221 217 209 225 161 144 144 155 175 205 198 162 135 107 103 118
138 127 118 113 110 111 112 110 108 104 101 101 99 102 117 125 92 101 113 112 107 115 118 110 122 115 131 145 124 130 136 112 122 108 91 89 88 81 77 76 69 71 88 117 108 77 76 67 66 70 73 81 101 119 140 162 186 218 214 200 190 192 214 261 296 284 270 259 241 226 218 209 205 212 164 142 141 151 166 178 167 148 122 106 101 117
138 127 118 112 109 108 105 104 100 99 99 100 98 95 97 99 90 84 92 96 131 117 106 111 124 127 134 139 113 106 103 88 97 103 101 106 103 96 87 76 69 68 68 78 87 76 78 70 67 67 72 79 109 137 146 167 183 185 175 160 162 182 221 276 280 275 259 247 237 222 212 204 197 198 170 146 139 146 156 168 158 142 113 100 100 119
138 126 118 113 107 106 102 100 100 99 107 104 98 92 89 88 82 79 79 79 92 97 91 103 129 143 149 147 101 85 79 79 80 88 108 119 116 109 92 85 85 75 75 69 71 78 69 66 66 67 71 78 90 145 144 188 200 163 143 140 152 186 248 290 277 278 248 235 227 217 211 209 197 191 165 147 139 137 147 156 139 121 99 98 108 121
137 126 120 114 106 104 100 100 97 97 100 101 94 93 88 84 81 80 78 79 79 83 86 101 131 174 170 148 101 85 79 79 79 80 89 99 97 97 93 83 84 88 87 70 70 70 68 68 66 68 71 78 86 104 142 155 170 148 128 132 159 205 258 267 254 254 226 222 240 214 202 204 188 191 169 153 142 135 140 153 132 108 96 98 110 121
135 128 121 113 108 101 100 98 95 97 96 96 94 91 89 87 83 82 82 80 80 82 86 94 109 120 119 115 123 125 105 82 80 80 82 84 88 88 82 82 89 86 81 77 70 70 70 68 71 79 82 77 81 93 115 124 126 117 117 137 173 236 256 266 228 211 208 209 209 202 185 180 179 181 170 172 153 137 132 154 148 104 97 99 107 119
133 126 119 114 106 102 100 100 98 101 100 100 97 94 91 89 86 84 83 85 85 84 86 88 103 109 102 99 118 142 121 92 84 82 84 83 83 82 83 105 115 98 87 86 77 73 75 82 94 94 105 94 81 88 93 100 106 109 119 150 229 275 203 223 195 188 181 180 180 182 175 170 165 163 159 152 147 135 128 139 124 100 98 99 105 118
136 130 122 114 106 104 103 103 105 121 112 109 109 103 99 93 90 88 88 87 88 87 89 90 94 97 102 91 89 97 116 93 85 84 86 85 89 91 97 119 129 123 110 99 86 77 100 108 137 105 109 116 107 89 92 102 118 123 134 167 255 268 184 176 174 172 167 164 163 163 162 159 159 154 149 145 139 131 124 123 110 100 99 99 100 113
141 132 123 117 111 108 108 105 112 120 125 118 115 118 116 101 95 91 92 93 93 91 89 91 94 95 92 96 90 90 90 89 89 87 88 88 89 98 105 127 144 153 142 107 94 83 115 126 128 116 130 105 92 92 100 114 129 138 154 190 264 233 176 158 156 153 150 149 148 148 148 151 162 162 145 142 148 145 127 121 114 107 100 99 100 110
142 134 128 122 117 115 112 115 119 124 135 129 120 113 110 105 104 101 97 97 99 94 95 100 108 116 105 103 99 99 94 92 91 91 93 92 91 101 98 113 139 172 145 102 87 78 86 97 122 130 131 116 100 99 112 140 171 194 184 224 282 204 162 147 142 139 135 135 135 136 141 149 164 165 142 146 164 159 136 128 130 115 106 100 101 104
146 139 134 131 128 127 126 130 131 132 141 145 134 119 112 107 106 104 101 100 101 100 104 108 115 121 138 142 144 142 131 125 130 121 96 95 95 96 95 98 106 118 127 112 92 80 81 91 104 129 125 115 109 112 127 223 281 303 243 226 209 170 148 136 131 129 125 124 124 130 142 153 167 153 143 142 149 149 148 148 163 126 112 107 102 104
152 147 142 141 139 140 156 158 153 152 149 147 144 135 120 114 108 106 103 105 106 111 117 127 136 134 142 171 190 205 214 240 235 160 124 108 109 107 101 102 105 110 126 134 107 90 82 93 117 124 140 145 129 139 159 177 245 258 227 209 176 155 141 150 176 156 118 116 120 128 150 174 184 160 141 135 138 144 151 151 144 129 118 113 106 105
157 153 151 151 151 155 171 171 168 166 161 180 206 171 136 121 116 111 112 127 119 139 161 173 158 151 161 184 210 235 262 246 228 212 205 203 177 149 126 111 113 107 111 109 101 94 92 97 110 112 117 128 132 139 148 164 168 167 179 170 150 136 156 182 173 138 116 114 118 134 173 201 187 155 137 131 139 144 154 153 154 142 128 120 116 109
161 160 161 164 165 167 179 181 179 181 174 173 196 193 147 127 121 118 122 174 156 173 196 235 266 226 210 268 269 277 378 291 265 296 294 284 236 218 187 152 132 104 103 120 124 117 114 112 102 97 100 110 114 114 139 138 131 131 147 154 134 123 130 135 127 115 106 114 127 146 172 187 170 151 135 131 144 154 153 148 150 154 142 139 142 148
166 171 175 181 187 189 193 194 194 200 193 183 180 188 156 137 128 124 148 233 178 178 206 243 280 209 220 300 354 300 302 364 266 281 327 314 249 236 223 202 168 108 107 120 141 142 106 95 92 85 85 94 99 100 100 116 122 109 109 130 127 112 106 105 103 101 106 124 143 164 183 181 170 147 131 130 148 154 148 143 143 149 151 165 169 144
184 189 196 202 207 220 220 221 222 222 220 211 201 189 170 153 137 134 180 185 162 174 213 232 347 298 207 239 253 263 288 254 251 281 251 228 231 200 178 213 165 144 139 141 144 142 107 82 77 75 75 75 75 75 77 81 96 106 91 86 99 104 97 93 92 95 112 140 175 193 193 173 157 142 129 129 145 150 139 135 136 143 152 171 163 143
215 218 223 232 239 246 250 258 259 261 260 253 242 226 204 186 166 156 151 165 184 180 236 225 269 345 244 203 216 230 248 233 261 261 232 213 188 171 164 175 194 208 220 205 164 134 116 96 82 75 69 67 66 67 67 67 67 71 79 77 74 77 88 88 88 100 114 158 231 243 207 179 156 138 128 124 134 137 130 128 131 135 146 160 186 173
260 254 259 270 277 287 296 307 311 311 313 309 299 284 264 240 220 199 187 183 196 202 209 288 331 336 237 213 213 222 230 245 259 248 209 203 215 182 181 184 175 194 193 218 207 176 152 114 99 88 78 68 65 65 67 66 66 66 68 69 71 76 80 85 106 104 115 136 180 212 228 185 149 130 122 123 128 129 126 125 126 132 140 147 156 145
442 360 396 357 358 361 377 397 396 391 385 388 374 360 340 316 294 266 241 227 227 237 242 278 349 258 239 232 229 234 264 251 233 243 222 195 196 207 181 166 151 158 163 168 183 190 183 157 125 109 104 102 70 66 66 66 66 67 67 68 71 75 78 87 126 98 104 124 166 215 176 188 134 119 114 116 127 131 130 128 123 125 132 136 136 132
527 455 524 595 500 478 536 592 595 548 513 503 477 453 433 400 377 344 310 282 268 287 318 309 293 270 270 265 259 259 256 255 243 225 216 204 199 194 209 200 146 142 213 165 154 150 172 160 139 116 102 93 84 75 71 73 67 67 67 69 71 71 74 77 84 87 97 114 148 174 164 138 118 110 112 123 134 141 138 132 127 123 125 126 125 126
704 718 675 748 753 716 715 744 744 726 714 662 612 572 537 493 460 421 380 344 324 503 487 522 553 434 384 361 338 328 321 313 285 256 235 217 212 195 201 190 159 149 160 174 156 128 122 158 134 155 114 111 111 89 115 111 77 68 68 79 80 70 71 72 77 81 87 102 125 163 137 119 111 104 113 126 140 161 179 150 132 127 126 126 130 132
684 765 786 796 789 782 789 790 754 763 757 764 676 577 587 569 528 487 444 407 415 560 635 710 698 653 623 569 540 502 514 416 351 315 280 254 247 250 223 196 172 162 153 150 132 117 109 150 157 175 168 149 180 141 141 127 91 74 70 79 80 74 70 71 72 78 86 90 103 154 121 103 100 100 113 134 158 181 178 162 138 131 129 134 136 144
535 755 696 795 677 717 794 774 702 775 805 775 767 612 543 591 585 526 476 499 695 655 638 736 712 662 654 650 650 627 592 553 536 464 454 396 364 332 271 223 202 188 166 155 137 116 108 123 157 141 145 126 123 158 157 154 106 90 78 79 88 82 75 72 72 77 89 85 89 104 97 92 92 96 109 139 180 207 179 169 146 136 130 136 148 158
643 635 585 597 539 564 622 632 694 791 826 794 791 678 605 622 725 685 668 697 819 841 789 776 729 694 670 649 636 623 603 593 582 558 518 500 445 397 320 254 222 205 183 168 156 134 120 110 126 121 111 102 101 121 174 148 121 106 92 90 97 97 85 75 72 72 85 86 81 82 82 86 88 93 103 127 151 182 189 161 160 132 127 131 139 150
659 564 611 590 583 584 588 597 639 739 801 812 821 776 679 620 558 623 680 724 787 779 793 764 709 705 686 666 655 656 644 647 634 595 548 522 451 387 336 273 248 229 203 179 164 148 131 114 109 114 111 102 96 95 117 127 128 173 121 106 114 136 105 87 77 73 80 92 97 82 81 82 85 88 101 115 133 163 186 151 138 131 124 122 127 132
585 583 616 606 608 608 619 624 679 716 729 751 735 711 672 572 485 429 430 461 514 534 662 732 709 684 690 691 669 653 694 704 698 650 585 532 448 376 351 305 269 237 202 172 155 150 136 123 110 109 107 100 97 93 89 89 97 120 142 119 122 149 142 104 84 77 80 90 129 105 91 86 85 86 96 105 115 140 158 135 126 123 121 119 120 122
470 454 482 504 512 528 579 581 604 600 582 552 530 493 460 466 425 381 352 327 344 416 495 551 529 629 722 724 751 716 702 669 676 651 597 527 451 394 345 315 271 236 201 178 162 164 145 136 123 118 116 109 97 94 88 88 88 89 96 115 117 131 137 121 95 85 81 87 105 143 102 90 85 86 90 98 108 119 138 124 118 117 113 113 115 115
424 413 419 435 449 471 482 481 486 485 468 434 416 404 398 395 375 351 319 297 294 302 329 411 529 628 690 729 741 827 831 732 654 588 551 477 379 317 317 303 290 298 255 243 245 244 200 226 198 146 156 126 111 97 95 97 97 96 101 108 120 130 136 120 104 95 86 87 112 116 95 87 86 88 91 96 100 108 113 111 110 113 117 115 113 110
393 398 402 412 443 477 461 437 419 408 394 373 360 349 346 347 327 307 286 295 298 311 334 402 494 525 650 717 717 719 704 650 558 490 437 353 287 268 303 341 371 370 353 285 292 299 304 340 281 193 212 201 135 138 115 113 125 141 125 130 123 120 124 131 148 114 96 90 101 108 102 97 96 96 101 105 99 97 98 99 105 118 135 124 119 122
382 444 403 405 439 432 443 456 386 366 347 327 314 300 312 339 296 275 310 351 370 337 378 405 446 507 588 637 646 651 656 627 559 397 342 284 255 244 306 280 343 393 402 386 350 308 311 313 299 247 234 204 173 168 140 132 124 133 114 132 129 107 104 138 181 158 111 91 100 120 125 114 104 100 109 114 99 94 94 97 101 114 125 125 119 129
365 435 451 462 434 448 463 459 382 332 312 294 277 266 266 277 259 269 362 475 468 464 397 410 429 475 503 522 513 471 474 492 488 417 306 244 186 169 202 221 256 285 337 369 372 337 334 315 298 253 220 188 163 162 171 139 117 104 98 97 96 94 95 102 119 155 112 92 89 101 118 160 149 104 106 103 99 97 97 97 99 106 110 108 104 102
344 348 373 390 416 421 457 470 438 356 289 272 261 288 259 254 264 302 332 350 342 357 351 377 412 445 461 449 431 376 345 327 281 257 250 200 160 145 141 155 172 216 218 313 305 370 360 278 264 246 201 153 128 119 141 125 103 103 103 99 96 92 94 94 96 132 107 86 82 87 96 112 129 106 110 115 102 98 97 98 102 107 114 116 100 96
320 321 341 350 353 352 366 376 402 332 290 265 251 266 265 275 296 343 366 312 297 329 346 289 319 397 443 426 435 466 388 344 348 267 222 172 146 133 129 138 142 131 147 166 185 234 298 310 256 239 227 188 138 124 119 119 117 115 119 127 129 149 119 92 88 108 104 83 77 80 85 91 109 108 103 123 127 103 102 114 115 126 139 114 104 96
303 302 310 318 324 329 341 341 355 407 533 350 300 285 353 341 343 355 358 330 289 315 318 285 282 306 394 434 510 549 559 572 670 510 509 318 161 126 119 128 114 116 109 115 137 180 236 279 308 265 261 206 212 209 167 141 134 133 132 140 157 137 100 87 82 90 118 86 75 76 82 90 113 119 92 92 101 119 104 102 110 131 132 113 99 93
285 286 299 310 315 319 335 354 396 488 631 652 492 316 332 377 433 439 433 366 300 298 298 335 390 290 302 422 451 496 549 682 709 807 727 487 230 125 119 109 99 93 91 97 116 108 140 198 254 259 237 241 256 221 189 167 161 154 158 165 174 142 100 86 79 78 78 75 74 75 87 111 129 114 91 99 98 96 99 94 98 107 143 122 101 94
279 282 292 300 306 315 317 338 376 381 514 675 692 521 309 427 514 506 463 343 305 296 339 431 379 300 299 302 326 371 523 616 699 736 716 527 232 165 141 111 101 93 86 78 80 79 85 121 171 201 210 225 228 207 192 210 197 174 183 159 153 140 102 86 80 77 76 74 74 74 93 141 130 101 84 92 118 92 88 88 90 94 103 120 108 94
