model/data/bioclim/bclim4.asc
NCOLS 300 
NROWS 300 
XLLCORNER -125.250000000003 
YLLCORNER 30.7499999999996 
CELLSIZE 0.041666666666667 
NODATA_value -32768 
[rows 0 to 34 of 300, columns 160 to 239 of 300]
7446 7514 7532 7548 7492 7570 7628 7558 7515 7518 7488 7530 7636 7700 7780 7831 7864 7869 7849 7809 7828 7832 7841 7931 7899 7932 7875 7744 7679 7698 7637 7523 7512 7610 7655 7670 7691 7698 7707 7647 7621 7610 7697 7769 7766 7777 7915 8081 8228 8256 8185 8256 8331 8303 8299 8313 8280 8310 8310 8361 8401 8435 8456 8466 8483 8501 8500 8512 8524 8565 8577 8590 8529 8535 8501 8199 8173 8342 8424 8508
7396 7451 7495 7519 7558 7582 7638 7624 7537 7433 7430 7523 7732 7809 7821 7822 7835 7831 7817 7786 7773 7837 7923 7855 7884 7804 7745 7650 7663 7650 7626 7609 7610 7646 7580 7580 7689 7697 7691 7626 7629 7604 7653 7747 7746 7740 7863 8006 8172 8215 8174 8254 8395 8391 8358 8342 8307 8326 8348 8366 8398 8444 8460 8463 8483 8499 8513 8516 8529 8543 8570 8567 8615 8602 8613 8509 8440 8440 8481 8476
7386 7381 7407 7471 7461 7497 7530 7525 7523 7462 7503 7633 7743 7789 7773 7776 7773 7808 7810 7795 7823 7853 7846 7755 7714 7692 7667 7660 7685 7668 7633 7667 7671 7655 7646 7649 7704 7726 7702 7628 7562 7510 7572 7669 7674 7665 7755 7920 8046 8100 8193 8282 8389 8504 8468 8376 8358 8383 8380 8399 8421 8414 8444 8458 8461 8492 8502 8508 8527 8544 8543 8567 8583 8602 8626 8626 8640 8648 8663 8673
7318 7205 7209 7333 7376 7272 7298 7363 7389 7446 7599 7703 7704 7724 7751 7703 7729 7800 7795 7874 7968 7912 7817 7779 7749 7702 7690 7690 7691 7658 7689 7658 7663 7667 7682 7698 7723 7698 7709 7632 7554 7434 7528 7618 7540 7613 7701 7862 7988 8083 8155 8274 8351 8467 8524 8529 8479 8413 8415 8418 8401 8433 8448 8443 8478 8501 8480 8497 8506 8530 8536 8540 8563 8558 8565 8620 8603 8643 8651 8700
7271 7249 7231 7173 7250 7303 7356 7404 7546 7589 7617 7618 7649 7698 7691 7700 7686 7760 7812 7872 7923 7955 7854 7803 7709 7696 7678 7654 7671 7683 7671 7661 7636 7644 7664 7668 7715 7673 7590 7645 7564 7452 7427 7504 7505 7670 7783 7850 7932 8003 8106 8216 8326 8407 8473 8480 8510 8476 8454 8457 8410 8425 8440 8468 8486 8501 8485 8480 8498 8489 8503 8515 8520 8517 8540 8552 8566 8591 8603 8625
7200 7167 7150 7118 7163 7256 7281 7456 7562 7624 7625 7619 7597 7650 7672 7726 7754 7797 7851 7888 7954 7900 7843 7797 7743 7722 7671 7650 7635 7666 7665 7644 7620 7638 7669 7688 7695 7658 7570 7602 7599 7553 7506 7447 7464 7543 7681 7732 7869 7975 8070 8216 8313 8387 8445 8461 8499 8499 8513 8513 8470 8439 8437 8467 8468 8485 8477 8462 8477 8476 8494 8494 8492 8507 8500 8508 8512 8523 8539 8555
7108 7108 7115 7127 7110 7173 7362 7480 7520 7423 7394 7505 7564 7612 7681 7710 7755 7785 7840 7882 7887 7846 7804 7789 7740 7703 7656 7659 7647 7647 7657 7647 7669 7674 7695 7683 7714 7684 7683 7616 7614 7598 7514 7383 7355 7372 7415 7644 7813 7930 8001 8074 8204 8359 8335 8393 8382 8437 8470 8507 8514 8488 8467 8466 8457 8486 8472 8472 8459 8474 8471 8455 8479 8486 8506 8477 8491 8477 8493 8499
7094 7034 7041 7062 7064 7274 7464 7488 7503 7294 7279 7391 7499 7595 7642 7707 7737 7767 7806 7863 7877 7863 7804 7809 7827 7795 7718 7699 7645 7657 7658 7658 7658 7671 7666 7681 7697 7701 7641 7617 7614 7645 7567 7522 7483 7477 7421 7566 7700 7828 7953 8037 8123 8217 8238 8255 8300 8359 8400 8456 8468 8475 8482 8469 8458 8468 8443 8471 8475 8478 8454 8474 8483 8486 8491 8475 8451 8466 8475 8458
7066 7037 7019 7017 7202 7424 7404 7431 7445 7353 7297 7357 7440 7560 7657 7677 7728 7750 7777 7826 7909 7876 7853 7854 7848 7835 7780 7723 7702 7642 7654 7658 7644 7676 7644 7641 7675 7689 7668 7642 7651 7666 7631 7606 7571 7584 7594 7594 7623 7706 7872 7989 8046 8061 8104 8192 8234 8277 8341 8389 8400 8409 8417 8434 8445 8466 8445 8407 8424 8455 8436 8436 8455 8430 8419 8421 8442 8416 8439 8425
7012 6969 6984 7047 7389 7418 7404 7464 7312 7266 7278 7338 7431 7543 7628 7710 7738 7776 7819 7833 7921 7936 7969 7872 7809 7806 7752 7675 7631 7631 7655 7648 7628 7616 7623 7577 7605 7666 7622 7660 7656 7650 7658 7618 7631 7619 7655 7680 7651 7576 7693 7857 7833 7923 7996 8089 8160 8208 8270 8320 8346 8372 8390 8422 8433 8439 8438 8438 8395 8372 8378 8397 8419 8413 8407 8413 8401 8407 8401 8409
6963 6926 6969 7266 7342 7422 7416 7327 7247 7233 7268 7318 7380 7492 7504 7633 7744 7780 7788 7830 7878 7866 7919 7908 7807 7773 7752 7726 7667 7639 7644 7631 7635 7620 7594 7550 7555 7616 7562 7559 7584 7613 7617 7603 7607 7663 7670 7633 7678 7687 7740 7782 7703 7807 7852 7981 8105 8183 8233 8261 8275 8336 8352 8399 8390 8395 8392 8396 8404 8358 8354 8373 8360 8396 8375 8396 8384 8395 8396 8396
6847 6859 7142 7299 7311 7416 7434 7417 7423 7423 7462 7450 7481 7546 7578 7619 7687 7780 7803 7836 7866 7830 7830 7832 7799 7788 7741 7687 7676 7653 7648 7648 7627 7623 7620 7598 7599 7591 7483 7423 7440 7534 7549 7532 7544 7598 7625 7634 7577 7614 7647 7590 7637 7649 7771 7923 8017 8106 8156 8202 8229 8280 8334 8336 8341 8341 8315 8362 8374 8334 8307 8315 8306 8332 8336 8347 8363 8358 8363 8362
6760 6937 7244 7282 7234 7306 7501 7402 7412 7464 7524 7591 7638 7610 7625 7644 7734 7750 7775 7813 7837 7834 7836 7824 7805 7783 7699 7640 7669 7658 7644 7633 7617 7639 7645 7637 7629 7596 7474 7384 7335 7464 7442 7462 7473 7535 7592 7565 7587 7575 7594 7564 7527 7605 7718 7774 7828 7896 7956 8103 8151 8196 8236 8281 8290 8293 8258 8295 8315 8309 8275 8270 8279 8295 8281 8312 8318 8355 8358 8350
6691 7067 7275 7362 7310 7351 7443 7354 7385 7456 7520 7574 7623 7666 7675 7713 7734 7781 7808 7831 7804 7823 7820 7812 7789 7768 7712 7678 7680 7661 7643 7670 7631 7651 7646 7617 7615 7591 7555 7481 7442 7436 7409 7431 7444 7480 7535 7504 7556 7592 7561 7568 7575 7576 7627 7650 7667 7742 7864 7939 8056 8080 8128 8179 8205 8235 8229 8238 8232 8225 8233 8241 8247 8244 8253 8253 8275 8291 8301 8317
6720 7116 7316 7395 7409 7396 7308 7332 7412 7495 7557 7574 7608 7620 7673 7730 7751 7752 7790 7795 7800 7806 7797 7783 7773 7769 7763 7695 7651 7575 7582 7648 7692 7651 7630 7638 7632 7616 7632 7585 7530 7481 7466 7447 7458 7549 7550 7531 7564 7547 7520 7521 7556 7589 7609 7621 7658 7755 7815 7859 7940 7993 8028 8069 8093 8105 8151 8194 8185 8207 8207 8208 8184 8202 8197 8224 8236 8236 8253 8253
6960 7236 7383 7414 7415 7338 7308 7383 7471 7524 7574 7581 7592 7608 7679 7723 7742 7723 7761 7772 7767 7817 7780 7720 7726 7751 7726 7685 7651 7604 7616 7647 7697 7670 7644 7610 7649 7624 7604 7581 7569 7541 7540 7513 7548 7590 7616 7590 7558 7567 7548 7555 7564 7581 7593 7630 7675 7674 7703 7804 7872 7946 7937 7965 7983 8030 8095 8117 8149 8159 8178 8171 8150 8165 8184 8182 8195 8208 8214 8229
7098 7342 7402 7411 7445 7386 7348 7424 7494 7540 7581 7593 7605 7621 7664 7708 7719 7715 7680 7666 7691 7787 7811 7768 7721 7682 7675 7656 7646 7603 7623 7623 7630 7681 7672 7671 7657 7649 7626 7555 7540 7547 7539 7543 7595 7592 7582 7565 7572 7551 7566 7563 7552 7580 7588 7592 7624 7636 7681 7745 7816 7893 7900 7873 7938 7974 8011 8055 8077 8136 8131 8151 8140 8168 8153 8171 8182 8174 8162 8181
7217 7367 7410 7434 7452 7334 7371 7459 7512 7554 7568 7600 7590 7603 7648 7703 7687 7686 7661 7580 7592 7754 7799 7740 7718 7649 7641 7644 7608 7611 7608 7612 7636 7685 7702 7650 7666 7590 7581 7494 7498 7537 7533 7555 7562 7585 7613 7607 7605 7563 7559 7567 7578 7604 7584 7589 7615 7644 7657 7707 7754 7817 7869 7876 7889 7919 7945 8003 8030 8068 8093 8124 8106 8104 8104 8104 8149 8130 8132 8125
7328 7405 7434 7454 7422 7443 7479 7492 7517 7555 7575 7609 7581 7602 7674 7680 7672 7626 7661 7603 7592 7754 7764 7696 7632 7578 7608 7611 7597 7605 7614 7626 7670 7637 7646 7640 7633 7570 7518 7464 7428 7477 7568 7597 7598 7638 7625 7608 7569 7559 7520 7535 7572 7574 7596 7607 7632 7632 7620 7641 7699 7722 7797 7822 7859 7876 7902 7968 8002 7991 8034 8100 8077 8075 8096 8092 8094 8100 8108 8091
7392 7443 7469 7463 7418 7464 7485 7510 7510 7535 7571 7589 7552 7536 7642 7611 7636 7637 7623 7646 7627 7712 7643 7591 7584 7576 7581 7598 7622 7626 7626 7620 7681 7673 7656 7635 7627 7589 7538 7496 7389 7389 7455 7512 7596 7640 7649 7609 7610 7577 7559 7534 7566 7592 7593 7587 7600 7591 7591 7585 7621 7656 7735 7764 7815 7868 7868 7896 7933 7968 7985 8018 8016 8004 8008 8046 8070 8094 8085 8063
7433 7457 7435 7363 7396 7429 7485 7511 7524 7527 7542 7556 7537 7540 7549 7518 7519 7639 7617 7617 7606 7623 7581 7568 7566 7582 7562 7598 7628 7597 7608 7599 7648 7627 7627 7646 7627 7574 7529 7482 7435 7476 7478 7513 7598 7680 7685 7629 7602 7613 7607 7586 7562 7582 7591 7568 7609 7602 7571 7598 7596 7632 7657 7734 7794 7826 7852 7904 7930 7921 7964 7991 7996 7990 7969 7981 7992 8046 8046 8042
7438 7446 7398 7318 7377 7463 7491 7501 7513 7515 7508 7432 7454 7473 7494 7507 7373 7550 7575 7617 7560 7527 7546 7549 7560 7543 7551 7589 7604 7613 7585 7605 7626 7599 7593 7595 7635 7592 7538 7547 7610 7632 7585 7577 7647 7678 7686 7646 7581 7594 7584 7603 7581 7581 7554 7587 7590 7596 7589 7581 7556 7592 7634 7703 7773 7767 7804 7861 7891 7893 7970 7963 7963 7965 7981 7960 7963 7987 7992 8012
7503 7478 7450 7358 7364 7443 7415 7507 7505 7504 7474 7382 7307 7303 7445 7495 7415 7404 7553 7602 7525 7443 7395 7511 7552 7537 7537 7560 7577 7599 7623 7605 7599 7618 7605 7595 7617 7591 7628 7598 7608 7670 7640 7592 7579 7689 7664 7650 7596 7615 7622 7592 7599 7572 7567 7582 7611 7640 7613 7628 7608 7600 7624 7681 7743 7756 7776 7831 7844 7927 7976 7929 7933 7926 7953 7976 7954 7950 7966 7979
7517 7493 7511 7453 7349 7447 7466 7509 7469 7480 7439 7316 7241 7193 7507 7582 7577 7484 7527 7639 7607 7456 7379 7475 7503 7520 7525 7546 7560 7579 7591 7587 7594 7603 7618 7616 7588 7581 7564 7619 7694 7696 7632 7622 7598 7679 7662 7639 7626 7638 7619 7597 7572 7571 7564 7595 7607 7605 7637 7615 7595 7595 7604 7631 7694 7748 7763 7799 7812 7886 7862 7899 7897 7916 7936 7922 7923 7900 7930 7949
7531 7519 7492 7458 7422 7507 7516 7508 7509 7513 7472 7359 7290 7231 7486 7564 7621 7668 7669 7682 7614 7457 7392 7456 7471 7486 7478 7508 7530 7517 7562 7581 7573 7567 7582 7592 7590 7579 7592 7604 7670 7615 7611 7618 7638 7640 7698 7679 7664 7668 7633 7629 7582 7558 7545 7593 7607 7621 7622 7591 7594 7554 7596 7589 7619 7712 7727 7811 7796 7847 7821 7852 7881 7895 7889 7897 7872 7897 7902 7897
7593 7594 7494 7495 7487 7479 7446 7411 7454 7441 7390 7293 7260 7178 7310 7401 7614 7693 7737 7740 7614 7473 7453 7430 7464 7479 7440 7440 7459 7504 7508 7545 7542 7566 7532 7576 7566 7584 7625 7636 7684 7654 7628 7598 7639 7643 7678 7668 7621 7629 7598 7602 7583 7545 7545 7585 7599 7627 7621 7599 7552 7535 7553 7567 7579 7633 7684 7748 7766 7835 7779 7807 7834 7851 7874 7855 7857 7876 7878 7897
7642 7646 7607 7526 7406 7350 7332 7188 7324 7375 7325 7282 7212 7164 7192 7168 7472 7682 7763 7787 7684 7505 7527 7388 7415 7418 7432 7407 7433 7487 7508 7514 7535 7542 7556 7528 7563 7590 7618 7586 7631 7654 7646 7632 7619 7632 7610 7617 7595 7591 7602 7643 7623 7572 7545 7581 7570 7611 7625 7566 7513 7500 7532 7554 7566 7614 7658 7724 7721 7822 7737 7754 7789 7822 7842 7827 7846 7875 7870 7882
7684 7694 7641 7504 7334 7226 7250 7094 7193 7302 7280 7303 7286 7258 7233 7194 7428 7712 7793 7804 7773 7690 7643 7383 7342 7402 7421 7396 7434 7495 7497 7502 7533 7559 7574 7565 7588 7607 7605 7614 7649 7592 7632 7654 7627 7619 7621 7594 7583 7607 7638 7619 7598 7539 7529 7556 7559 7581 7611 7518 7439 7454 7487 7525 7556 7629 7639 7658 7693 7764 7740 7716 7762 7776 7831 7846 7836 7861 7855 7872
7715 7724 7671 7542 7369 7260 7167 7067 7103 7277 7364 7483 7534 7536 7515 7493 7407 7586 7830 7841 7804 7757 7703 7541 7362 7398 7412 7432 7454 7459 7471 7488 7533 7551 7575 7593 7599 7614 7628 7639 7618 7613 7609 7683 7619 7628 7675 7656 7650 7656 7645 7645 7569 7523 7510 7571 7582 7578 7589 7470 7426 7423 7445 7472 7525 7583 7623 7641 7637 7697 7770 7701 7729 7790 7768 7833 7827 7815 7853 7869
7754 7748 7632 7516 7472 7404 7161 7046 7027 7310 7495 7558 7625 7633 7592 7645 7645 7673 7808 7868 7852 7828 7770 7673 7497 7470 7454 7420 7459 7435 7462 7508 7514 7562 7552 7581 7578 7621 7645 7666 7607 7605 7615 7641 7657 7618 7669 7682 7677 7659 7645 7643 7579 7525 7501 7561 7592 7596 7561 7488 7399 7364 7414 7456 7463 7505 7573 7576 7611 7673 7745 7696 7738 7737 7750 7776 7815 7815 7815 7841
7767 7716 7557 7289 7406 7319 7368 7252 7088 7343 7521 7585 7613 7594 7555 7555 7692 7762 7836 7871 7883 7864 7809 7749 7650 7587 7552 7533 7468 7411 7437 7460 7507 7562 7583 7579 7607 7631 7664 7662 7571 7591 7629 7611 7619 7665 7618 7597 7586 7564 7549 7532 7527 7505 7499 7535 7598 7568 7585 7517 7376 7357 7367 7449 7477 7474 7493 7545 7597 7669 7727 7683 7675 7685 7693 7736 7770 7768 7766 7801
7694 7711 7550 7290 7353 7420 7557 7557 7519 7456 7494 7499 7444 7517 7560 7681 7710 7778 7841 7873 7881 7870 7823 7728 7630 7579 7407 7479 7549 7479 7459 7490 7525 7537 7570 7592 7597 7641 7651 7651 7622 7585 7584 7615 7611 7654 7673 7646 7634 7588 7577 7551 7535 7524 7531 7550 7592 7574 7566 7548 7446 7416 7411 7432 7443 7442 7428 7536 7586 7709 7634 7608 7571 7592 7640 7701 7662 7681 7710 7680
7702 7644 7391 7195 7183 7535 7760 7832 7775 7501 7406 7441 7449 7497 7644 7728 7673 7717 7722 7883 7911 7870 7796 7606 7448 7476 7412 7368 7430 7447 7377 7445 7496 7536 7553 7587 7598 7622 7633 7622 7642 7630 7616 7605 7625 7656 7698 7658 7648 7621 7604 7569 7556 7557 7560 7559 7585 7534 7516 7488 7466 7451 7429 7421 7413 7432 7464 7508 7552 7682 7713 7629 7566 7506 7549 7665 7595 7522 7652 7548
7818 7678 7389 7269 7248 7382 7748 7932 7920 7739 7526 7387 7405 7384 7613 7681 7656 7634 7656 7920 7902 7849 7779 7574 7426 7336 7275 7326 7358 7401 7228 7399 7489 7557 7553 7569 7599 7637 7638 7643 7622 7645 7657 7656 7656 7671 7684 7699 7670 7634 7607 7584 7598 7591 7590 7589 7566 7499 7442 7400 7436 7435 7484 7470 7484 7407 7422 7518 7581 7624 7635 7721 7688 7607 7477 7586 7315 7415 7652 7506
7859 7852 7630 7369 7382 7412 7748 7961 7987 7921 7434 7335 7384 7471 7645 7723 7736 7768 7832 7913 7885 7848 7743 7540 7292 7270 7315 7355 7426 7436 7310 7383 7465 7491 7524 7556 7599 7640 7646 7661 7650 7641 7657 7656 7687 7665 7690 7678 7662 7658 7639 7606 7639 7612 7649 7598 7580 7520 7421 7350 7374 7410 7461 7499 7508 7492 7486 7507 7558 7542 7516 7674 7682 7402 7395 7506 7382 7328 7530 7422
