model/data/bioclim/bclim19.asc
NCOLS 300 
NROWS 300 
XLLCORNER -125.250000000003 
YLLCORNER 30.7499999999996 
CELLSIZE 0.041666666666667 
NODATA_value -32768 
[rows 40 to 79 of 300, columns 89 to 177 of 300]
228 191 162 156 153 150 147 146 144 144 144 144 144 143 142 140 137 135 133 133 132 129 129 123 122 125 122 129 137 147 153 146 132 125 123 122 120 123 132 130 116 111 108 105 104 104 101 98 98 102 96 88 85 86 86 92 89 85 79 80 84 92 99 81 74 76 84 72 74 85 81 69 66 66 67 67 68 75 75 69 69 69 68 79 82 74 68 68 69
189 198 172 164 161 157 154 151 150 149 147 146 145 144 143 139 138 134 131 131 130 126 122 112 114 113 117 126 140 153 156 137 128 122 121 118 117 118 132 131 115 110 108 105 102 111 112 107 100 97 88 85 82 82 85 88 89 87 85 79 89 104 105 84 77 70 68 68 71 81 74 66 66 66 69 67 68 71 71 68 68 68 68 78 78 71 68 68 69
188 183 176 172 168 163 159 157 154 152 151 149 146 147 143 140 137 133 130 126 121 116 112 108 108 111 117 122 139 146 149 142 129 119 118 115 114 114 124 127 115 110 105 103 102 109 109 103 98 91 86 83 83 82 89 85 85 80 75 77 102 128 118 90 70 67 65 66 67 70 69 66 66 69 77 68 67 67 67 68 68 68 68 72 71 68 68 68 68
196 191 185 180 174 171 165 162 159 160 161 151 148 146 143 140 138 133 129 125 120 117 115 111 110 112 118 125 132 139 146 161 137 120 115 113 111 112 125 118 113 112 108 103 102 105 106 97 94 91 88 85 85 85 88 82 78 72 70 77 93 104 87 80 66 65 65 65 65 65 65 65 66 69 80 71 69 69 67 67 67 67 68 69 68 67 67 67 67
211 205 196 189 183 178 172 167 163 162 160 156 150 147 145 142 141 136 132 125 121 121 119 112 112 116 120 129 136 146 161 191 158 121 113 111 109 110 123 116 111 110 111 105 101 99 105 97 94 94 86 85 89 91 86 73 70 67 77 81 92 104 86 68 64 65 65 65 65 65 65 65 65 72 84 76 77 73 68 66 66 66 66 66 68 68 67 67 67
226 215 206 198 192 185 179 173 168 163 160 156 153 149 152 156 158 148 138 128 125 121 121 113 113 116 120 129 135 144 161 191 169 127 111 109 107 116 134 124 115 114 107 108 103 100 97 100 97 91 89 84 81 88 79 70 67 70 95 86 85 83 77 68 64 65 65 65 65 65 65 65 69 100 102 88 87 74 68 66 66 66 66 66 71 74 68 67 67
234 224 216 208 199 191 184 178 172 166 163 167 164 164 152 145 162 160 151 135 135 129 125 118 113 114 121 128 135 141 156 173 187 132 110 107 107 114 121 134 124 125 119 105 101 103 103 100 100 97 91 89 85 77 75 70 67 70 87 91 87 75 68 67 65 64 65 64 64 65 65 65 75 87 103 118 87 71 66 66 66 66 66 67 78 81 71 66 67
255 238 226 217 208 199 191 184 178 172 165 171 170 156 151 145 158 174 165 148 135 132 129 116 113 116 121 128 133 132 141 164 187 141 117 105 103 107 137 135 122 116 110 100 97 97 100 97 94 92 89 87 85 76 77 73 69 66 73 102 97 75 67 66 64 62 62 62 62 63 63 69 87 83 95 108 79 68 65 65 65 65 66 68 77 81 70 66 66
269 254 240 227 217 208 201 190 182 176 169 164 160 156 148 144 143 164 166 160 152 139 135 121 115 114 117 118 128 122 132 143 170 170 125 105 102 102 124 124 110 107 102 102 103 103 96 90 87 84 84 91 87 76 82 83 70 66 66 71 75 68 65 62 62 62 62 62 62 62 65 88 90 72 78 75 68 64 64 64 63 64 66 69 77 80 71 66 66
277 261 247 236 225 220 208 198 188 181 175 168 162 155 149 148 146 157 169 153 165 147 137 137 119 119 123 116 124 127 144 149 155 166 126 111 99 99 114 114 101 100 100 105 106 100 93 90 87 87 88 92 86 79 84 98 76 66 64 64 70 68 65 62 62 62 62 62 62 62 68 97 78 68 65 64 64 63 63 63 63 63 65 69 80 82 71 64 65
283 266 252 241 230 226 225 207 194 186 179 172 165 159 154 150 152 150 153 147 160 141 144 156 132 135 138 120 121 138 140 160 175 177 136 110 104 101 104 103 98 101 109 109 103 97 90 90 87 92 100 91 86 85 92 100 79 66 64 63 63 68 65 62 62 61 61 61 61 62 68 88 72 65 64 62 62 62 62 62 63 63 63 69 75 76 67 64 63
284 268 256 245 234 225 220 212 199 191 185 177 173 168 160 156 154 153 147 141 143 144 141 147 147 130 130 122 123 135 140 144 166 163 135 119 122 112 97 94 93 96 103 100 101 97 91 91 90 94 112 92 86 88 103 98 74 65 64 63 62 64 65 61 61 61 61 60 60 62 69 76 72 65 63 62 62 62 62 62 62 62 63 64 69 69 64 63 63
283 267 256 246 238 229 222 220 209 198 190 184 179 180 178 161 160 167 154 144 135 134 139 139 138 124 121 124 123 124 126 128 138 137 134 116 119 109 94 93 91 92 93 93 96 95 96 101 101 98 103 90 81 82 85 92 76 66 63 62 62 65 65 61 60 60 60 60 62 63 67 71 78 68 64 64 66 66 61 61 61 61 62 63 65 65 63 62 63
300 277 256 248 241 234 226 226 215 207 200 199 192 186 187 171 164 163 169 157 143 137 140 129 119 117 124 134 137 124 129 125 122 119 113 106 100 99 93 91 90 90 90 89 87 89 96 115 111 91 82 79 75 75 72 88 74 64 62 62 62 67 65 60 60 60 60 60 63 66 72 72 75 72 64 61 61 61 60 60 61 61 66 69 69 67 66 66 68
277 275 260 254 249 239 232 229 222 217 220 211 207 194 189 184 178 168 171 172 155 152 139 123 117 117 129 140 142 130 114 107 117 114 122 128 109 102 94 91 92 89 86 86 86 88 93 102 103 97 78 72 72 69 69 77 71 64 62 61 61 62 61 60 60 60 60 60 60 63 67 70 68 69 67 60 60 60 60 60 60 60 72 75 67 63 65 64 63
272 282 278 263 258 254 246 236 230 227 229 216 207 198 191 187 187 188 165 165 158 148 130 122 117 129 146 151 126 113 108 106 108 110 118 130 116 112 105 99 97 89 86 86 88 89 95 94 94 94 81 72 69 67 67 70 66 64 62 61 61 60 60 60 60 58 58 59 60 60 62 63 63 64 64 60 59 59 59 59 59 60 60 61 61 60 61 63 61
278 295 291 292 283 276 264 254 241 232 226 215 204 198 194 191 189 178 166 155 146 140 130 123 116 112 110 108 108 102 102 101 101 101 113 117 114 117 114 106 105 91 89 92 97 93 93 85 91 97 78 72 69 67 67 64 64 63 61 61 61 60 60 59 58 58 57 57 60 61 61 61 62 62 61 58 58 58 58 59 61 63 61 58 58 59 59 60 60
299 314 305 310 301 293 281 270 262 245 234 224 214 206 206 206 202 184 170 156 149 140 132 125 117 110 103 101 103 101 101 101 101 101 106 108 114 115 114 107 102 94 89 94 99 93 87 78 81 102 104 81 69 67 66 64 64 62 61 61 60 60 59 59 59 58 57 57 63 67 63 64 67 64 58 57 57 57 58 67 80 75 64 59 58 58 64 67 66
343 295 313 332 317 305 293 282 276 264 251 242 231 223 222 221 216 193 183 166 153 152 142 132 131 124 119 109 104 103 101 101 107 108 105 108 103 106 103 99 98 92 90 96 96 96 90 78 75 81 123 91 69 67 66 64 64 61 61 60 60 60 60 60 59 58 60 63 67 69 64 67 72 69 62 58 58 62 59 74 88 76 62 57 58 61 74 86 74
383 325 323 341 330 315 304 297 300 279 267 256 247 241 237 225 215 209 195 174 167 181 170 155 151 136 145 122 107 108 119 123 129 123 106 106 101 100 98 93 90 89 93 96 97 96 89 80 74 73 104 110 71 67 65 64 63 61 61 61 63 60 60 60 59 59 60 60 65 66 64 66 67 72 64 59 56 56 59 67 70 65 56 56 57 64 76 80 72
385 372 349 354 342 328 315 305 293 286 280 270 267 253 236 224 215 206 196 174 167 189 185 157 135 126 138 127 112 111 130 141 123 104 101 104 105 104 101 94 88 85 93 99 99 92 86 77 74 72 74 87 73 68 64 64 63 62 63 66 64 60 61 66 60 63 66 60 63 63 65 70 69 65 62 58 56 55 56 62 57 55 55 55 56 62 67 77 80
384 394 381 366 353 339 327 315 305 296 288 272 261 250 241 228 220 203 190 179 168 173 209 162 133 129 133 120 116 113 113 134 134 106 98 99 104 103 99 96 89 85 86 87 89 86 77 75 74 71 70 70 70 66 64 67 64 64 70 72 64 62 65 66 60 60 60 58 59 60 61 70 72 70 62 57 55 54 54 54 54 54 54 56 56 59 61 64 77
404 413 399 380 361 350 340 328 317 305 295 293 284 262 266 246 234 210 197 186 176 174 186 162 140 132 126 128 137 122 110 110 115 107 101 100 96 94 95 98 89 85 85 83 80 80 77 75 74 71 70 69 67 66 69 69 64 65 71 67 64 66 66 61 60 61 61 60 59 58 60 66 76 71 65 57 54 54 54 54 54 57 56 57 56 58 59 67 80
428 426 404 385 371 360 350 340 331 326 308 302 289 273 270 272 239 219 207 197 187 183 168 167 154 140 131 126 123 117 112 109 108 106 106 106 99 95 92 91 90 87 85 84 81 80 77 77 74 73 70 69 67 67 79 68 64 65 65 65 69 71 69 60 61 64 71 68 60 61 59 59 62 65 63 57 54 54 54 57 65 69 68 58 57 59 72 80 83
417 405 396 387 393 373 364 362 348 336 321 308 296 289 278 279 249 229 217 227 195 180 169 163 169 147 135 129 123 120 117 112 109 109 111 101 98 95 94 93 90 88 87 84 83 80 77 77 75 72 70 69 67 66 72 68 65 64 65 63 69 74 66 61 63 72 86 72 63 63 62 62 58 58 60 54 54 54 54 65 100 90 66 57 57 65 80 89 83
429 421 410 408 394 383 382 379 362 346 337 322 309 298 287 276 261 247 232 243 215 194 179 167 164 149 141 133 130 124 121 116 112 108 106 103 101 100 98 93 91 90 88 86 83 81 80 85 78 72 70 69 67 69 78 68 64 62 62 62 63 72 60 61 70 83 75 60 57 55 58 61 57 55 55 55 54 54 54 68 106 89 62 57 57 62 82 83 77
463 445 429 415 408 399 399 393 378 361 347 335 323 310 298 286 279 289 270 235 231 218 198 179 164 154 146 140 139 129 124 119 114 111 107 104 107 104 98 94 94 92 90 87 84 82 82 91 78 72 70 69 68 69 81 67 63 62 59 59 59 65 56 59 67 74 63 55 52 53 55 57 58 57 57 57 54 54 54 66 96 74 60 54 54 57 62 70 68
457 442 436 427 427 415 405 396 384 371 361 349 337 324 311 296 283 277 255 237 221 207 192 184 170 161 155 149 153 134 128 122 118 115 112 108 104 104 107 95 95 93 90 87 85 82 82 93 77 72 72 69 69 67 81 71 62 61 59 59 56 56 55 55 58 63 55 52 52 52 55 61 62 60 55 54 53 51 54 68 99 74 59 54 54 54 56 60 66
478 457 450 444 439 434 420 406 395 386 376 363 352 340 327 311 296 279 263 248 231 218 203 188 181 173 166 155 147 141 136 126 122 135 135 121 109 102 106 100 95 94 92 89 85 87 100 98 77 72 72 69 70 67 90 69 62 59 59 57 59 59 55 52 56 55 51 52 52 55 61 72 67 59 55 54 51 51 54 68 100 75 60 54 53 54 54 57 63
515 498 483 470 463 455 444 429 416 405 396 381 371 357 341 325 311 294 278 262 246 228 212 199 189 179 171 167 159 152 144 137 128 136 148 128 111 104 105 99 95 96 93 90 86 84 91 88 76 72 72 69 67 66 76 64 61 59 58 58 62 56 52 50 53 50 50 52 52 55 64 72 64 57 52 51 49 50 51 63 88 71 60 54 51 52 54 54 59
530 509 502 485 467 462 454 440 435 430 420 407 391 375 359 341 338 315 301 295 295 270 234 211 199 190 183 175 167 159 151 144 135 127 121 115 109 105 102 99 96 97 95 91 86 84 79 79 77 74 71 71 67 65 66 62 61 59 58 58 56 53 50 50 49 49 52 54 55 58 61 64 58 51 48 48 48 48 51 60 69 69 62 54 51 51 53 54 60
527 519 507 497 489 476 467 453 452 452 448 420 403 395 380 358 343 336 309 294 294 286 272 253 213 201 195 184 175 166 157 149 142 135 128 121 115 109 104 102 97 95 95 92 87 84 82 78 76 79 75 74 67 65 64 61 61 61 61 71 57 51 50 49 48 49 55 58 57 55 52 52 49 46 45 45 48 53 60 57 63 77 63 54 51 51 51 54 68
537 513 510 499 492 488 480 471 471 473 473 445 415 399 390 375 356 340 324 304 289 273 266 259 243 214 202 194 183 173 163 155 146 139 132 126 120 116 111 103 100 97 92 88 86 84 85 81 77 87 82 71 67 65 64 63 68 65 69 76 57 50 50 48 48 49 57 70 57 50 47 46 43 43 43 45 48 55 57 56 56 77 69 54 50 50 51 54 60
483 526 515 510 503 497 491 486 484 482 487 476 460 444 421 389 382 365 348 336 314 285 263 255 249 245 217 197 192 180 170 159 151 144 135 130 124 120 115 108 104 100 95 92 90 88 86 83 78 87 97 69 67 65 64 69 73 70 68 60 52 50 48 47 47 48 52 61 55 50 46 43 42 42 42 45 55 58 54 50 54 66 60 51 49 50 51 52 57
538 533 526 519 515 508 484 494 490 491 489 465 461 461 466 451 411 410 367 357 324 298 281 263 250 242 232 214 190 182 175 166 156 145 138 133 127 122 118 113 108 99 94 96 93 90 86 83 80 82 84 69 67 64 66 72 66 68 64 57 51 50 48 47 47 48 54 58 48 45 45 43 40 40 41 43 50 52 47 47 50 51 50 47 48 49 50 53 60
509 536 538 532 526 521 507 487 506 496 497 483 468 468 460 475 454 427 377 353 342 312 304 274 257 245 236 218 208 214 195 171 157 148 139 132 131 125 120 115 105 99 101 93 96 92 87 83 80 81 90 71 67 64 66 69 63 63 68 59 51 48 48 45 45 48 57 58 45 42 40 40 39 40 40 41 51 50 44 44 45 46 46 46 47 49 51 55 66
527 546 549 544 539 533 500 501 504 508 504 504 498 495 475 454 448 430 407 392 372 333 310 287 275 263 258 241 223 214 203 201 163 152 142 130 138 124 114 112 119 126 128 98 94 92 89 86 81 75 78 69 67 64 65 73 61 59 65 59 51 48 48 45 45 48 54 48 42 39 38 38 37 38 39 47 50 44 41 42 44 44 44 46 49 53 59 60 69
529 558 561 557 544 513 509 553 536 522 526 527 522 520 500 461 442 431 419 402 365 357 332 304 286 265 249 248 260 263 228 196 188 152 148 139 147 164 115 112 128 149 158 145 92 90 89 86 81 74 76 69 67 64 64 69 61 58 62 56 51 48 46 45 45 48 51 47 40 39 38 37 37 38 41 44 41 39 41 41 41 46 46 49 59 70 65 63 63
476 550 564 561 562 528 554 536 534 539 538 533 529 528 524 508 478 445 435 409 392 399 376 319 296 272 256 240 243 266 254 200 202 190 150 155 140 126 114 106 105 107 135 175 121 85 91 86 82 74 71 69 67 64 62 61 59 56 54 53 50 48 47 45 44 45 43 42 39 38 36 36 39 39 38 38 38 38 38 40 41 44 47 56 72 65 58 52 44
381 519 509 503 479 573 529 563 560 553 550 541 543 541 537 531 516 486 455 430 411 388 368 344 316 299 268 254 264 255 280 207 192 231 193 153 140 126 116 106 126 107 92 109 111 84 85 86 81 77 72 69 67 63 60 61 61 56 53 50 49 48 48 47 44 42 39 39 38 36 37 36 36 36 36 36 37 38 38 38 41 45 53 62 56 48 42 39 40
