model/data/bioclim/bclim10.asc
NCOLS 300 
NROWS 300 
XLLCORNER -125.250000000003 
YLLCORNER 30.7499999999996 
CELLSIZE 0.041666666666667 
NODATA_value -32768 
[rows 38 to 75 of 300, columns 172 to 257 of 300]
171 167 194 202 202 202 200 194 175 162 151 137 145 141 146 147 166 171 166 166 167 168 168 169 171 173 173 174 175 176 177 177 176 176 176 175 174 173 173 173 174 174 172 170 168 154 151 155 153 145 131 136 139 149 153 150 146 145 139 142 151 157 146 141 143 131 146 146 154 154 156 159 156 150 152 153 163 172 172 166 162 157 143 143 161 167
183 176 198 203 203 203 200 193 166 148 135 159 172 170 153 152 168 178 173 168 169 172 173 172 173 174 174 174 177 177 177 176 176 176 176 175 174 173 173 172 176 174 174 170 166 146 159 159 149 141 130 141 146 152 153 150 141 141 142 141 150 156 150 146 146 148 153 155 158 152 148 148 146 145 155 162 166 170 172 167 161 152 138 150 164 170
186 183 195 204 204 203 202 194 162 138 146 170 182 186 183 167 179 180 173 159 168 171 172 174 175 177 179 180 178 176 176 177 176 175 175 175 174 172 172 172 176 171 169 169 168 162 164 160 145 138 130 129 149 152 153 151 145 147 149 146 148 154 157 150 147 151 157 160 161 158 149 139 133 137 149 158 164 167 170 169 162 153 147 164 171 177
188 189 201 205 205 204 202 197 177 147 138 175 189 191 191 188 178 175 169 168 173 176 182 181 178 182 179 179 177 175 176 176 175 174 173 175 175 172 170 169 173 161 159 162 165 158 158 154 149 131 107 125 151 155 154 148 149 154 147 143 150 153 157 157 148 141 156 162 163 160 156 140 131 134 147 157 162 165 168 168 164 154 164 174 177 181
199 201 205 206 206 205 203 194 163 133 148 177 191 194 194 192 187 177 175 179 183 183 188 185 179 185 179 175 177 174 174 175 175 172 171 174 172 169 166 159 168 170 168 169 170 162 165 162 148 119 123 145 154 157 157 150 150 155 156 151 151 155 156 157 150 142 155 161 164 161 159 148 137 133 140 153 161 165 167 168 163 158 174 179 180 179
204 205 206 207 206 206 203 187 143 135 168 185 193 196 195 193 193 188 188 189 189 189 191 190 184 172 172 177 177 174 172 174 175 172 171 170 163 152 158 153 166 157 157 164 166 171 171 168 156 142 131 149 157 159 160 156 147 152 160 160 155 158 150 148 151 150 157 162 166 163 162 158 149 137 138 153 161 165 165 170 170 172 178 179 179 175
207 205 206 207 206 206 202 192 167 143 171 188 195 198 197 192 188 192 194 194 194 192 191 187 181 170 166 168 174 171 172 173 174 170 166 160 161 158 162 155 156 152 153 157 159 171 174 171 165 153 142 146 159 162 163 159 150 152 160 164 162 158 146 138 149 155 154 164 167 165 165 161 158 153 148 155 161 163 158 169 174 175 176 179 179 177
207 200 197 204 206 206 196 191 189 172 177 195 198 199 196 178 182 191 195 194 192 189 190 185 176 159 153 158 165 166 163 168 169 167 167 168 171 170 170 164 156 137 136 144 156 169 174 173 166 143 139 145 159 162 164 164 158 157 164 167 166 156 148 145 150 154 153 161 168 167 167 163 157 159 147 149 158 159 162 169 172 169 170 177 178 176
205 189 185 200 206 206 196 181 187 195 198 200 201 200 196 185 184 193 195 193 189 180 186 184 175 167 155 148 161 164 151 161 165 173 179 179 179 176 172 165 157 140 154 160 169 174 175 172 156 134 145 153 161 164 166 166 165 165 168 169 166 161 158 154 150 151 158 167 169 168 168 166 164 159 141 152 160 163 163 159 159 162 169 175 177 175
203 189 181 200 206 205 196 172 185 199 201 201 201 200 195 183 188 195 193 187 186 182 188 187 182 169 153 148 155 158 157 163 176 182 183 181 177 175 174 173 161 156 159 170 175 176 174 168 153 150 156 161 165 166 167 167 168 167 165 165 166 167 165 163 157 160 167 169 170 169 169 168 168 168 164 155 164 166 166 159 149 160 167 173 176 176
200 188 185 199 206 205 195 167 177 199 202 202 202 200 189 171 190 192 181 169 184 191 191 190 185 179 170 147 141 159 174 179 183 186 184 182 181 181 180 178 172 169 164 170 175 173 161 159 162 164 162 166 168 168 170 170 167 161 157 161 165 170 168 166 165 165 168 171 170 171 171 170 170 170 168 157 159 165 160 160 154 163 168 171 171 174
198 183 180 197 206 206 196 165 183 199 202 203 202 199 184 176 190 182 157 165 189 194 195 193 189 182 176 174 185 184 185 186 187 187 183 178 173 177 180 177 175 172 162 161 165 164 157 167 170 162 164 168 169 166 171 170 165 155 151 158 166 169 172 167 167 169 170 172 171 172 172 171 171 171 165 157 167 164 154 163 166 168 163 163 166 170
201 190 189 201 206 207 200 182 192 200 203 204 203 199 183 187 187 167 153 174 193 197 198 195 194 195 196 196 188 181 186 187 185 180 175 176 177 175 180 180 176 170 160 151 157 156 171 176 172 164 153 164 169 172 171 167 161 156 156 163 170 174 173 167 167 169 170 173 173 173 172 173 172 172 169 170 171 168 158 164 169 171 158 151 149 162
206 200 199 205 208 208 204 196 196 203 204 204 204 202 199 197 183 166 185 194 199 200 199 199 198 198 197 187 183 183 183 179 181 182 178 177 181 179 183 182 176 168 153 154 159 166 176 180 173 162 149 163 170 172 170 163 150 158 167 171 173 177 166 164 170 170 172 173 174 173 172 170 168 167 170 171 168 165 164 170 174 173 168 159 150 161
206 204 204 207 207 206 201 192 201 204 204 205 205 205 202 186 184 196 201 202 202 201 201 200 199 199 197 194 184 172 177 184 190 187 181 186 188 185 185 183 181 173 158 150 156 175 180 181 172 164 166 171 173 172 168 159 155 167 173 176 175 177 169 172 176 175 175 175 174 171 161 143 156 157 169 166 157 151 158 171 177 177 172 155 158 168
195 197 199 201 200 197 192 182 201 205 204 202 204 205 202 186 193 202 204 204 203 202 202 201 200 199 198 193 182 168 182 189 193 192 191 191 190 187 183 185 186 182 168 167 174 182 184 177 167 167 173 177 171 172 165 158 159 171 177 179 178 179 174 177 178 177 176 175 172 164 142 114 147 163 170 167 160 145 151 168 178 179 176 152 153 170
186 198 205 202 202 204 200 198 204 201 196 187 199 205 205 197 200 203 203 204 204 203 203 202 201 200 198 192 182 182 188 193 194 194 193 192 190 187 187 191 189 187 174 178 185 186 185 170 161 172 180 174 168 169 164 164 170 179 182 183 181 180 178 180 179 177 176 174 167 155 132 115 155 169 173 171 166 152 154 170 179 180 175 149 143 172
208 208 208 206 204 207 206 206 201 191 177 166 186 200 204 203 192 196 200 205 204 203 203 203 202 201 200 195 193 192 190 194 194 194 187 190 189 186 192 193 191 185 174 183 188 189 184 177 163 173 182 177 171 165 164 171 180 184 185 182 183 183 182 182 180 178 177 169 157 137 113 117 162 173 175 175 171 166 167 175 180 181 173 143 149 180
210 210 209 208 207 207 206 205 199 178 151 151 175 191 197 191 188 195 202 205 205 204 203 203 203 202 201 200 198 191 189 192 192 193 178 188 186 191 197 197 197 188 176 189 191 192 188 184 178 181 183 176 170 172 178 181 186 185 169 171 181 184 184 182 182 180 177 168 148 134 114 119 163 175 176 177 177 176 178 180 182 182 178 148 163 183
209 211 209 201 196 197 207 206 196 169 155 136 169 188 194 188 197 204 205 205 205 205 204 204 204 203 202 201 197 192 190 189 190 190 188 191 193 199 199 200 200 193 183 192 195 191 189 191 188 190 186 179 175 183 186 188 189 181 178 181 184 184 183 182 182 180 176 166 163 160 145 138 158 177 178 178 179 180 181 182 182 183 182 160 171 186
211 211 205 185 170 186 206 206 200 184 159 160 164 181 192 196 204 203 199 201 201 203 204 205 204 203 203 202 192 180 184 185 185 184 185 198 200 201 200 200 200 196 191 191 193 192 194 195 195 192 186 180 185 191 192 190 185 182 185 184 182 183 182 182 180 177 171 146 152 166 162 147 159 178 179 180 180 181 182 183 183 184 183 166 177 187
213 211 200 183 176 187 206 207 204 193 167 174 152 176 200 204 197 183 179 191 190 197 202 203 204 204 204 202 195 172 176 178 181 186 198 201 201 201 201 200 200 195 186 180 191 195 198 197 197 194 187 191 195 194 190 181 180 187 187 184 183 181 181 180 174 163 146 125 144 169 170 155 169 179 181 181 182 179 176 183 184 185 184 170 177 187
213 210 202 194 182 177 203 207 206 203 188 173 171 190 202 197 180 176 190 195 192 193 196 199 203 204 204 204 200 180 171 180 194 201 202 201 201 201 200 200 199 190 178 171 191 197 199 200 199 197 192 196 188 189 186 185 189 189 188 186 182 180 178 173 162 149 126 128 166 173 172 159 171 180 181 182 182 180 172 182 185 185 185 178 181 188
212 210 207 204 198 180 194 206 207 206 196 173 180 197 198 186 190 194 197 197 193 185 170 180 198 203 204 204 204 199 196 202 203 202 202 200 197 199 200 198 197 193 181 184 195 197 200 198 193 190 192 185 177 191 189 192 191 189 187 186 182 176 165 141 132 122 116 162 174 175 174 170 175 179 181 182 183 181 169 181 184 184 177 156 176 188
210 211 208 205 194 175 191 205 207 207 203 190 186 195 194 188 189 195 200 196 183 163 162 164 188 200 205 205 204 204 203 201 192 187 184 187 191 199 201 199 199 197 193 188 191 195 197 190 183 178 178 182 188 193 191 192 192 189 186 184 174 145 125 131 122 113 140 173 177 177 176 173 175 174 179 181 182 176 167 181 181 179 161 142 167 188
205 210 204 186 175 171 192 203 205 206 204 189 187 190 179 159 181 196 201 195 175 158 160 164 185 195 203 205 205 204 204 201 185 175 188 197 199 201 201 200 200 199 199 197 197 201 195 190 180 175 181 188 193 193 192 188 191 189 186 182 172 150 123 113 106 128 162 177 178 178 177 176 174 173 178 179 177 158 153 169 175 168 147 155 174 188
206 208 197 172 163 172 191 197 196 203 205 199 193 184 160 154 186 200 203 198 187 181 177 181 196 202 205 205 205 205 204 202 194 187 196 199 197 199 201 201 202 202 201 200 196 193 200 194 187 180 185 191 193 189 189 185 191 189 187 184 179 168 149 125 112 151 174 179 179 179 179 177 174 167 175 175 169 149 131 156 161 159 164 175 185 189
209 210 199 170 169 178 186 178 181 197 199 202 196 181 165 178 196 203 205 204 201 198 194 193 204 205 206 206 205 205 204 201 192 186 193 195 199 201 203 202 201 197 195 198 188 186 199 196 175 156 177 188 183 186 185 188 193 192 189 184 168 142 129 121 130 170 181 181 180 180 180 178 173 170 176 176 168 139 144 156 154 162 176 185 189 190
211 213 210 200 188 193 181 168 174 190 196 201 198 175 161 192 203 206 207 206 206 205 205 205 206 206 206 204 200 190 188 188 187 174 185 199 202 203 204 202 200 192 193 201 187 191 200 199 189 170 177 182 179 182 177 189 194 192 189 183 160 131 113 130 156 178 182 182 182 180 180 179 177 179 180 177 174 165 165 170 170 176 183 188 189 190
211 214 215 212 207 194 172 161 185 199 204 205 193 166 159 199 207 208 207 207 205 205 206 206 206 205 202 194 174 164 180 176 173 180 193 201 204 205 203 198 199 201 202 196 186 196 201 201 192 181 163 172 174 181 184 192 194 194 191 184 166 144 121 155 179 183 183 183 182 181 180 181 180 181 181 180 179 175 175 178 180 184 188 188 186 186
212 216 216 216 212 201 181 166 191 204 209 204 177 139 175 203 208 208 208 207 195 202 207 207 206 203 197 180 154 145 174 168 176 191 198 203 205 206 205 205 205 204 201 185 187 197 202 201 188 176 156 167 179 185 190 193 195 193 191 177 158 132 126 173 184 184 184 184 182 180 179 180 176 176 180 180 177 170 176 181 185 187 188 184 173 176
212 217 217 217 215 209 192 167 189 207 211 201 177 151 182 205 209 209 207 201 195 205 207 207 205 202 192 170 155 155 178 182 182 195 202 204 206 207 206 205 201 186 170 172 190 198 202 199 192 181 167 175 184 189 192 194 195 191 189 182 168 155 157 184 185 185 184 183 180 178 177 177 177 169 180 171 170 173 179 182 185 187 185 175 156 168
210 217 218 218 215 204 188 173 184 208 210 191 186 175 188 205 208 206 195 183 193 204 207 208 204 195 185 174 167 156 180 187 191 198 204 206 207 207 206 197 177 169 169 185 194 200 202 200 195 179 166 178 186 191 194 195 194 191 187 180 171 163 170 185 186 185 183 178 168 169 170 173 179 181 178 158 160 172 180 184 186 186 182 173 156 164
207 216 218 218 214 189 164 172 198 212 206 180 185 197 204 203 193 193 184 176 187 199 204 207 202 191 175 167 182 181 187 189 197 204 207 207 208 201 192 179 166 171 186 194 197 200 202 201 195 180 170 166 184 191 195 196 194 190 184 165 147 149 180 187 186 184 182 175 168 155 153 161 178 180 172 145 143 165 182 185 185 183 179 174 171 173
207 217 218 218 217 204 193 193 210 216 206 185 196 210 209 195 180 187 190 192 185 191 203 207 201 186 179 182 192 193 199 196 202 207 208 208 200 180 178 179 170 187 195 198 200 201 202 200 190 184 181 175 185 192 196 196 193 190 182 165 131 136 186 186 181 180 179 178 168 156 142 155 173 177 173 153 143 159 180 184 185 184 178 173 173 173
212 218 219 219 217 207 187 202 214 220 212 197 209 217 208 181 155 172 183 191 198 203 206 208 201 185 176 185 199 202 203 206 207 208 205 193 171 167 180 185 185 193 198 200 201 201 198 192 174 175 187 190 188 187 193 192 194 188 179 157 124 147 188 185 177 161 168 174 170 166 165 160 166 177 176 160 139 161 173 181 185 186 181 175 181 177
217 219 218 218 214 199 182 206 209 220 223 217 221 221 203 174 167 178 176 186 199 208 209 208 197 173 177 189 202 203 198 202 199 196 187 185 160 171 187 195 196 198 200 199 199 199 193 184 167 184 193 195 194 188 190 193 192 186 172 149 137 179 188 188 181 161 162 169 173 169 169 172 174 179 177 168 141 156 155 181 186 187 186 185 184 179
218 218 217 214 208 190 192 216 220 226 228 227 225 213 205 186 185 194 195 195 203 209 208 204 188 163 187 201 202 192 196 197 190 183 188 195 177 185 193 197 198 199 198 198 197 196 188 182 172 190 195 195 195 190 189 195 192 185 171 137 149 188 189 188 183 176 161 164 174 175 172 178 179 180 179 168 135 129 142 178 187 188 187 185 183 180
