model/data/bioclim/bclim2.asc
NCOLS 300 
NROWS 300 
XLLCORNER -125.250000000003 
YLLCORNER 30.7499999999996 
CELLSIZE 0.041666666666667 
NODATA_value -32768 
[rows 38 to 75 of 300, columns 86 to 171 of 300]
142 139 141 142 145 151 158 160 162 163 165 165 164 163 163 163 164 165 166 167 168 169 168 168 170 169 168 167 165 165 165 157 151 150 156 158 158 157 154 154 154 153 153 156 156 157 156 157 159 160 160 159 160 161 161 158 160 162 162 163 164 164 161 163 166 168 169 168 162 159 154 162 165 167 168 169 170 170 170 170 169 171 173 173 174 172
138 137 136 137 143 151 156 160 162 163 164 163 163 162 163 163 163 164 166 168 168 169 168 170 171 171 170 169 166 166 165 158 153 147 153 156 157 156 155 155 154 154 154 156 157 157 158 158 159 159 160 159 159 159 162 160 160 161 161 164 165 164 162 163 165 164 167 167 166 160 163 166 163 166 167 168 169 170 170 171 169 170 172 173 173 173
139 138 139 139 144 151 157 161 163 163 163 163 163 163 163 164 164 165 166 168 170 170 169 170 170 170 172 172 169 170 164 159 154 151 152 155 156 157 157 156 155 153 153 155 157 157 158 158 158 158 159 159 158 160 162 163 163 163 161 162 163 165 165 164 161 160 165 166 166 164 166 166 164 165 167 168 169 170 170 171 170 170 172 173 173 173
145 143 144 146 144 152 161 163 164 163 162 163 163 163 164 165 165 166 170 168 171 172 171 171 172 174 179 176 176 172 166 158 152 150 155 155 156 157 157 158 156 152 152 156 157 157 158 158 156 156 157 159 160 162 163 164 164 163 162 161 162 163 165 162 159 158 164 165 166 165 164 165 165 166 167 168 169 169 170 171 171 171 172 173 173 173
150 150 149 151 152 157 162 163 164 163 162 163 163 163 164 165 165 167 172 173 174 176 176 179 180 181 181 180 177 172 167 158 154 153 154 155 157 158 158 159 158 154 153 156 157 158 158 159 156 157 158 159 161 163 164 163 164 161 163 163 164 166 165 159 153 155 162 166 165 165 164 164 165 166 167 168 168 167 170 170 171 172 172 172 173 173
157 156 155 156 157 160 161 162 163 164 163 164 161 159 165 168 167 169 173 175 176 177 178 179 179 179 180 179 177 171 165 162 157 154 150 155 157 159 159 159 158 154 156 157 157 157 158 159 158 157 160 160 161 162 163 163 163 162 164 165 166 167 165 161 158 163 164 166 165 165 165 165 166 166 167 168 168 167 169 170 171 172 172 172 173 173
162 163 163 161 162 162 162 163 165 165 165 165 163 162 164 168 169 171 171 169 173 174 178 179 176 176 179 177 174 169 164 160 155 150 144 150 158 160 161 161 159 155 157 157 157 157 158 159 159 157 160 160 161 163 163 162 161 162 166 167 167 165 164 161 158 163 166 166 166 165 166 166 166 167 167 168 167 165 168 168 169 171 172 172 173 173
163 167 168 163 163 163 163 165 166 167 166 166 167 166 168 168 169 165 162 161 164 169 174 174 177 175 178 177 174 170 164 161 155 150 144 148 157 162 162 161 158 153 155 157 157 158 158 159 159 159 159 159 161 162 163 164 162 164 167 168 167 160 163 163 163 165 166 167 166 166 166 167 167 167 168 168 162 161 165 165 169 171 172 173 173 173
165 168 169 157 161 164 164 164 166 168 168 168 169 167 162 162 161 166 169 160 159 163 170 169 171 172 176 177 174 170 164 160 157 152 148 145 157 162 163 161 158 156 153 154 154 155 159 159 159 158 159 159 159 161 161 163 165 166 167 168 167 162 161 162 165 166 167 167 167 167 167 167 168 168 168 167 165 161 157 165 170 172 172 173 173 173
165 169 171 168 164 161 162 162 167 167 169 170 170 170 162 162 167 169 171 163 156 158 164 168 169 170 177 176 174 170 166 162 161 157 150 145 154 160 164 163 161 153 153 155 156 158 159 160 160 159 159 161 161 162 162 163 165 165 166 168 168 166 158 160 165 167 166 168 167 167 168 168 168 169 168 164 165 163 160 168 171 172 173 173 174 174
168 171 172 173 174 175 172 162 162 163 168 171 171 172 171 169 169 172 173 171 160 158 159 162 166 167 173 176 175 172 169 164 165 160 156 149 148 158 164 165 163 156 156 158 159 160 159 159 159 160 162 163 163 163 161 162 165 164 163 167 168 168 166 165 167 168 168 168 168 168 168 168 169 168 164 163 168 167 168 170 172 173 173 173 174 174
167 170 173 175 174 175 177 169 159 164 167 171 172 172 172 172 172 172 172 170 164 158 163 158 163 167 166 173 171 169 170 165 163 156 154 152 149 158 162 165 165 158 158 161 161 160 159 158 160 161 162 163 163 162 161 162 164 163 159 165 168 169 169 167 167 168 169 169 169 169 169 169 169 168 161 166 169 170 171 172 173 173 173 174 174 174
166 171 176 177 177 177 178 176 163 156 165 172 172 173 172 172 172 172 172 169 168 165 166 160 166 164 159 167 164 162 169 167 159 157 152 148 147 156 162 164 164 162 161 163 161 158 158 159 160 162 162 163 161 159 161 163 163 161 159 164 169 169 170 169 168 168 169 169 169 169 170 170 170 168 164 168 170 171 172 172 173 173 174 174 174 175
170 171 176 179 179 180 180 180 178 168 167 173 173 173 172 170 169 171 171 170 168 170 170 168 166 165 162 161 166 165 167 166 161 158 156 150 151 157 160 158 160 165 165 164 162 160 160 160 161 162 162 162 161 157 161 162 162 158 159 166 169 170 170 170 169 168 170 170 170 170 170 170 170 168 167 168 170 171 172 172 173 174 174 175 175 175
175 173 169 179 180 180 181 181 179 176 167 169 173 174 172 169 165 164 170 168 163 167 170 172 170 166 165 165 169 169 167 166 163 162 161 157 157 157 161 159 161 166 166 165 164 163 163 162 161 161 159 159 160 158 162 164 164 163 161 165 169 170 170 170 168 169 170 170 171 171 171 170 170 169 168 167 170 171 172 172 172 174 174 175 175 176
176 178 178 174 177 181 181 181 181 179 170 171 172 171 165 165 165 162 167 168 166 162 165 169 170 167 170 172 172 168 163 161 164 162 162 161 162 162 164 165 165 167 167 166 165 164 165 165 163 161 156 157 162 165 165 167 166 166 162 166 170 171 171 170 168 169 171 171 171 171 171 170 170 168 168 167 169 171 173 173 173 174 175 175 176 174
175 178 181 182 178 180 179 178 180 179 175 173 169 161 162 161 164 163 163 163 165 163 161 165 165 168 173 173 172 166 162 160 163 167 168 163 163 161 158 162 164 166 167 166 166 166 166 165 164 162 159 159 160 166 168 168 169 168 165 167 171 171 171 171 170 171 171 172 172 172 172 171 171 169 169 170 170 171 173 174 174 175 175 175 176 172
173 177 181 180 177 176 178 177 176 175 176 173 168 160 163 164 166 165 164 162 160 166 165 165 168 172 174 174 168 162 159 165 168 169 169 167 165 162 158 161 161 162 163 163 166 166 166 164 163 161 162 161 161 165 169 169 170 170 168 170 171 171 171 172 171 172 172 172 172 172 172 172 172 172 171 172 171 172 174 175 175 175 175 176 176 176
171 175 178 179 176 175 172 170 170 170 169 172 171 170 171 172 171 168 165 163 165 168 170 171 171 173 174 175 175 174 173 172 172 172 170 170 168 164 161 162 160 160 162 162 165 165 164 162 162 162 164 162 160 166 169 170 170 171 171 171 171 172 172 172 172 172 172 173 173 173 173 172 172 172 172 172 173 174 175 175 175 175 176 175 175 176
165 168 173 176 173 173 170 168 161 164 163 162 168 171 171 171 169 165 161 161 165 168 171 171 172 173 174 175 175 176 176 174 173 172 171 170 169 166 164 161 161 160 162 162 164 166 163 161 162 164 167 166 159 159 165 170 171 171 171 172 172 172 172 172 172 172 172 173 173 173 173 171 170 172 171 171 172 175 175 175 175 175 173 168 170 175
148 154 163 171 177 173 163 163 159 161 160 156 158 162 163 164 163 159 157 157 163 165 169 171 169 170 172 171 171 171 174 174 173 172 171 168 166 167 165 165 164 164 164 164 165 166 163 162 162 163 167 168 166 155 162 170 171 171 171 172 172 172 173 173 173 172 172 173 173 173 171 170 170 171 171 169 171 174 175 175 174 175 170 165 170 176
153 156 158 164 174 174 164 162 157 156 154 147 154 156 159 159 158 157 159 160 160 162 168 168 161 163 166 165 168 164 170 173 172 167 165 162 163 166 165 166 166 166 166 167 166 164 163 162 162 164 167 169 169 160 158 169 171 171 172 172 172 172 172 171 172 172 172 173 173 173 173 171 171 172 171 171 170 173 175 176 176 175 173 172 174 177
149 144 143 152 168 171 164 162 159 156 156 157 156 154 155 154 156 160 162 162 163 164 170 170 160 160 166 171 173 167 169 172 171 164 161 164 169 169 166 165 165 164 166 168 168 165 162 162 163 165 170 171 171 169 164 168 170 172 172 172 172 171 170 170 172 171 170 172 171 170 173 171 172 172 170 170 172 174 176 177 177 176 174 176 176 177
144 135 142 145 157 164 163 159 159 158 158 158 156 156 161 162 162 163 165 164 168 170 171 172 167 155 166 173 173 169 172 171 171 170 162 162 168 170 168 166 165 165 166 168 169 168 166 165 165 169 172 172 171 172 170 171 172 172 169 172 171 168 167 170 171 170 170 173 172 173 174 174 174 173 170 169 170 175 177 178 178 178 177 177 177 177
142 146 149 151 160 165 164 156 157 159 158 156 159 159 154 154 161 155 160 161 169 170 171 171 168 162 167 173 173 173 170 166 169 172 171 168 168 169 169 170 169 167 165 168 170 171 170 169 169 172 172 172 171 172 172 172 172 169 169 171 170 168 169 171 169 169 172 173 172 172 172 174 174 174 172 168 170 173 177 179 179 179 178 177 176 177
145 145 149 153 158 156 149 145 151 154 151 152 150 157 155 157 162 157 152 163 169 170 169 169 167 169 167 169 171 173 172 171 172 172 173 171 169 168 167 169 171 169 168 168 171 171 171 171 171 172 172 171 170 172 172 172 171 165 169 171 170 170 170 169 168 169 172 172 171 168 170 173 173 174 174 174 172 174 178 180 180 180 178 174 172 174
151 146 143 146 146 143 144 139 145 146 143 146 149 156 159 159 156 157 153 163 169 169 160 169 171 172 171 166 171 173 173 173 173 173 173 171 169 167 169 170 171 171 168 169 171 172 171 172 171 172 170 168 170 172 172 172 171 168 169 170 171 170 171 168 167 170 172 171 168 164 169 172 172 173 173 176 176 176 180 181 182 180 174 161 164 174
153 146 141 136 140 141 139 143 147 142 140 145 149 150 156 159 158 158 158 161 164 165 157 164 169 170 171 169 173 173 173 173 173 173 173 172 171 170 169 169 168 167 170 171 172 172 171 172 171 170 165 167 171 172 172 172 170 166 169 171 172 171 172 171 168 172 172 168 164 167 173 175 176 176 174 177 178 179 179 182 183 180 173 159 165 176
151 140 133 128 131 138 141 141 142 139 139 142 148 152 156 158 160 160 159 157 151 154 163 161 162 166 169 171 172 173 173 170 172 173 172 172 170 170 169 167 166 167 170 171 171 171 171 172 171 167 164 168 171 171 171 171 169 165 170 171 172 173 173 172 171 174 173 169 167 171 175 177 177 177 176 176 176 177 177 182 184 181 173 162 170 178
147 137 131 136 135 139 145 149 141 142 142 145 148 150 156 158 160 160 162 162 159 164 168 171 172 173 170 172 173 174 171 167 171 172 172 171 169 168 168 167 167 165 169 171 171 171 171 171 170 167 164 167 171 172 171 170 170 165 168 172 173 173 174 174 174 175 175 173 172 175 177 177 177 176 174 173 175 178 180 182 184 182 173 160 171 178
144 139 139 145 143 144 146 150 154 152 147 150 153 154 154 159 159 156 159 162 168 169 169 171 174 174 173 173 174 174 173 172 173 173 171 169 165 163 165 167 168 165 167 170 171 171 171 171 167 162 162 168 171 172 172 169 170 163 169 172 173 174 174 173 173 175 177 175 175 177 177 177 176 173 169 171 175 178 180 183 184 182 173 160 170 178
148 148 148 150 150 151 151 155 160 161 164 157 157 159 158 161 162 162 161 159 164 165 166 168 172 173 173 173 173 173 174 174 174 174 173 171 164 161 163 167 168 166 169 169 171 171 171 171 167 164 165 168 171 172 172 171 172 167 171 173 174 174 174 172 174 177 177 176 177 177 177 176 175 172 169 172 176 179 181 183 183 183 175 164 171 178
141 145 152 151 150 155 152 149 155 167 172 169 163 163 162 162 162 162 157 150 156 157 155 152 157 166 172 173 174 174 175 175 175 174 174 173 169 168 168 168 168 167 169 169 170 171 171 169 170 168 167 168 171 171 169 173 173 171 172 173 174 174 174 175 177 178 178 178 178 176 175 174 174 173 171 175 178 181 182 183 182 181 177 171 171 176
146 142 153 148 151 157 156 157 156 164 171 170 166 167 158 157 162 163 161 155 151 161 160 155 154 155 158 169 174 175 175 175 175 174 174 173 173 172 171 170 169 168 167 168 169 170 170 169 170 170 170 168 167 168 169 174 175 173 172 173 173 172 168 174 178 178 178 178 177 174 173 174 175 176 177 179 180 181 182 181 179 175 176 174 168 175
153 152 148 151 156 148 142 145 157 162 166 167 167 166 159 149 149 156 161 160 159 166 164 162 163 160 159 160 167 174 176 175 175 174 174 173 172 172 171 171 170 170 168 168 169 168 167 168 169 171 171 170 165 166 171 174 175 173 172 169 170 169 167 175 178 178 179 178 177 173 168 174 177 178 179 180 180 180 181 180 177 176 177 178 167 172
155 153 154 156 147 141 140 145 154 159 160 163 158 161 161 165 169 166 155 165 168 167 152 156 163 168 164 161 159 165 175 175 175 174 174 173 173 172 171 171 170 170 169 169 169 169 168 170 170 171 171 171 165 163 172 175 175 173 169 168 169 169 172 177 178 179 179 179 178 175 172 174 177 179 180 180 180 180 180 176 175 178 180 178 172 176
155 155 155 146 142 139 138 143 151 163 159 163 158 158 152 156 169 183 182 172 181 166 148 157 163 165 165 164 163 162 165 171 173 174 174 173 172 171 171 170 170 170 170 169 167 167 169 170 170 171 171 172 167 166 171 175 175 172 168 170 170 171 174 177 178 179 179 178 177 174 173 177 179 179 180 180 180 180 180 178 178 181 181 180 180 181
153 154 154 151 147 142 137 139 147 155 164 156 166 166 155 153 159 167 187 185 181 166 159 155 168 159 164 165 165 164 165 164 161 164 170 172 172 171 170 170 170 170 169 168 166 165 168 170 170 171 171 172 167 165 171 175 176 171 170 172 171 170 174 177 179 179 179 179 177 173 172 178 180 180 181 181 181 181 181 177 178 182 182 182 182 183
