model/data/bioclim/bclim1.asc
NCOLS 300 
NROWS 300 
XLLCORNER -125.250000000003 
YLLCORNER 30.7499999999996 
CELLSIZE 0.041666666666667 
NODATA_value -32768 
[rows 0 to 37 of 300, columns 0 to 86 of 300]
-32768.000000000000000 -32768 -32768 -32768 -32768 -32768 -32768 -32768 -32768 -32768 -32768 -32768 -32768 -32768 -32768 -32768 -32768 -32768 -32768 -32768 109 108 108 110 112 111 110 111 113 111 108 107 101 96 97 90 89 95 94 92 96 117 120 119 124 123 118 117 116 115 111 106 104 109 102 103 98 94 79 76 78 66 74 62 71 85 75 82 79 73 56 61 59 54 53 41 30 26 35 37 43 50 56 56 49 49 48
-32768 -32768 -32768 -32768 -32768 -32768 -32768 -32768 -32768 -32768 -32768 -32768 -32768 -32768 -32768 -32768 -32768 -32768 -32768 -32768 110 109 107 113 113 113 110 112 113 114 112 101 97 93 93 92 90 90 89 96 112 115 119 116 119 120 115 115 119 114 101 89 99 102 87 83 74 75 90 84 65 59 58 57 66 65 61 60 70 61 51 44 39 42 49 38 23 23 34 43 51 56 57 57 54 52 52
-32768 -32768 -32768 -32768 -32768 -32768 -32768 -32768 -32768 -32768 -32768 -32768 -32768 -32768 -32768 -32768 -32768 -32768 -32768 111 111 111 109 111 111 115 110 114 113 114 116 109 107 107 102 98 92 86 97 107 109 115 120 119 124 121 115 117 111 102 100 104 99 99 92 87 71 69 78 74 76 70 75 74 81 76 60 47 60 57 42 37 27 38 50 35 19 28 41 49 55 59 60 60 58 55 51
-32768 -32768 -32768 -32768 -32768 -32768 -32768 -32768 -32768 -32768 -32768 -32768 -32768 -32768 -32768 -32768 -32768 -32768 -32768 111 110 109 110 110 111 116 114 114 115 113 112 110 102 92 92 92 86 95 102 111 114 117 117 122 122 117 115 104 103 111 111 104 95 86 79 75 77 85 91 93 89 81 93 93 89 79 56 50 48 53 55 45 41 46 46 40 37 44 52 56 58 60 61 61 60 57 55
-32768 -32768 -32768 -32768 -32768 -32768 -32768 -32768 -32768 -32768 -32768 -32768 -32768 -32768 -32768 -32768 -32768 -32768 -32768 111 110 108 108 108 110 112 116 113 108 108 113 108 101 108 91 89 98 108 105 111 114 112 109 116 119 121 111 108 115 113 109 106 107 101 84 79 80 87 96 101 97 99 94 82 78 65 54 49 48 64 64 50 46 45 36 38 32 45 54 58 60 61 61 61 60 59 60
-32768 -32768 -32768 -32768 -32768 -32768 -32768 -32768 -32768 -32768 -32768 -32768 -32768 -32768 -32768 -32768 -32768 -32768 -32768 112 109 107 103 105 110 111 116 112 110 113 114 110 110 107 93 89 108 110 103 105 108 107 103 107 106 104 116 120 115 112 112 110 109 97 91 94 97 96 100 88 91 96 92 78 73 75 56 52 70 69 59 50 43 39 37 37 38 47 53 57 60 62 62 62 62 63 64
-32768 -32768 -32768 -32768 -32768 -32768 -32768 -32768 -32768 -32768 -32768 -32768 -32768 -32768 -32768 -32768 -32768 -32768 113 112 108 106 104 100 110 110 114 111 107 112 113 107 103 110 100 99 105 99 93 99 103 102 99 89 102 117 118 109 115 117 113 109 101 101 101 93 106 106 92 90 97 101 91 75 74 71 60 64 75 68 59 52 42 32 27 32 34 38 44 51 61 62 63 63 64 64 65
-32768 -32768 -32768 -32768 -32768 -32768 -32768 -32768 -32768 -32768 -32768 -32768 -32768 -32768 -32768 -32768 -32768 -32768 113 110 104 103 104 100 103 107 109 115 105 110 107 102 93 91 99 95 104 102 94 94 92 105 106 111 118 120 119 119 112 111 114 114 112 110 106 108 100 96 103 84 87 89 78 60 53 61 70 76 76 68 59 52 44 29 36 37 31 22 36 50 60 63 64 65 65 65 64
-32768 -32768 -32768 -32768 -32768 -32768 -32768 -32768 -32768 -32768 -32768 -32768 -32768 -32768 -32768 -32768 -32768 113 113 107 100 98 104 96 100 103 106 109 113 107 99 86 87 80 81 91 94 89 91 101 109 106 103 104 106 102 95 105 105 97 101 99 106 102 99 106 101 89 83 87 77 62 61 51 65 82 82 80 62 55 56 52 44 37 31 27 29 33 39 54 62 64 65 65 65 66 63
-32768 -32768 -32768 -32768 -32768 -32768 -32768 -32768 -32768 -32768 -32768 -32768 -32768 -32768 -32768 -32768 113 112 112 102 92 92 93 95 103 107 99 105 110 102 88 80 75 82 90 94 95 89 91 99 100 100 97 98 91 90 97 102 96 94 91 92 94 89 91 97 102 101 78 70 74 82 81 70 70 85 89 81 65 54 45 44 37 34 40 38 41 45 48 55 61 64 65 66 66 65 60
-32768 -32768 -32768 -32768 -32768 -32768 -32768 -32768 -32768 -32768 -32768 -32768 -32768 -32768 -32768 -32768 110 113 112 109 110 104 105 104 107 109 105 92 96 104 85 83 84 87 83 85 92 95 100 103 100 95 97 89 92 94 92 96 100 98 93 95 98 91 85 82 82 95 92 78 82 95 95 92 73 79 92 83 73 52 51 53 40 37 39 50 56 53 50 54 59 64 66 65 64 62 64
-32768 -32768 -32768 -32768 -32768 -32768 -32768 -32768 -32768 -32768 -32768 -32768 -32768 -32768 -32768 -32768 -32768 114 112 110 104 102 98 95 96 94 89 93 102 89 81 84 86 87 86 83 80 86 93 99 102 101 92 97 102 105 104 104 96 95 79 79 92 78 79 70 74 81 76 80 94 100 100 91 74 81 95 93 82 72 60 44 42 38 41 57 66 66 55 53 57 64 66 65 65 65 63
-32768 -32768 -32768 -32768 -32768 -32768 -32768 -32768 -32768 -32768 -32768 -32768 -32768 -32768 -32768 -32768 -32768 115 113 107 105 97 99 100 96 90 83 85 97 89 81 87 103 104 93 92 85 78 86 88 86 99 103 102 104 103 96 92 82 76 80 89 77 76 76 81 94 97 91 95 102 97 97 85 95 99 98 93 85 80 68 55 51 38 49 61 70 71 68 60 59 63 60 58 64 65 64
-32768 -32768 -32768 -32768 -32768 -32768 -32768 -32768 -32768 -32768 -32768 -32768 -32768 -32768 -32768 -32768 -32768 -32768 -32768 109 103 92 95 94 88 91 74 85 93 85 97 109 106 93 100 99 101 88 96 93 93 103 100 102 105 102 97 83 69 82 83 97 92 86 84 93 99 105 96 97 108 102 109 101 80 74 88 90 79 76 68 47 48 42 40 50 72 72 72 65 65 65 66 66 62 59 62
-32768 -32768 -32768 -32768 -32768 -32768 -32768 -32768 -32768 -32768 -32768 -32768 -32768 -32768 -32768 -32768 -32768 -32768 -32768 -32768 106 94 98 90 96 90 80 90 111 108 97 89 85 75 71 88 105 105 100 104 107 110 108 109 110 102 100 87 89 89 97 92 100 93 88 101 90 101 112 106 104 109 96 88 73 65 81 86 74 67 67 47 32 33 41 54 73 73 73 70 70 72 66 67 66 62 64
-32768 -32768 -32768 -32768 -32768 -32768 -32768 -32768 -32768 -32768 -32768 -32768 -32768 -32768 -32768 -32768 -32768 -32768 -32768 -32768 111 106 107 104 102 100 88 88 110 91 96 89 72 66 68 80 91 97 80 104 103 93 98 106 105 97 98 82 88 103 106 95 94 102 102 106 96 109 113 104 104 108 104 96 78 75 85 87 78 58 63 49 37 44 47 62 73 74 74 73 70 72 67 70 72 72 68
-32768 -32768 -32768 -32768 -32768 -32768 -32768 -32768 -32768 -32768 -32768 -32768 -32768 -32768 -32768 -32768 -32768 -32768 -32768 -32768 115 111 101 106 99 86 97 108 114 105 97 71 69 84 80 73 79 87 97 109 111 104 109 113 114 107 105 92 92 114 113 109 109 99 100 109 112 115 114 106 106 102 103 101 94 93 93 90 82 70 52 51 39 42 47 63 74 74 75 74 73 70 61 66 69 71 68
-32768 -32768 -32768 -32768 -32768 -32768 -32768 -32768 -32768 -32768 -32768 -32768 -32768 -32768 -32768 -32768 -32768 -32768 -32768 -32768 113 110 105 103 107 101 104 93 110 106 102 86 85 91 85 78 76 83 102 104 96 104 116 117 116 107 99 86 92 114 112 97 100 103 110 115 118 118 117 113 103 97 95 88 87 93 97 93 83 74 48 45 42 45 30 53 74 75 75 75 75 63 59 58 67 60 58
-32768 -32768 -32768 -32768 -32768 -32768 -32768 -32768 -32768 -32768 -32768 -32768 -32768 -32768 -32768 -32768 -32768 -32768 -32768 117 113 112 111 99 110 100 84 100 101 107 99 94 95 95 91 88 72 83 95 88 94 109 117 115 115 113 105 97 95 113 110 104 108 111 117 118 115 119 118 117 115 113 107 98 83 76 86 89 82 69 47 42 42 52 53 66 74 75 76 76 76 63 53 56 56 48 61
-32768 -32768 -32768 -32768 -32768 -32768 -32768 -32768 -32768 -32768 -32768 -32768 -32768 -32768 -32768 -32768 -32768 -32768 -32768 116 115 108 92 86 100 88 87 75 85 105 96 94 89 94 77 80 79 94 86 77 96 113 118 118 118 118 118 115 104 113 115 115 116 117 118 119 121 120 119 118 111 109 113 110 99 75 69 79 71 53 28 41 48 65 72 71 75 76 76 76 77 65 50 57 51 43 60
-32768 -32768 -32768 -32768 -32768 -32768 -32768 -32768 -32768 -32768 -32768 -32768 -32768 -32768 -32768 -32768 -32768 -32768 -32768 118 107 100 91 84 81 77 78 80 100 107 99 100 105 106 89 95 93 87 82 91 103 108 114 118 116 116 114 97 106 103 119 106 110 113 116 120 121 119 115 112 110 102 105 108 101 88 75 76 69 61 57 53 55 58 52 50 65 75 75 74 77 78 68 67 54 47 49
-32768 -32768 -32768 -32768 -32768 -32768 -32768 -32768 -32768 -32768 -32768 -32768 -32768 -32768 -32768 -32768 -32768 -32768 -32768 113 109 109 94 92 91 81 74 90 84 91 98 86 85 87 96 105 90 78 79 102 111 110 110 115 112 117 114 101 95 95 109 105 92 91 103 118 119 118 110 100 98 101 89 97 96 96 87 75 61 61 58 45 53 49 32 34 44 72 64 71 78 78 77 67 68 73 74
-32768 -32768 -32768 -32768 -32768 -32768 -32768 -32768 -32768 -32768 -32768 -32768 -32768 -32768 -32768 -32768 -32768 -32768 -32768 116 110 100 98 103 99 92 82 91 89 103 98 85 75 73 86 104 98 79 94 110 106 105 98 88 92 107 105 115 116 101 92 89 90 94 109 115 116 116 114 102 82 86 91 74 71 71 70 73 66 62 58 54 54 51 40 34 36 71 70 75 79 79 75 69 68 77 78
-32768 -32768 -32768 -32768 -32768 -32768 -32768 -32768 -32768 -32768 -32768 -32768 -32768 -32768 -32768 -32768 -32768 -32768 -32768 -32768 115 107 109 105 89 90 99 105 106 100 89 102 97 88 82 91 92 106 105 112 111 109 103 98 86 81 92 114 117 111 108 93 101 104 99 102 109 112 114 109 97 79 67 63 65 58 62 65 62 59 52 50 55 60 57 55 50 72 71 71 79 79 79 67 64 72 77
-32768 -32768 -32768 -32768 -32768 -32768 -32768 -32768 -32768 -32768 -32768 -32768 -32768 -32768 -32768 -32768 -32768 -32768 -32768 -32768 112 101 107 98 92 98 108 107 98 94 85 89 92 86 71 74 98 106 111 107 107 104 86 83 74 91 105 115 102 110 103 111 115 102 92 89 83 96 107 109 110 103 92 92 81 62 53 58 65 62 55 61 55 49 59 71 72 71 68 75 76 76 78 80 75 66 66
-32768 -32768 -32768 -32768 -32768 -32768 -32768 -32768 -32768 -32768 -32768 -32768 -32768 -32768 -32768 -32768 -32768 -32768 -32768 -32768 -32768 105 103 100 93 99 113 107 104 87 75 86 89 84 75 90 99 103 114 101 99 95 80 71 69 97 105 110 105 94 83 84 107 109 104 91 76 78 85 92 95 108 109 99 73 63 54 55 59 65 74 76 70 55 52 70 77 75 75 70 73 75 81 83 81 80 76
-32768 -32768 -32768 -32768 -32768 -32768 -32768 -32768 -32768 -32768 -32768 -32768 -32768 -32768 -32768 -32768 -32768 -32768 -32768 -32768 -32768 111 103 105 102 110 112 103 104 102 90 73 81 76 79 75 91 104 115 112 113 109 98 92 80 82 69 88 96 82 83 95 110 94 101 99 89 85 71 61 77 80 97 105 98 76 63 55 70 75 76 74 76 70 59 66 78 81 77 75 78 81 82 82 81 81 79
-32768 -32768 -32768 -32768 -32768 -32768 -32768 -32768 -32768 -32768 -32768 -32768 -32768 -32768 -32768 -32768 -32768 -32768 -32768 -32768 -32768 112 109 106 108 114 101 103 105 97 94 86 81 84 86 88 101 113 113 114 110 100 95 80 62 57 49 70 84 83 89 106 98 94 91 88 80 72 70 43 51 54 70 88 92 87 65 72 82 83 76 68 75 72 68 67 78 69 62 72 80 81 82 81 82 82 67
-32768 -32768 -32768 -32768 -32768 -32768 -32768 -32768 -32768 -32768 -32768 -32768 -32768 -32768 -32768 -32768 -32768 -32768 -32768 -32768 -32768 -32768 115 114 113 113 108 108 111 98 99 89 94 85 81 87 108 112 110 108 88 90 77 84 66 53 62 72 81 90 93 104 85 78 71 62 50 47 51 42 45 58 72 72 73 70 57 64 77 86 79 76 77 76 74 76 72 65 55 65 74 80 82 80 77 80 81
-32768 -32768 -32768 -32768 -32768 -32768 -32768 -32768 -32768 -32768 -32768 -32768 -32768 -32768 -32768 -32768 -32768 -32768 -32768 -32768 -32768 -32768 -32768 117 112 114 111 112 108 99 102 93 90 81 84 98 106 103 100 93 72 72 58 59 63 59 62 59 61 84 102 94 87 77 68 51 38 41 57 68 69 81 89 81 66 74 82 86 89 89 84 81 82 87 85 81 73 70 66 69 77 81 81 82 82 81 81
-32768 -32768 -32768 -32768 -32768 -32768 -32768 -32768 -32768 -32768 -32768 -32768 -32768 -32768 -32768 -32768 -32768 -32768 -32768 -32768 -32768 -32768 -32768 -32768 -32768 113 110 106 107 98 100 100 99 90 86 90 102 98 85 91 75 65 73 63 66 66 57 60 75 89 85 78 78 66 65 51 63 62 63 80 72 75 93 93 86 84 95 103 99 99 99 92 90 92 67 69 71 73 73 74 78 80 81 82 82 83 83
-32768 -32768 -32768 -32768 -32768 -32768 -32768 -32768 -32768 -32768 -32768 -32768 -32768 -32768 -32768 -32768 -32768 -32768 -32768 -32768 -32768 -32768 -32768 -32768 -32768 117 114 111 107 102 100 95 91 94 98 97 100 90 66 71 67 68 95 80 77 91 67 68 66 58 67 58 62 49 41 48 67 84 88 75 69 68 74 99 101 96 102 107 103 96 86 68 65 73 69 70 70 74 75 76 75 75 80 82 83 83 83
-32768 -32768 -32768 -32768 -32768 -32768 -32768 -32768 -32768 -32768 -32768 -32768 -32768 -32768 -32768 -32768 -32768 -32768 -32768 -32768 -32768 -32768 -32768 -32768 -32768 118 118 108 99 101 103 92 86 103 107 103 90 73 59 55 65 78 95 106 94 87 90 90 81 71 89 85 89 77 66 50 76 87 96 83 95 85 61 84 108 107 109 106 103 93 72 48 45 58 67 72 73 74 75 76 75 64 79 80 81 83 81
-32768 -32768 -32768 -32768 -32768 -32768 -32768 -32768 -32768 -32768 -32768 -32768 -32768 -32768 -32768 -32768 -32768 -32768 -32768 -32768 -32768 -32768 -32768 -32768 118 118 117 113 102 108 111 108 102 103 106 99 93 73 66 53 72 88 90 98 110 92 110 104 107 110 107 91 97 107 95 97 106 103 105 99 99 104 89 95 106 87 105 103 89 80 70 48 44 45 63 73 73 73 74 75 75 69 73 81 80 80 78
-32768 -32768 -32768 -32768 -32768 -32768 -32768 -32768 -32768 -32768 -32768 -32768 -32768 -32768 -32768 -32768 -32768 -32768 -32768 -32768 -32768 -32768 -32768 -32768 117 118 116 115 111 107 103 102 86 84 96 81 74 64 73 61 66 65 69 94 115 117 112 96 99 101 101 105 96 108 107 95 98 104 98 80 78 100 92 102 90 96 105 105 101 91 73 52 38 41 46 64 72 73 73 74 63 64 72 77 80 71 79
-32768 -32768 -32768 -32768 -32768 -32768 -32768 -32768 -32768 -32768 -32768 -32768 -32768 -32768 -32768 -32768 -32768 -32768 -32768 -32768 -32768 -32768 -32768 -32768 116 117 115 112 107 107 102 99 91 92 86 71 77 64 82 69 81 76 89 102 117 115 111 93 87 73 67 75 97 106 88 81 84 79 70 78 90 85 95 105 104 104 106 103 93 90 83 68 60 53 47 65 72 72 73 74 72 74 77 77 79 79 79
-32768 -32768 -32768 -32768 -32768 -32768 -32768 -32768 -32768 -32768 -32768 -32768 -32768 -32768 -32768 -32768 -32768 -32768 -32768 -32768 -32768 -32768 -32768 -32768 -32768 117 112 111 109 103 108 104 103 103 81 72 82 70 74 91 96 106 105 113 104 110 100 82 82 61 58 66 59 101 96 82 63 68 73 68 70 90 104 107 109 108 107 105 103 99 90 67 40 48 55 59 64 67 72 70 69 75 77 75 75 77 78
-32768 -32768 -32768 -32768 -32768 -32768 -32768 -32768 -32768 -32768 -32768 -32768 -32768 -32768 -32768 -32768 -32768 -32768 -32768 -32768 -32768 -32768 -32768 -32768 -32768 -32768 107 107 105 101 95 102 111 102 95 93 73 61 66 72 70 99 104 115 100 104 88 58 59 58 69 95 91 83 72 67 78 89 86 63 73 90 101 100 106 109 108 107 106 103 89 64 47 50 55 61 64 62 70 72 70 74 74 69 74 71 68
