model/data/bioclim/bclim6.asc
NCOLS 300 
NROWS 300 
XLLCORNER -125.25 
YLLCORNER 30.75 
CELLSIZE 0.0416666666666667 
NODATA_value -3.4e+38 
[rows 110 to 131 of 300, columns 192 to 239 of 300]
-8.2519998550415 -8.52000045776367 -8.6560001373291 -8.43200016021729 -8.45600032806396 -8.7519998550415 -9.45600032806396 -9.64799976348877 -9.80799961090088 -9.78400039672852 -10.3920001983643 -10.9879999160767 -10.9519996643066 -10.1960000991821 -9.66400051116943 -9.4399995803833 -9.47999954223633 -10.0880002975464 -10.9680004119873 -10.7760000228882 -10.039999961853 -9.48000049591064 -9.4680004119873 -9.50399971008301 -9.8439998626709 -10.0799999237061 -9.96399974822998 -9.69600009918213 -10.1919994354248 -10.57200050354 -10.4759998321533 -10.4079999923706 -9.86400032043457 -9.55599975585938 -9.42800045013428 -9.52000045776367 -9.81999969482422 -10.0719995498657 -10.4519996643066 -10.7160005569458 -10.7440004348755 -10.6359996795654 -10.1520004272461 -9.57200050354004 -9.87600040435791 -10.0440006256104 -9.67599964141846 -9.42799949645996
-8.22000026702881 -8.50399971008301 -8.51200008392334 -8.50800037384033 -8.67599964141846 -8.82800006866455 -9.06799983978271 -9.35599994659424 -9.5600004196167 -10.1319999694824 -10.9479999542236 -11.2080001831055 -10.9359998703003 -10.2880001068115 -9.46399974822998 -9.19600009918213 -9.47599983215332 -10.2200002670288 -10.7639999389648 -10.003999710083 -9.5959997177124 -9.25599956512451 -9.02400016784668 -8.84800052642822 -9.63599967956543 -10.1280002593994 -10.2239999771118 -10.1599998474121 -10.3719997406006 -10.4200000762939 -10.0159997940063 -10.076000213623 -10.003999710083 -9.61999988555908 -9.64000034332275 -9.9040002822876 -10.2040004730225 -10.6520004272461 -10.9440002441406 -10.9759998321533 -10.9720001220703 -10.7200002670288 -10.1199998855591 -9.6560001373291 -9.89599990844727 -9.8439998626709 -9.56799983978271 -9.18000030517578
-8.16800022125244 -8.35599994659424 -8.32400035858154 -8.43200016021729 -8.61999988555908 -8.83599948883057 -9.14400005340576 -9.57999992370605 -9.61600017547607 -10.0640001296997 -10.8920001983643 -10.996000289917 -10.4519996643066 -9.86400032043457 -9.60400009155273 -9.41199970245361 -9.42000007629395 -9.73600006103516 -10.2799997329712 -9.80799961090088 -9.37599945068359 -9.34799957275391 -9.19999980926514 -9.51200008392334 -10.1239995956421 -10.4119997024536 -10.3479995727539 -10.4919996261597 -10.6400003433228 -10.3120002746582 -9.69600009918213 -9.50399971008301 -9.55200004577637 -9.33199977874756 -9.75599956512451 -10.3039999008179 -10.9359998703003 -11.4800004959106 -11.5959997177124 -11.4079999923706 -11.2440004348755 -10.5120000839233 -9.48799991607666 -9.57999992370605 -9.65999984741211 -9.51599979400635 -9.34000015258789 -8.81599998474121
-8.04800033569336 -8.19600009918213 -8.4040002822876 -8.59200000762939 -8.73600006103516 -8.91199970245361 -9.11600017547607 -9.51599979400635 -9.46000003814697 -9.63599967956543 -10.2360000610352 -10.3000001907349 -9.70800018310547 -9.20800018310547 -9.41199970245361 -9.72000026702881 -9.6879997253418 -9.92799949645996 -10.3039999008179 -9.9040002822876 -9.48400020599365 -9.60400009155273 -9.91199970245361 -10.2320003509521 -10.532000541687 -10.3999996185303 -9.84000015258789 -10.2480001449585 -10.6680002212524 -10.6000003814697 -9.98400020599365 -9.51999950408936 -9.31599998474121 -9.46399974822998 -10.043999671936 -10.7600002288818 -11.5959997177124 -11.9200000762939 -11.8479995727539 -11.6560001373291 -11.3599996566772 -10.4040002822876 -9.35200023651123 -9.3439998626709 -9.16399955749512 -8.92000007629395 -8.75599956512451 -8.52799987792969
-7.98799991607666 -8.10799980163574 -8.38399982452393 -8.4399995803833 -8.73999977111816 -9.02400016784668 -9.10400009155273 -9.31999969482422 -9.35999965667725 -9.34799957275391 -9.58800029754639 -9.50800037384033 -9.28800010681152 -9.04800033569336 -9.42399978637695 -9.67599964141846 -9.45199966430664 -9.84799957275391 -10.0520000457764 -9.63599967956543 -9.28400039672852 -9.9040002822876 -10.4799995422363 -10.6879997253418 -10.7239999771118 -10.4200000762939 -9.8439998626709 -10.2480001449585 -10.7320003509521 -10.6160001754761 -10.0080003738403 -9.76000022888184 -9.34799957275391 -9.63199996948242 -10.3920001983643 -11.1160001754761 -11.8999996185303 -12.1879997253418 -12.1000003814697 -11.7720003128052 -11.2039995193481 -10.1759996414185 -9.26000022888184 -9.07200050354004 -8.96000003814697 -8.55200004577637 -8.50800037384033 -8.51999950408936
-7.96000003814697 -8.03600025177002 -8.27999973297119 -8.40399932861328 -8.5319995880127 -8.68400001525879 -8.75599956512451 -8.9040002822876 -9.0959997177124 -9.15200042724609 -9.3439998626709 -9.31599998474121 -9.09200000762939 -9 -9.4040002822876 -9.58399963378906 -9.21199989318848 -9.60000038146973 -9.77999973297119 -9.57999992370605 -9.44799995422363 -10.0640001296997 -10.7480001449585 -10.996000289917 -10.9359998703003 -10.4680004119873 -9.81599998474121 -10.2480001449585 -10.6160001754761 -10.6520004272461 -10.5159997940063 -10.0839996337891 -9.58399963378906 -10.043999671936 -10.8280000686646 -11.4119997024536 -11.9359998703003 -12.1319999694824 -12.03600025177 -11.6079998016357 -10.7399997711182 -9.58800029754639 -8.96399974822998 -9.02000045776367 -8.88799953460693 -8.54400062561035 -8.58400058746338 -8.69200038909912
-8.05200004577637 -8.08800029754639 -8.23200035095215 -8.35200023651123 -8.42000007629395 -8.5 -8.53999996185303 -8.64400005340576 -8.77200031280518 -9.12399959564209 -9.64000034332275 -9.66399955749512 -9.41199970245361 -9.10799980163574 -9.37599945068359 -9.61600017547607 -9.38399982452393 -9.4040002822876 -9.33199977874756 -9.53600025177002 -9.41600036621094 -9.9680004119873 -10.6680002212524 -10.956000328064 -10.9720001220703 -10.2239999771118 -9.76799964904785 -10.2720003128052 -10.5679998397827 -10.8400001525879 -10.6719999313354 -9.94799995422363 -9.78400039672852 -10.4759998321533 -11.2119998931885 -11.5480003356934 -11.7440004348755 -11.8319997787476 -11.7200002670288 -11.1040000915527 -9.82800006866455 -8.88399982452393 -8.68000030517578 -8.70399951934814 -8.5959997177124 -8.58399963378906 -8.80399990081787 -8.98400020599365
-8.11200046539307 -8.23200035095215 -8.27600002288818 -8.39999961853027 -8.45599937438965 -8.5 -8.5 -8.48799991607666 -8.59200000762939 -8.76000022888184 -9.47200012207031 -9.61600017547607 -9.20800018310547 -8.93200016021729 -9.25599956512451 -9.47200012207031 -9.34000015258789 -9.19600009918213 -9.0319995880127 -9.30000019073486 -9.28400039672852 -9.88399982452393 -10.3920001983643 -10.7119998931885 -10.8759994506836 -10.5200004577637 -9.84799957275391 -9.89599990844727 -10.3199996948242 -10.3599996566772 -9.84000015258789 -9.61600017547607 -10.2840003967285 -11.0159997940063 -11.4320001602173 -11.5159997940063 -11.5200004577637 -11.4320001602173 -10.9799995422363 -9.97599983215332 -8.72000026702881 -8.46000003814697 -8.65999984741211 -8.64000034332275 -8.4040002822876 -8.46399974822998 -8.82800006866455 -9.08400058746338
-8.00399971008301 -8.17599964141846 -8.10400009155273 -8.29199981689453 -8.55200004577637 -8.57200050354004 -8.50800037384033 -8.47599983215332 -8.54399967193604 -8.70800018310547 -9.20400047302246 -9.22799968719482 -8.85599994659424 -8.60000038146973 -8.91600036621094 -9.12800025939941 -9.18400001525879 -9.15200042724609 -8.88799953460693 -9.0959997177124 -9.07199954986572 -9.58800029754639 -10.3199996948242 -10.8400001525879 -11.0520000457764 -10.8959999084473 -10.1319999694824 -9.44799995422363 -10 -9.91199970245361 -9.60799980163574 -9.96000003814697 -10.6359996795654 -11.2200002670288 -11.3120002746582 -11.1759996414185 -11.03600025177 -10.6280002593994 -10.0120000839233 -9.17599964141846 -8.57199954986572 -8.75599956512451 -8.78800010681152 -8.42799949645996 -8.26000022888184 -8.43599987030029 -8.6879997253418 -8.78400039672852
-7.76000022888184 -7.96799993515015 -7.77199983596802 -7.9040002822876 -8.34000015258789 -8.48799991607666 -8.45199966430664 -8.55599975585938 -8.55599975585938 -8.72000026702881 -8.89599990844727 -8.88000011444092 -8.83199977874756 -8.69999980926514 -8.85200023651123 -9.20800018310547 -9.40799999237061 -9.1879997253418 -8.91199970245361 -9.0319995880127 -9.04800033569336 -9.52799987792969 -10.4400005340576 -10.9720001220703 -11.1520004272461 -11.0799999237061 -10.4320001602173 -9.55200004577637 -9.27999973297119 -9.58399963378906 -10.0279998779297 -10.4040002822876 -10.7639999389648 -11.043999671936 -10.8680000305176 -10.539999961853 -10.2760000228882 -9.84799957275391 -9.42000007629395 -9.00399971008301 -8.80000019073486 -8.94400024414062 -8.62399959564209 -8.20399951934814 -8.38000011444092 -8.47200012207031 -8.21199989318848 -8.38800048828125
-7.67199993133545 -7.78399991989136 -7.54400014877319 -7.55999994277954 -7.88000011444092 -8.0959997177124 -8.30799961090088 -8.57999992370605 -8.45599937438965 -8.43599987030029 -8.57600021362305 -8.68400001525879 -8.86400032043457 -8.97599983215332 -9.09200000762939 -9.42399978637695 -9.67599964141846 -9.37600040435791 -9 -8.94400024414062 -9.30000019073486 -9.76799964904785 -10.4320001602173 -10.7279996871948 -10.8199996948242 -10.7039995193481 -10.1359996795654 -9.3120002746582 -9.24399948120117 -9.90799999237061 -10.4320001602173 -10.6560001373291 -10.6920003890991 -10.576000213623 -10.3280000686646 -9.96399974822998 -9.5319995880127 -9.04399967193604 -8.9680004119873 -8.88399982452393 -8.8080005645752 -8.68400001525879 -8.33600044250488 -8.39599990844727 -8.66800022125244 -8.30399990081787 -7.55200004577637 -7.88399982452393
-7.59600019454956 -7.57600021362305 -7.34400033950806 -7.44799995422363 -7.60799980163574 -7.7039999961853 -7.99599981307983 -8.33199977874756 -8.38399982452393 -8.21599960327148 -8.27200031280518 -8.44400024414062 -8.57199954986572 -8.84799957275391 -9.17199993133545 -9.56799983978271 -9.82400035858154 -9.57600021362305 -9.13199996948242 -8.94400024414062 -9.27600002288818 -9.80799961090088 -10.3199996948242 -10.4399995803833 -10.2959995269775 -10.0959997177124 -9.92799949645996 -9.64799976348877 -9.98799991607666 -10.5480003356934 -10.6560001373291 -10.4680004119873 -10.1680002212524 -9.94799995422363 -9.73600006103516 -9.37600040435791 -8.83199977874756 -8.82800006866455 -8.89599990844727 -8.69600009918213 -8.51200008392334 -8.28400039672852 -8.36400032043457 -8.73999977111816 -8.71199989318848 -8.00399971008301 -7.77600002288818 -7.80399990081787
-7.53599977493286 -7.51200008392334 -7.21600008010864 -7.41200017929077 -7.44400024414062 -7.26399993896484 -7.43200016021729 -7.76000022888184 -8.03200054168701 -7.95599985122681 -7.89599990844727 -8.02000045776367 -8.26399993896484 -8.57600021362305 -9.14799976348877 -9.64400005340576 -9.64799976348877 -9.35200023651123 -9.13199996948242 -9.10799980163574 -9.33199977874756 -9.72399997711182 -10.0799999237061 -10.1719999313354 -9.87600040435791 -9.5319995880127 -9.64400005340576 -9.68000030517578 -10.0839996337891 -10.5159997940063 -10.423999786377 -10 -9.61200046539307 -9.51200008392334 -8.97599983215332 -8.67199993133545 -8.98000049591064 -9.00399971008301 -8.69200038909912 -8.21199989318848 -7.79199981689453 -7.8439998626709 -8.47599983215332 -8.97599983215332 -8.61600017547607 -7.7960000038147 -7.94799995422363 -7.84000015258789
-7.28800010681152 -7.21600008010864 -7.10400009155273 -7.3600001335144 -7.53200006484985 -7.47599983215332 -7.37200021743774 -7.47599983215332 -7.68400001525879 -7.83599996566772 -7.98000001907349 -7.98400020599365 -8.26799964904785 -8.42399978637695 -9.00399971008301 -9.51200008392334 -9.26000022888184 -8.91600036621094 -8.81999969482422 -8.96799945831299 -9.23600006103516 -9.51200008392334 -9.91599941253662 -9.78800010681152 -9.39999961853027 -9.4399995803833 -9.44400024414062 -9.42000007629395 -9.98799991607666 -10.4879999160767 -10.1800003051758 -9.53999996185303 -9.06799983978271 -9.18000030517578 -8.79600048065186 -8.63599967956543 -9.07600021362305 -8.72799968719482 -8.25599956512451 -7.8600001335144 -7.67600011825562 -8.07999992370605 -8.66399955749512 -8.97999954223633 -8.39200019836426 -7.64799976348877 -8 -8.05599975585938
-7.30000019073486 -7.16799974441528 -7.14400005340576 -7.27600002288818 -7.48799991607666 -7.73999977111816 -7.72800016403198 -7.62400007247925 -7.55599975585938 -7.7039999961853 -8.06799983978271 -7.95600032806396 -8.03600025177002 -8.22799968719482 -8.78400039672852 -9.11600017547607 -8.76000022888184 -8.55200004577637 -8.76799964904785 -8.95199966430664 -8.97599983215332 -9.41600036621094 -9.77600002288818 -9.48799991607666 -9.16400051116943 -9.29599952697754 -9.35999965667725 -9.38799953460693 -9.94799995422363 -10.4119997024536 -10 -9.37199974060059 -8.94400024414062 -8.96000003814697 -8.78800010681152 -8.71199989318848 -8.63199996948242 -8.37199974060059 -8.14000034332275 -7.92400026321411 -8.13199996948242 -8.49199962615967 -8.9040002822876 -8.92000007629395 -8.26399993896484 -8.0600004196167 -8.32400035858154 -8.37199974060059
-7.11599969863892 -7.03999996185303 -7.03599977493286 -7.30800008773804 -7.58400011062622 -7.77600002288818 -7.92799997329712 -8.01599979400635 -7.89200019836426 -8.01599979400635 -8.22799968719482 -8.19200038909912 -8.07600021362305 -8.20800018310547 -8.55200004577637 -8.67199993133545 -8.46000003814697 -8.35599994659424 -8.62400054931641 -8.76000022888184 -8.80000019073486 -9.39999961853027 -9.81999969482422 -9.5959997177124 -9.32400035858154 -9.13199996948242 -9.21599960327148 -9.26000022888184 -9.85599994659424 -10.3400001525879 -9.85200023651123 -9.22399997711182 -8.6879997253418 -8.61999988555908 -8.67199993133545 -8.28800010681152 -8.22799968719482 -8.18000030517578 -8.09200000762939 -8.1879997253418 -8.35200023651123 -8.57999992370605 -8.91199970245361 -9.00800037384033 -8.49600028991699 -8.12400054931641 -8.4399995803833 -8.51599979400635
-6.76800012588501 -6.64799976348877 -6.77600002288818 -7.30000019073486 -7.65199995040894 -7.82800006866455 -8.03600025177002 -8.11200046539307 -7.92400026321411 -8.06400012969971 -8.39200019836426 -8.46799945831299 -8.39999961853027 -8.49199962615967 -8.39599990844727 -8.29599952697754 -8.44400024414062 -8.47599983215332 -8.55599975585938 -8.73200035095215 -8.76000022888184 -9.4040002822876 -9.79599952697754 -9.64000034332275 -9.43599987030029 -9.06400012969971 -9 -9.14000034332275 -9.93599987030029 -10.460000038147 -9.79600048065186 -9.1879997253418 -8.76000022888184 -8.49199962615967 -8.54399967193604 -8.1560001373291 -8.01599979400635 -7.97200012207031 -8.11999988555908 -8.42399978637695 -8.64000034332275 -8.8120002746582 -8.83599948883057 -8.46399974822998 -8.06400012969971 -8.23999977111816 -8.54800033569336 -8.51200008392334
-6.69600009918213 -6.52400016784668 -6.7960000038147 -7.37200021743774 -7.7519998550415 -7.98400020599365 -8.21599960327148 -8.22799968719482 -7.86400032043457 -7.87200021743774 -8.30799961090088 -8.42799949645996 -8.42399978637695 -8.51599979400635 -8.23600006103516 -8.07600021362305 -8.27200031280518 -8.23200035095215 -8.45600032806396 -8.64400005340576 -8.88399982452393 -9.26000022888184 -9.62800025939941 -9.77200031280518 -9.54800033569336 -9.07200050354004 -8.72000026702881 -8.97599983215332 -9.65200042724609 -10.0520000457764 -9.61600017547607 -9.06400012969971 -8.42399978637695 -8.23600006103516 -8.15200042724609 -8.21199989318848 -8.35599994659424 -8.41600036621094 -8.15200042724609 -8.01200008392334 -8.58800029754639 -8.85599994659424 -8.55200004577637 -7.8600001335144 -7.77199983596802 -8.3439998626709 -8.64799976348877 -8.45600032806396
-6.86399984359741 -6.58799982070923 -7.01599979400635 -7.62400007247925 -8.07999992370605 -8.16800022125244 -8.16399955749512 -8.13599967956543 -8.01200008392334 -8.07999992370605 -8.39999961853027 -8.5 -8.52799987792969 -8.58400058746338 -8.30000019073486 -8.02400016784668 -8.13199996948242 -8.33600044250488 -8.46000003814697 -8.38399982452393 -8.52799987792969 -8.94400024414062 -9.38000011444092 -9.69200038909912 -9.64799976348877 -9.06799983978271 -8.53999996185303 -8.87600040435791 -9.53999996185303 -9.80399990081787 -9.48000049591064 -8.9040002822876 -8.31999969482422 -8.30000019073486 -8.47599983215332 -8.58800029754639 -8.73600006103516 -8.65999984741211 -8.01599979400635 -7.75600004196167 -8.4680004119873 -8.73600006103516 -8.39999961853027 -7.7039999961853 -7.71999979019165 -8.51999950408936 -8.96000003814697 -8.61199951171875
-7.07600021362305 -6.85599994659424 -7.10799980163574 -7.62800025939941 -8.10799980163574 -8.06400012969971 -7.90000009536743 -7.8600001335144 -7.87200021743774 -7.99200010299683 -8.19200038909912 -8.34799957275391 -8.55599975585938 -8.68400001525879 -8.46399974822998 -8.22000026702881 -8.26000022888184 -8.36399936676025 -8.38799953460693 -8.44799995422363 -8.38399982452393 -8.68400001525879 -9.17599964141846 -9.33199977874756 -9.45199966430664 -9.03999996185303 -8.39200019836426 -8.60400009155273 -9.37600040435791 -9.72399997711182 -9.29600048065186 -8.60000038146973 -8.48400020599365 -8.58800029754639 -8.76000022888184 -8.9399995803833 -9.05200004577637 -8.90799999237061 -8.23999977111816 -7.75600004196167 -8.4680004119873 -8.54800033569336 -8.10799980163574 -7.53999996185303 -7.87200021743774 -8.57999992370605 -8.87599945068359 -8.57600021362305
-7.11999988555908 -6.94400024414062 -6.84800004959106 -7.01999998092651 -7.35200023651123 -7.30399990081787 -7.31199979782104 -7.39599990844727 -7.39599990844727 -7.4520001411438 -7.64400005340576 -7.91200017929077 -8.27600002288818 -8.60799980163574 -8.61200046539307 -8.48400020599365 -8.5 -8.5 -8.41199970245361 -8.38399982452393 -8.46799945831299 -8.5 -8.80399990081787 -9.01599979400635 -9.22399997711182 -9.12399959564209 -8.64400005340576 -8.65200042724609 -9.27999973297119 -9.71199989318848 -9.37199974060059 -8.77200031280518 -8.50800037384033 -8.67599964141846 -8.91199970245361 -9.13199996948242 -9.27200031280518 -9.2519998550415 -8.76399993896484 -7.86399984359741 -8.33600044250488 -8.23600006103516 -7.9040002822876 -7.55999994277954 -7.83599996566772 -8.1879997253418 -8.33600044250488 -8.03600025177002
-6.91200017929077 -6.80000019073486 -6.61599969863892 -6.56400012969971 -6.67999982833862 -6.6560001373291 -6.88000011444092 -7.08400011062622 -7.22399997711182 -7.23999977111816 -7.30399990081787 -7.56799983978271 -7.98400020599365 -8.46000003814697 -8.62400054931641 -8.60000038146973 -8.68400001525879 -8.69600009918213 -8.51200008392334 -8.32800006866455 -8.38399982452393 -8.35999965667725 -8.42799949645996 -8.7480001449585 -8.98799991607666 -9.11600017547607 -9.03999996185303 -9.07999992370605 -9.41199970245361 -9.58800029754639 -9.20800018310547 -8.53200054168701 -8.38799953460693 -8.65200042724609 -9.08800029754639 -9.41199970245361 -9.54399967193604 -9.52400016784668 -8.9040002822876 -8.08399963378906 -7.97600030899048 -8.0959997177124 -8.07200050354004 -7.64800024032593 -7.71199989318848 -7.91599988937378 -7.92000007629395 -7.46400022506714
