model/data/bioclim/bclim11.asc
NCOLS 300 
NROWS 300 
XLLCORNER -125.25 
YLLCORNER 30.75 
CELLSIZE 0.0416666666666667 
NODATA_value -3.4e+38 
[rows 198 to 219 of 300, columns 245 to 293 of 300]
9.89333343505859 10.0826663970947 10.3299999237061 10.695333480835 11.0053339004517 11.2159996032715 11.1940002441406 11.9253330230713 12.4973335266113 12.4119997024536 12.3120002746582 12.4773330688477 12.4200000762939 12.0066661834717 11.5893335342407 10.760666847229 9.18866729736328 9.00666618347168 9.87733364105225 10.1579999923706 10.1033334732056 9.93066692352295 9.75800037384033 9.35200023651123 8.14799976348877 6.29466676712036 4.74533319473267 4.78466653823853 5.44000005722046 6.42666673660278 7.42266654968262 7.95133304595947 8.40933322906494 8.48133373260498 8.15799999237061 7.90199995040894 7.07866668701172 6.17799997329712 6.02533340454102 5.760666847229 5.25600004196167 4.49599981307983 3.68733334541321 3.67333340644836 3.61266660690308 3.33200001716614 3.32933330535889 3.33800005912781 3.28000020980835
10.0719995498657 10.3253335952759 10.6339998245239 10.96399974823 11.2073335647583 11.4499998092651 11.7853336334229 12.5046663284302 12.5606670379639 12.3306665420532 12.1606664657593 12.3380002975464 12.4066667556763 12.2159996032715 11.9173336029053 11.3333339691162 10.0080003738403 9.19066619873047 9.37133312225342 9.8953332901001 10.3120002746582 10.0313329696655 9.77600002288818 9.42133331298828 8.52933311462402 7.10733318328857 5.75600004196167 5.10866641998291 5.48266649246216 6.54866695404053 7.67000007629395 8.44200038909912 8.92933368682861 9.21666717529297 9.0493335723877 7.77666664123535 6.43666648864746 5.44266653060913 5.56733322143555 5.64266681671143 5.15999984741211 4.23333311080933 3.59466671943665 3.46599984169006 3.48866653442383 3.31666660308838 3.21333336830139 3.28933334350586 2.97599983215332
10.0740003585815 10.5100002288818 10.6533336639404 10.7080001831055 10.9833335876465 11.4546670913696 11.9926671981812 12.489333152771 12.5199995040894 12.5153331756592 12.2106666564941 12.2493333816528 12.3846664428711 12.311333656311 12.0780000686646 11.6793336868286 10.9073333740234 10.3599996566772 9.77799987792969 9.45800018310547 10.4626665115356 10.2553329467773 9.85733318328857 9.49733352661133 8.80866622924805 7.8033332824707 7.3046669960022 5.3899998664856 5.01666641235352 5.36533355712891 6.85200023651123 8.11933326721191 8.97066688537598 9.56599998474121 9.24866676330566 8.07866668701172 6.60866689682007 5.2093334197998 5.36133337020874 5.59600019454956 5.57333326339722 5.33466672897339 4.78399991989136 3.97933340072632 3.35666656494141 3.38066673278809 3.56066679954529 3.4653332233429 2.89599990844727
10.271333694458 10.7546663284302 10.7220001220703 10.5526666641235 10.8386669158936 11.3039999008179 11.6213331222534 11.8740005493164 12.4426670074463 12.6466665267944 12.4553337097168 12.2073335647583 12.2513332366943 12.2026672363281 12.0780000686646 11.8866662979126 11.6333332061768 11.3380002975464 10.6306667327881 10.1773328781128 10.543999671936 10.5926666259766 10.0793333053589 9.68933296203613 9.35133361816406 8.90866661071777 7.88866662979126 6.57333326339722 4.91666650772095 5.64266681671143 7.00466680526733 8.40266704559326 9.06266689300537 9.73533344268799 9.38333320617676 8.44600009918213 7.28066682815552 5.72333335876465 5.5513334274292 5.89666700363159 6.24599981307983 6.12466669082642 5.77066659927368 4.92466688156128 4.56799983978271 4.57666683197021 4.11199998855591 3.61066675186157 3.02733325958252
10.5066661834717 10.8833332061768 10.9253330230713 10.9026660919189 10.9753332138062 11.0059995651245 11.0980005264282 11.0459995269775 12.1286668777466 12.449333190918 12.5346660614014 12.2946662902832 12.0679998397827 12.0606670379639 12.0900001525879 11.9593334197998 11.9126663208008 11.8613338470459 11.5520000457764 11.2893333435059 11.1146669387817 10.8273334503174 10.3459997177124 9.90333366394043 9.49600028991699 9.09933376312256 8.58533382415771 7.27333354949951 5.73333311080933 6.1486668586731 7.30200004577637 8.77666664123535 9.46733379364014 9.87933349609375 9.89133358001709 9.14866638183594 8.1986665725708 7.02066707611084 5.86466646194458 6.15533351898193 6.4539999961853 6.37266683578491 6.38266658782959 6.46933317184448 6.43066644668579 5.5019998550415 4.3546667098999 3.71600008010864 3.29533314704895
10.4186668395996 10.9146661758423 11.0126667022705 10.9619998931885 10.9260005950928 10.9619998931885 11.2053327560425 11.4780006408691 11.9433336257935 12.2440004348755 12.4779996871948 12.5386667251587 12.28600025177 12.1046667098999 12.1453332901001 12.0766668319702 12.0033330917358 11.9393329620361 11.6939992904663 11.4526662826538 11.1613330841064 10.7946662902832 10.4646663665771 10.1120004653931 9.68599987030029 9.27466678619385 8.80599975585938 7.52866649627686 5.90799999237061 6.24666690826416 7.56133317947388 8.76333332061768 9.45866680145264 9.92133331298828 10.0973329544067 9.58666610717773 8.87800025939941 7.75933361053467 6.38400030136108 6.11199998855591 6.41866683959961 6.81466674804688 7.06333351135254 7.16400003433228 6.69199991226196 5.79399967193604 4.87733316421509 3.99600005149841 3.59400010108948
10.5573329925537 10.9800004959106 11.0113334655762 10.8633337020874 10.8286666870117 10.9086666107178 11.1493330001831 11.2053337097168 11.5900001525879 11.9406661987305 12.2973337173462 12.4626665115356 12.5193338394165 12.5240001678467 12.3593330383301 12.1506671905518 11.9213333129883 11.7300004959106 11.5799999237061 11.3493328094482 11.0726661682129 10.8299999237061 10.5780000686646 10.260666847229 9.87400054931641 9.50533294677734 9.09533309936523 8.60000038146973 7.49333333969116 7.04666662216187 8.01533317565918 8.68933296203613 9.29866600036621 9.83666706085205 10.2006664276123 10.029333114624 9.46733283996582 8.7586669921875 7.56733322143555 6.96400022506714 6.74266672134399 6.93466663360596 7.41466665267944 7.23866653442383 6.43133306503296 5.89066648483276 5.03533315658569 4.36600017547607 4.08799982070923
10.7040004730225 11.0846672058105 11.1053333282471 10.8140001296997 10.6306667327881 10.8733329772949 11.1033334732056 11.1186666488647 11.1940002441406 11.5206661224365 11.7880001068115 11.7013330459595 11.7333335876465 12.6813335418701 12.6706666946411 11.9980001449585 11.6906671524048 11.4586668014526 11.3233337402344 11.1546669006348 10.9079999923706 10.6053333282471 10.5419998168945 10.3073329925537 10.0613327026367 9.75066661834717 9.45600032806396 9.12666702270508 8.75399971008301 8.239333152771 8.08800029754639 7.97866678237915 8.52400016784668 9.4913330078125 10.2513332366943 10.423999786377 9.83533382415771 8.53999996185303 8.08266639709473 7.55866670608521 7.32999992370605 7.54466676712036 8.27733325958252 7.54466676712036 7.09666633605957 6.49066686630249 5.58600044250488 5.01466655731201 4.72333335876465
10.7913331985474 11.2273330688477 11.2253332138062 10.917332649231 10.8446664810181 11.0853328704834 11.2786664962769 11.3179998397827 11.2566661834717 11.2926664352417 11.1379995346069 11.0799999237061 11.9019994735718 12.6566667556763 12.9446668624878 12.4013338088989 11.9219999313354 11.4286670684814 10.9846668243408 10.7193336486816 10.5666666030884 10.4566669464111 10.4006671905518 10.2679996490479 10.0946664810181 9.90266704559326 9.67733383178711 9.43200016021729 9.22266674041748 9.11199951171875 8.84466648101807 8.25933361053467 8.15133380889893 9.14000034332275 10.3979997634888 10.7433338165283 10.3540000915527 9.18000030517578 8.55466651916504 8.31066703796387 8.22933292388916 9.12333297729492 8.84000015258789 7.9146671295166 7.76533365249634 6.98799991607666 6.53666639328003 6.2126669883728 6.18133354187012
11.0746669769287 11.3879995346069 11.3826665878296 11.3013334274292 11.3206663131714 11.4419994354248 11.4879999160767 11.5233335494995 11.4473333358765 11.3660001754761 11.0933332443237 11.1533336639404 11.7659997940063 12.5019998550415 12.956000328064 12.8013334274292 12.4546670913696 11.7039995193481 10.4613332748413 9.73400020599365 9.85666656494141 10.1186666488647 10.2779998779297 10.2486667633057 10.0900001525879 9.97133255004883 9.82066631317139 9.62666702270508 9.47066688537598 9.33466625213623 9.31933307647705 9.33800029754639 9.23466682434082 9.65133380889893 10.7373332977295 10.7973327636719 10.5200004577637 9.94799995422363 9.56066703796387 9.34733295440674 9.71466636657715 9.82800006866455 8.97733306884766 8.4680004119873 7.79733324050903 7.44999980926514 7.62866687774658 7.4006667137146 7.25466680526733
11.1786661148071 11.445333480835 11.485333442688 11.720666885376 11.9566669464111 11.8426666259766 11.6986665725708 11.6753330230713 11.6573333740234 11.576000213623 11.3920001983643 10.743332862854 10.9966669082642 12.0559997558594 12.7813339233398 12.7600002288818 12.6280002593994 12.2726669311523 11.311333656311 9.71199989318848 8.88333320617676 9.41733360290527 10.1040000915527 10.4006662368774 10.3013334274292 10.1793327331543 10.0620002746582 9.93400001525879 9.84066677093506 9.66600036621094 9.72000026702881 9.8973331451416 10.2873334884644 10.7119998931885 11.1173334121704 11.1700000762939 10.7366666793823 10.239333152771 10.2066659927368 9.97399997711182 9.75733375549316 9.19600009918213 7.94266653060913 8 8.17466640472412 8.3459997177124 8.52400016784668 9.239333152771 8.9040002822876
11.3926668167114 11.6239995956421 11.6379995346069 11.8559999465942 12.0493335723877 11.9673328399658 11.8933334350586 11.8586664199829 11.7866668701172 11.6893329620361 11.67799949646 11.7326669692993 12.199333190918 12.7526664733887 12.768666267395 12.5486660003662 12.6560001373291 12.529333114624 11.8893337249756 11.0093336105347 10.2186670303345 10.4726667404175 10.6693334579468 10.6559991836548 10.6599998474121 10.5193328857422 10.3853330612183 10.2786664962769 10.2406663894653 10.2126665115356 9.98866653442383 10.289999961853 10.6746664047241 11.0073337554932 11.2379999160767 11.007999420166 10.1986665725708 9.94600009918213 10.1233329772949 9.78733348846436 9.37733364105225 8.91466617584229 8.43400001525879 8.8866662979126 8.93400001525879 9.0853328704834 9.28200054168701 9.70199966430664 9.51466655731201
11.8346662521362 11.9113330841064 11.8673334121704 11.8726663589478 11.8513336181641 11.8726663589478 12.0153331756592 12.1253337860107 12.0666666030884 11.9126663208008 11.9566669464111 12.1926670074463 12.5480003356934 12.8819999694824 12.8246669769287 12.6646671295166 12.7773332595825 12.8346662521362 12.5266666412354 11.9973335266113 11.6899995803833 11.5533332824707 11.2426662445068 11.1226663589478 11.1459999084473 11.0046663284302 10.7119998931885 10.5706663131714 10.5520000457764 10.5466661453247 10.1979999542236 10.5126667022705 10.8313331604004 11.0993328094482 11.1113328933716 10.7919998168945 9.9806661605835 9.42399978637695 9.64066600799561 9.58333301544189 9.19999980926514 8.8953332901001 9.33533382415771 9.90066623687744 9.61199951171875 9.20466613769531 9.72066688537598 10.1340007781982 9.50133323669434
12.2586669921875 12.1313333511353 11.9866666793823 11.7453327178955 11.4973335266113 11.5473327636719 11.9226665496826 12.2413330078125 12.2886667251587 12.2426662445068 12.2406663894653 12.3366670608521 12.4946670532227 12.6719999313354 12.7840003967285 12.7680006027222 12.8306665420532 12.9633331298828 12.7733335494995 12.5040006637573 12.3500003814697 11.9046669006348 11.2906665802002 11.3593330383301 11.5486660003662 11.2953329086304 11.0386667251587 10.9906663894653 10.8886671066284 10.7853336334229 10.4359998703003 10.4966669082642 10.5746669769287 10.7433338165283 11.228666305542 11.0413331985474 10.5773334503174 9.7819995880127 9.06466674804688 8.63933372497559 8.83333301544189 9.22000026702881 9.92866706848145 10.2873334884644 9.89866638183594 10.2186670303345 10.1746664047241 9.13266658782959 8.53266620635986
12.3380002975464 12.1813335418701 11.9393329620361 11.5993337631226 11.1626663208008 10.9066667556763 11.6400003433228 12.1593332290649 12.256667137146 12.2853326797485 12.2773332595825 12.3293333053589 12.3326663970947 12.3666667938232 12.4673337936401 12.5073337554932 12.6593332290649 12.8586664199829 12.9113330841064 12.8839998245239 12.7933330535889 12.3333330154419 11.5346670150757 11.3066663742065 11.6586666107178 11.8226661682129 11.8273334503174 11.6406669616699 11.4139995574951 11.1833333969116 10.9079999923706 10.5153331756592 10.441333770752 10.5193328857422 11.2866668701172 11.6326665878296 11.3633337020874 10.8699998855591 10.2320003509521 9.63333320617676 9.53666687011719 9.51466655731201 10.0860004425049 10.7040004730225 10.9126663208008 10.510666847229 10.0699996948242 8.95333290100098 8.5620002746582
12.6113328933716 12.3953332901001 11.993332862854 11.210000038147 10.6266670227051 10.8966665267944 11.4486665725708 12 12.2013330459595 12.216667175293 12.1579999923706 12.1459999084473 12.0273332595825 11.9806671142578 11.9700002670288 11.6306667327881 11.6893339157104 12.1726665496826 12.5906667709351 12.6313333511353 12.8059997558594 12.7346668243408 12.3713331222534 11.9399995803833 12.010666847229 12.300666809082 12.2526664733887 12.1113328933716 11.9626665115356 11.7946662902832 11.46399974823 11.1160001754761 11.1973333358765 11.2953329086304 11.6613330841064 11.7086668014526 11.6753330230713 11.4373331069946 11.1640005111694 11.0133333206177 11.2713327407837 11.1013336181641 11.2006664276123 11.1393337249756 10.9406661987305 10.5673332214355 9.92866706848145 9.45800018310547 8.85533332824707
12.8339996337891 12.6899995803833 12.1126661300659 10.8633337020874 10.076000213623 10.8420000076294 11.2620000839233 11.8266668319702 12.1426668167114 12.2786664962769 12.1999998092651 12 11.7259998321533 11.6653327941895 11.065333366394 10.2766666412354 10.923999786377 11.706000328064 12.1106662750244 12.4046669006348 12.5833339691162 12.8533334732056 12.8373336791992 12.764666557312 12.3993330001831 12.4793338775635 12.3626670837402 12.2973337173462 12.1826667785645 12.0419998168945 11.7119998931885 11.3726673126221 11.4753332138062 11.78600025177 11.8880004882812 11.8546667098999 11.7019996643066 11.6606664657593 11.695333480835 11.7566661834717 11.8000001907349 11.7593336105347 11.5819997787476 10.7626667022705 9.96533393859863 10.2913331985474 9.92866706848145 9.40266704559326 8.63533306121826
12.8479995727539 12.8546667098999 12.46399974823 11.728666305542 10.8473339080811 10.8159999847412 11.5713338851929 11.8319997787476 12.4086666107178 12.4980001449585 12.539999961853 12.474666595459 12.2806663513184 12.3360004425049 11.9700002670288 11.6893329620361 11.8113327026367 12.3286666870117 12.720666885376 13.0266666412354 13.0626668930054 13.0159997940063 12.529333114624 12.543999671936 12.6553335189819 12.5299997329712 12.3299999237061 12.2113332748413 12.0313339233398 12.0073337554932 11.7960004806519 11.6806669235229 11.684666633606 11.739333152771 11.8000001907349 11.6760005950928 11.4806661605835 11.4573335647583 11.5520000457764 11.5500001907349 11.470666885376 11.3079996109009 11.0853328704834 10.8646669387817 10.3479995727539 10.1326665878296 9.89933300018311 9.48533344268799 9.0620002746582
12.7666664123535 12.8553333282471 12.7480001449585 12.4466667175293 11.7233333587646 11.2439994812012 12.0273332595825 12.3819999694824 12.6166667938232 12.6946668624878 12.8246669769287 12.974666595459 13.0120000839233 12.9626665115356 12.9286670684814 13.0173330307007 13.1566667556763 13.2839994430542 13.3946666717529 13.5260009765625 13.4839992523193 12.96399974823 12.3646669387817 12.033332824707 12.1753330230713 12.1046667098999 11.8866662979126 11.8439998626709 11.8593339920044 12 11.9773330688477 11.9833335876465 11.8500003814697 11.6493339538574 11.4133338928223 11.1579999923706 11.2180004119873 11.2819995880127 11.2586669921875 11.2320003509521 11.1653337478638 11.0446672439575 10.9079999923706 10.7919998168945 10.4753332138062 10.4060001373291 10.0080003738403 9.69799995422363 9.49399948120117
12.7233333587646 12.8073329925537 12.815333366394 12.6960000991821 12.2786674499512 11.9886665344238 12.4046669006348 12.5873336791992 12.7399997711182 12.8239994049072 12.9173336029053 13.1053333282471 13.1966667175293 13.1539993286133 13.1386661529541 13.2213335037231 13.2560005187988 13.2453336715698 13.256667137146 13.3020000457764 13.2446670532227 12.9013338088989 12.5266666412354 12.2946662902832 12.17799949646 11.8086671829224 11.546667098999 11.5886669158936 11.7993326187134 11.8479995727539 11.6873340606689 11.5866661071777 11.6433334350586 11.4206666946411 11.0973339080811 11.0013332366943 11.308666229248 11.2806673049927 11.1613330841064 11.1446666717529 11.1359996795654 11.0893335342407 10.9860000610352 10.8473339080811 10.6653327941895 10.4186668395996 10.0620002746582 9.83400058746338 9.73266696929932
12.6186666488647 12.6033334732056 12.7073335647583 12.7153329849243 12.5819997787476 12.4020004272461 12.699333190918 12.7379999160767 12.7859992980957 12.8340005874634 12.9180002212524 13.1226663589478 13.3033332824707 13.3446664810181 13.3400001525879 13.2133340835571 12.9739999771118 12.8893337249756 12.8940000534058 12.934666633606 13.03600025177 12.8273334503174 12.478666305542 12.3439998626709 12.0993328094482 11.9013338088989 11.7626667022705 11.6106672286987 11.6246662139893 11.6199998855591 11.4293336868286 11.3066663742065 11.3353328704834 11.2813329696655 11.1166667938232 11.1906671524048 11.4180002212524 11.1979999542236 11.1246671676636 11.1033334732056 11.0786666870117 10.9959993362427 10.9333333969116 10.8106670379639 10.6253337860107 10.4433336257935 10.2220001220703 10.0226669311523 9.85133361816406
12.4593334197998 12.3366670608521 12.3993330001831 12.6160001754761 12.8559999465942 13.0006666183472 13.0179996490479 12.9226665496826 12.7673330307007 12.6593332290649 12.7266664505005 12.9633331298828 13.2173337936401 13.4146671295166 13.4106664657593 12.9126663208008 12.4566659927368 12.532000541687 12.6766672134399 12.6233329772949 12.4619998931885 12.1833333969116 12.1453332901001 11.9573335647583 11.807333946228 11.7433338165283 11.7220001220703 11.71399974823 11.6546669006348 11.5046672821045 11.2993335723877 11.2213335037231 11.2880001068115 11.3206672668457 11.2700004577637 11.2826671600342 11.2559995651245 11.0966663360596 11.0033330917358 10.7406663894653 10.434666633606 10.2726669311523 10.7659997940063 11.0373334884644 10.7693328857422 10.4840002059937 10.3133335113525 10.1926670074463 10.0699996948242
