model/data/bioclim/bclim9.asc
NCOLS 300 
NROWS 300 
XLLCORNER -125.25 
YLLCORNER 30.75 
CELLSIZE 0.0416666666666667 
NODATA_value -3.4e+38 
[rows 88 to 109 of 300, columns 245 to 293 of 300]
-2.72866678237915 -2.97666692733765 -1.69466662406921 -1.96399998664856 -1.8639999628067 -1.90599977970123 -1.85333347320557 -1.34933340549469 -2.4193332195282 -3.03866672515869 -2.45333337783813 -1.58533322811127 -1.80199992656708 -1.07266676425934 -1.12733328342438 -1.12799990177155 -1.04933333396912 -1.09799993038177 -1.36000001430511 -1.59666681289673 -2.489333152771 -1.12199985980988 -0.736000001430511 -0.397333383560181 -0.0393332652747631 -0.0440000705420971 -1.05666649341583 -0.528666794300079 -0.577999889850616 -0.166000053286552 0.06533332914114 0.250666618347168 0.510666608810425 -0.417333275079727 -0.174666717648506 -0.0666666030883789 -0.0666666030883789 -0.414666742086411 -0.586666703224182 -0.222666665911674 -0.306666612625122 -0.36666664481163 -0.43000003695488 -0.580000042915344 -0.469333380460739 -0.300666660070419 -0.419333308935165 -0.699999988079071 -0.867999970912933
-2.85733342170715 -3.09866666793823 -1.71733319759369 -1.17400002479553 -1.82666647434235 -1.81533336639404 -1.79999995231628 -1.41266667842865 -2.07466673851013 -2.65933322906494 13.7186670303345 -1.81399989128113 -0.935999929904938 -1.03600013256073 -1.19266664981842 -1.23599994182587 -1.21733319759369 -1.62000012397766 -1.81933331489563 -1.70666658878326 -2.4813334941864 -1.02400016784668 -0.468666702508926 -0.118000030517578 -0.0653332844376564 -0.212666586041451 -1.25466668605804 -0.603333294391632 -1.24733316898346 -0.0160000715404749 0.276000052690506 0.433333367109299 -0.407333374023438 -0.28600001335144 -0.158000066876411 -0.174000024795532 -0.326666593551636 0.403333157300949 0.211999893188477 -0.269333213567734 -0.244666650891304 -0.518666565418243 -0.458000034093857 -0.611333310604095 -0.518666684627533 -0.204666614532471 -0.201333284378052 -0.416666507720947 -0.438666582107544
-2.3953332901001 -2.41199994087219 -2.09533333778381 -1.28400003910065 -1.78533327579498 -1.73466670513153 -1.79000008106232 -1.48000013828278 -2.88666653633118 -2.64066648483276 13.6566667556763 -2.06066679954529 -0.874666750431061 -0.90666675567627 -1.18466663360596 -1.28933322429657 -1.37400019168854 -2.16466665267944 -2.40333318710327 -1.69066667556763 -1.31133329868317 -0.8206667304039 -0.324666827917099 -0.0339999981224537 -0.0626667365431786 -0.261333376169205 -0.417333364486694 -1.24400019645691 -0.990000069141388 0.188666775822639 0.293999999761581 0.496666580438614 0.812000036239624 -0.198000118136406 -0.238000079989433 -0.368666648864746 -0.490666627883911 0.294666647911072 0.062666654586792 -0.474666714668274 -0.337333351373672 -0.89599996805191 -0.545333325862885 -0.540000081062317 -0.507333219051361 -0.192666605114937 0.00599996233358979 -0.136000081896782 -0.135333374142647
-2.6766664981842 -2.39466667175293 -2.23933339118958 -1.74533331394196 -2.08133339881897 -1.02199995517731 -1.98733341693878 -2.05733346939087 -2.32266664505005 -2.97133350372314 11.985333442688 -2.5753333568573 -0.949333190917969 -0.754666566848755 -1.14933347702026 -1.46533346176147 -1.33333337306976 -1.94199991226196 -2.70600008964539 -2.01666688919067 -1.53933346271515 -1.03066670894623 -0.52266663312912 -0.204666778445244 -1.01666653156281 -1.16266667842865 -1.24533331394196 -1.07600009441376 0.0339999198913574 -0.579333364963531 0.460666507482529 0.538666665554047 1.01800000667572 -0.113333381712437 -0.280666679143906 -0.527999937534332 -0.732000052928925 -0.830666601657867 0.0546665601432323 -0.416666746139526 -0.499333292245865 -1.46599996089935 -0.95466673374176 -0.568000078201294 -0.449999958276749 -0.347333341836929 -0.152000024914742 -0.0373334102332592 0.0213333759456873
-2.81866669654846 -2.34599995613098 -1.92733323574066 -2.01399993896484 -1.44266664981842 -1.19866669178009 -1.75066673755646 -2.46199989318848 -2.64266657829285 -3.23199987411499 11.2273330688477 -3.20133328437805 -1.23000001907349 -0.653333365917206 -1.05999994277954 -1.5846666097641 -1.23266661167145 -1.60666680335999 -2.78533315658569 -2.51066660881042 -1.96199989318848 -1.48666667938232 -0.76333349943161 -0.306666612625122 -0.242666646838188 -1.2153332233429 -0.475999742746353 -1.13266670703888 -0.919333279132843 -0.555999994277954 -0.290666580200195 0.900666654109955 0.0433332920074463 -0.0706666335463524 -0.240000009536743 -0.5286665558815 -0.838000059127808 -0.955333411693573 -0.882666766643524 -0.053333442658186 -0.356000036001205 -1.89933347702026 -1.54866671562195 -0.583333313465118 -0.285333395004272 -0.472666651010513 -0.464666604995728 -0.216000005602837 -0.00199993443675339
-3.07933330535889 -2.83000016212463 -2.21533346176147 -1.75199997425079 -1.32866656780243 -1.38866662979126 -2.25933337211609 -2.88533329963684 -2.97266674041748 -3.46266651153564 7.50066661834717 -3.64400005340576 -1.59133327007294 -0.653333365917206 -0.889333486557007 -1.30133330821991 -1.04333329200745 -1.51333320140839 -2.83466672897339 -2.7846667766571 -2.03533339500427 -1.40799999237061 -1.05866658687592 -0.266000032424927 -0.18666672706604 -1.17333328723907 -0.444000095129013 -1.30400002002716 -1.16066682338715 -0.741999864578247 -0.353333324193954 -0.227333307266235 1.02799999713898 -0.0866665840148926 -0.0879999771714211 -0.320666700601578 -0.661999881267548 -0.951333403587341 -0.743333280086517 0.131999894976616 -0.388000011444092 -1.12333333492279 -0.830666720867157 -0.252000004053116 0.00933337211608887 -0.321333318948746 -0.434000015258789 -0.338000059127808 -0.26599994301796
-2.99933338165283 -3.09999990463257 -2.57933354377747 -1.89266681671143 -1.52266681194305 -1.52866661548615 -2.41266655921936 -3.14866662025452 -3.31200003623962 12.283332824707 11.5373334884644 8.52400016784668 -1.87066662311554 -0.707999885082245 -0.778000056743622 -0.976666688919067 -0.873333275318146 -1.36333334445953 -2.77333331108093 -3.53799986839294 -3.35866665840149 -2.2519998550415 -1.39666664600372 -0.362666606903076 -0.992000102996826 -1.12133324146271 -0.390666723251343 -1.32000005245209 -1.23866653442383 -0.861333310604095 -0.497333377599716 0.619999945163727 -0.472000032663345 -0.194666624069214 0.013333479873836 -0.126666620373726 -0.470666646957397 -0.705999910831451 -0.547333419322968 -0.187333345413208 -1.41133332252502 -0.750666677951813 -0.0466667003929615 0.458666652441025 0.324666649103165 -0.0986666679382324 -0.285999923944473 -0.3253333568573 -0.470666736364365
-2.55066680908203 -2.82800006866455 -2.71000003814697 -2.31066656112671 -1.68199992179871 -1.7093334197998 -2.34599995613098 -3.13599991798401 -3.45199990272522 8.79133319854736 -2.72733330726624 -2.63533329963684 -1.41666674613953 -0.539333164691925 -0.657999992370605 -0.798666656017303 -0.880666494369507 -1.40866684913635 -2.25133323669434 -3.19133329391479 7.38933324813843 8.94999980926514 -1.69933342933655 -0.38266658782959 -0.920666515827179 -0.207333564758301 -0.419333308935165 -1.27799999713898 -1.05933332443237 -0.740666568279266 -0.728666722774506 -1.12133324146271 -1.16933333873749 -0.557333290576935 -0.0319999866187572 0.0400002002716064 -0.211333349347115 -0.39999994635582 -0.129999950528145 -0.800000011920929 -0.950666606426239 -0.295333385467529 0.271333307027817 0.455333143472672 0.246000051498413 -0.0566667728126049 -0.221333265304565 -0.366000026464462 -0.599999845027924
-2.35599994659424 -2.46866655349731 -2.53333330154419 -2.40333342552185 -2.09533309936523 -1.95066666603088 -2.17799997329712 -2.54733324050903 -2.83666658401489 4.51133346557617 -2.4980001449585 -1.41466677188873 -0.509333193302155 -0.4006667137146 -0.663333237171173 -0.791333496570587 -1.33133316040039 -1.94133341312408 -2.2206666469574 -2.49133348464966 8.92199993133545 -2.12600016593933 -0.886666595935822 0.0360000915825367 -0.771333396434784 -0.90666675567627 -1.05400002002716 -1.00866675376892 -0.836666643619537 -0.680000066757202 -0.874000012874603 -1.61666655540466 -1.6193333864212 -0.78466659784317 -0.0153334140777588 0.160000085830688 -0.0493333339691162 -0.248666688799858 -0.0106667680665851 -0.891333341598511 -1.3253333568573 -0.683333396911621 0.109999977052212 0.393333286046982 0.162666633725166 -0.0946666374802589 -0.140666723251343 -0.291999965906143 -0.627333402633667
-2.17599987983704 -2.28666663169861 -2.47599983215332 -2.57066655158997 -2.33400011062622 -2.16533327102661 -2.1693332195282 -2.18266677856445 -2.41333341598511 -2.75866675376892 -2.86133337020874 -1.46466672420502 -0.576666593551636 -0.414666652679443 -0.674000024795532 -0.752000153064728 -1.14466667175293 -1.68133330345154 -1.33333325386047 -1.19266653060913 -1.42933332920074 -0.965999901294708 -0.134666606783867 0.387999922037125 -0.6460000872612 -0.901999950408936 -1.06266665458679 -0.93800014257431 -0.740000009536743 -0.729999959468842 0.22799988090992 -1.18800008296967 -1.29266667366028 -0.739333391189575 -0.059333324432373 0.147333383560181 0.0366667918860912 -0.0873332023620605 -0.584000051021576 -2.38666653633118 -2.0460000038147 -1.03666663169861 0.0613333396613598 0.352666705846786 0.169333383440971 0.0339999981224537 0.059999942779541 -0.121333360671997 -0.569999933242798
-1.89933323860168 -2.10066652297974 13.8833332061768 -2.72666645050049 -2.42733359336853 -2.43933343887329 -2.39333343505859 -2.36133313179016 -2.48866677284241 -2.31200003623962 -2.33333325386047 -1.21333348751068 -0.524666547775269 -0.456000000238419 -0.651333391666412 -0.883999884128571 -1.10133349895477 -1.05400002002716 -0.624000072479248 -0.130000114440918 0.227999851107597 0.486666589975357 0.636666774749756 -0.351333528757095 -0.701999962329865 -0.13866662979126 -0.90200012922287 -0.809999883174896 -0.769333362579346 0.308666586875916 -0.525333344936371 -0.53466671705246 -0.903999984264374 -1.02666676044464 -0.692666709423065 -0.168666675686836 0.0173334274441004 0.0846666470170021 -0.189333274960518 -1.96866691112518 -1.50999999046326 -0.658666670322418 0.0606667213141918 0.211333513259888 0.0860000476241112 0.051333349198103 0.105333410203457 -0.0866667404770851 -0.514666616916656
-1.62933337688446 -1.78599977493286 11.0933332443237 -2.65733337402344 -2.47999978065491 -2.51466655731201 -2.50133347511292 -2.41266655921936 -2.35400009155273 -2.15400004386902 -1.42666661739349 -0.824666738510132 -0.474000066518784 -1.25933337211609 -0.5706667304039 -0.869999885559082 -1.24666666984558 -1.01999998092651 -0.455333322286606 0.0779999867081642 0.480000019073486 0.641333520412445 -0.311333417892456 -0.522666692733765 -0.691999971866608 -0.832000195980072 -0.723333597183228 -0.49466672539711 -0.343333393335342 -0.339333295822144 -0.187333345413208 -0.202666595578194 -0.635333359241486 -1.27933347225189 -1.17333340644836 -0.396000057458878 0.00533326482400298 0.104000091552734 0.281333357095718 -0.410666614770889 -0.751333296298981 -0.345999956130981 0.0640000477433205 0.207333400845528 0.164000034332275 0.169333219528198 0.231333419680595 0.0366667099297047 -0.397333383560181
-1.97800004482269 -1.29866659641266 -2.11133337020874 11.0626668930054 -2.40599989891052 -2.48733329772949 -2.56066679954529 -2.46200013160706 -2.28066658973694 -2.11399984359741 -1.47000002861023 -0.689333260059357 -0.449333190917969 -0.556666553020477 -0.555333375930786 -1.06200003623962 -1.97733330726624 -1.89266657829285 -1.21066653728485 -0.423999935388565 0.179333448410034 -0.370000123977661 -0.502666771411896 -0.704666674137115 -0.744000017642975 -0.768666744232178 -0.696000099182129 -0.445333153009415 -0.0440001487731934 0.149999931454659 0.133333280682564 0.0480000972747803 -0.331333249807358 -1.11733341217041 -1.44800007343292 -1.27266669273376 -0.811999976634979 -0.203999996185303 0.139333322644234 0.329999923706055 0.288000017404556 0.277333348989487 0.274000018835068 0.13866662979126 0.131999969482422 0.289999961853027 0.417333275079727 0.319333404302597 -0.0933334827423096
-1.6379998922348 -1.87000000476837 -1.68066668510437 -2.08933353424072 -2.26599979400635 -2.46533346176147 -2.56533336639404 -2.46600008010864 -2.2979998588562 -2.04066681861877 -1.24066650867462 -0.652666628360748 -0.541333377361298 -0.607333242893219 -0.543333351612091 -0.723333299160004 -2.29133343696594 8.4680004119873 -2.14133334159851 -0.872000157833099 -0.0720000267028809 0.381333202123642 -0.569333374500275 -0.77733325958252 -0.761333286762238 -0.689999878406525 -0.638666808605194 -0.599333465099335 -0.415999799966812 -0.107999958097935 0.0493334122002125 0.0926666259765625 -0.230666637420654 -1.39266669750214 -2.0406665802002 -2.21600008010864 -2.12533354759216 -0.863333404064178 -0.172000005841255 0.121333278715611 0.274000018835068 0.203999996185303 0.110666669905186 -0.00999999046325684 -0.0146666364744306 0.0460000038146973 0.0833333358168602 0.0480000972747803 -0.195333316922188
-1.43533325195312 -1.53999984264374 -1.2299998998642 -1.96999990940094 -2.37600016593933 -2.35266661643982 -2.43666672706604 -2.31733322143555 -2.27466678619385 -1.96933341026306 -1.16866672039032 -0.72266674041748 -0.600666701793671 -0.661333382129669 -0.554666578769684 -0.519999921321869 -2.41799998283386 6.43733358383179 9.17933368682861 -1.59200000762939 -0.839999854564667 -0.17666657269001 -0.834666728973389 -0.793333113193512 -0.662666738033295 -0.584000051021576 -0.534666776657104 -0.526666641235352 -0.43733349442482 -0.265999883413315 -0.194666862487793 -0.0506666488945484 -0.0626665726304054 -0.697333335876465 -1.44866693019867 -2.21733331680298 -1.31466662883759 -1.12066662311554 -0.356000036001205 -0.0806667804718018 -0.00933321285992861 0 -0.0333333797752857 -0.129999950528145 -0.0746665820479393 -0.0613334178924561 -0.16066662967205 -0.181333467364311 -0.318666607141495
-1.22133326530457 -1.30199992656708 -0.977999985218048 11.4446668624878 -2.36333322525024 -2.18933343887329 -2.26466679573059 -2.20933318138123 -2.24399995803833 -2.22800016403198 -1.55000007152557 -0.791333138942719 -0.544666767120361 -0.605333387851715 -0.627999842166901 -0.512666642665863 -2.1506667137146 7.67799997329712 9.17399978637695 -2.15199995040894 -1.60466659069061 -0.703999757766724 -0.146666690707207 -0.795333325862885 -0.646666526794434 -0.673999965190887 -0.809333324432373 -0.968666613101959 -0.668000042438507 -0.43466654419899 -0.306666612625122 -0.12266667932272 0.0226666927337646 -0.11666663736105 -0.522000133991241 -1.21266674995422 -1.90533339977264 -1.04133331775665 -0.505999982357025 -0.202666684985161 -0.098000131547451 -0.0499997921288013 -0.0606667995452881 -0.158666685223579 0.0219999942928553 0.0979999676346779 -0.102666698396206 -0.1746666431427 -0.311999946832657
-0.905999958515167 -1.06666672229767 -0.952000081539154 -1.8493332862854 -2.36666679382324 -2.23600006103516 -2.26200008392334 -2.23799991607666 -2.22333335876465 -2.34066653251648 -1.35800004005432 -0.684666633605957 -0.438000112771988 -0.573333323001862 -0.693333387374878 -0.525333166122437 -1.63666665554047 8.78800010681152 9.26733303070068 -2.20133328437805 -1.31466662883759 -0.727333247661591 -0.217333316802979 0.112666763365269 -0.737333297729492 0.199333429336548 0.0520001240074635 -0.192666843533516 -1.19933331012726 -1.12000000476837 -0.715333461761475 -0.292666584253311 -0.193999841809273 -0.215999916195869 -0.384666681289673 -0.70466685295105 -0.974666833877563 -0.705333292484283 -0.196666643023491 -0.0706666335463524 -0.0586666278541088 -0.0906666144728661 0.0133333206176758 -0.0413332767784595 0.0253333244472742 0.0186666641384363 -0.158666849136353 -0.18066668510437 -0.450000047683716
-0.634000062942505 -0.89000004529953 -1.03133344650269 -1.96866679191589 -2.28733325004578 -2.24066686630249 -2.23199987411499 -2.22399997711182 -2.16599988937378 -1.76200008392334 -0.901999950408936 -0.503333508968353 -0.365333318710327 -0.55400013923645 -0.767999947071075 -0.630666732788086 -1.30533337593079 9.93333339691162 8.81666660308838 10.7553329467773 -1.5660001039505 -0.690666735172272 -0.0873333588242531 -0.806666672229767 -0.752000033855438 -0.775999963283539 0.237333297729492 -0.0566666908562183 -1.59133350849152 -1.80266678333282 -1.33399999141693 -0.723333418369293 -0.494666665792465 -0.539333283901215 -0.722000122070312 -0.812666714191437 -0.569999933242798 -0.269333362579346 0.0473333187401295 -0.00200001406483352 -0.0686666145920753 -0.0639998912811279 0.0899999961256981 -0.00133339560125023 -0.166666582226753 -0.261333376169205 -0.248666688799858 -0.193333387374878 -0.468666702508926
-0.570666611194611 -0.89000016450882 -1.17666661739349 -1.94733345508575 -2.00200009346008 -1.99266648292542 -2.09200000762939 -2.12933325767517 -1.81733322143555 -1.22266662120819 -0.716666519641876 -0.446000099182129 -0.393333196640015 -0.555333375930786 -0.770666599273682 -0.752000153064728 -1.13666665554047 10.9739999771118 11.3426666259766 -2.03866672515869 -1.87333333492279 -0.539333283901215 0.170000076293945 -0.643999874591827 -0.683333218097687 -0.822666823863983 -0.73333328962326 0.00266655278392136 -0.349333375692368 -1.62066662311554 -1.56200003623962 -1.21666657924652 -0.762000024318695 -0.792666733264923 -1.08933329582214 -0.921333372592926 -0.510000050067902 -0.258666515350342 -0.1433335095644 -0.176000043749809 -0.147333219647408 0.0406666584312916 0.0513332672417164 -0.172666624188423 -0.414666563272476 -0.403333336114883 -0.203333303332329 -0.136000230908394 -0.256666660308838
-0.542666733264923 -0.373999983072281 -1.33200001716614 -1.63200008869171 -1.55600011348724 -1.59266662597656 -1.95133328437805 -1.93133342266083 -1.18799996376038 -0.708666741847992 -0.522000074386597 -0.482000112533569 -0.484666675329208 -0.597333371639252 -0.691333293914795 -0.704666554927826 -0.788000047206879 -1.31933331489563 -1.35533332824707 -1.33333337306976 -1.64866662025452 -0.352000087499619 -0.57866644859314 -0.577999889850616 -0.69133323431015 -0.799333333969116 -0.799333095550537 0.0353332348167896 -0.864000022411346 -0.987333357334137 -0.468000024557114 -1.32400000095367 -0.904000103473663 -1.05933344364166 -1.23333346843719 -0.863333284854889 -0.501999914646149 -0.320666790008545 -0.259999841451645 -0.202000066637993 -0.15666675567627 -0.0240000877529383 -0.133333370089531 -0.407333374023438 -0.580666840076447 -0.436000108718872 -0.219333335757256 -0.202000066637993 -0.198000192642212
-0.490666538476944 -0.50133341550827 -1.29333329200745 -1.33399987220764 -1.13133347034454 -1.30333340167999 -1.97333335876465 -1.9906667470932 -1.03600001335144 -0.560666739940643 -0.423333406448364 -0.513333380222321 -0.536666810512543 -0.558000028133392 -0.651333391666412 -0.612000167369843 -0.49399995803833 -0.702000141143799 -0.933333218097687 -0.807999908924103 -0.869333267211914 -0.0546666793525219 -0.574000120162964 -0.668666779994965 0.091999925673008 -0.910666525363922 -0.96533328294754 -0.939999997615814 -0.972000122070312 -0.958000004291534 -0.0846666470170021 0.157333374023438 -0.63266658782959 -0.862666666507721 -1.26866686344147 -0.979333341121674 -0.569333255290985 -0.351999998092651 -0.250666469335556 -0.131333276629448 -0.0886665210127831 -0.163333252072334 -0.418000072240829 -0.607333242893219 -0.572666645050049 -0.392666667699814 -0.328666538000107 -0.446000009775162 -0.565999984741211
0.104000009596348 13.2386665344238 -1.75000011920929 -1.36600017547607 -0.90200001001358 -0.898666679859161 -1.68733334541321 10.5160007476807 -1.12799990177155 -0.348666578531265 -0.322000116109848 -0.473333448171616 -0.571333229541779 -0.511333405971527 -0.531333446502686 -0.565333366394043 -0.448666900396347 -0.455333322286606 -0.558666706085205 -0.352666616439819 -0.0260000228881836 0.24800007045269 0.172000095248222 0.00933321285992861 -0.148666620254517 -0.445333391427994 -0.470000028610229 -1.20333337783813 -1.15000009536743 -1.0313333272934 -0.592666804790497 -0.386666774749756 -0.467333316802979 -0.601999998092651 -1.37800002098083 -1.25866687297821 -0.808666527271271 -0.46466651558876 -0.248666688799858 -0.14866678416729 -0.263333469629288 -0.556666672229767 -0.744666516780853 -0.674666702747345 -0.498000055551529 -0.395333379507065 -0.458000034093857 -0.701333343982697 -0.993333160877228
