model/data/bioclim/bclim1.asc
NCOLS 300 
NROWS 300 
XLLCORNER -125.25 
YLLCORNER 30.75 
CELLSIZE 0.0416666666666667 
NODATA_value -3.4e+38 
[rows 88 to 109 of 300, columns 245 to 293 of 300]
7.65466690063477 6.59333324432373 6.91200017929077 7.91099977493286 8.21233367919922 8.21583366394043 8.31516647338867 7.60883331298828 5.36450004577637 4.47183322906494 5.25166654586792 6.66083335876465 8.49149990081787 8.82216644287109 8.88650035858154 8.89900016784668 8.79650020599365 8.42533302307129 7.87949991226196 7.40783309936523 7.60116672515869 8.02266693115234 8.3038330078125 8.60816669464111 9.46183300018311 10.0045003890991 10.2521667480469 10.2263336181641 10.1346664428711 10.143500328064 9.48699951171875 9.71483325958252 10.4840002059937 10.8771667480469 11.0880002975464 11.2238330841064 11.4720001220703 11.6318330764771 11.5796661376953 11.5343332290649 10.77649974823 11.0401668548584 11.4011669158936 11.3783330917358 11.309666633606 11.1298332214355 10.7478332519531 10.1778335571289 9.93000030517578
7.22266674041748 6.2979998588562 6.92500019073486 7.9316668510437 8.21816635131836 8.32016658782959 8.34700012207031 7.43716669082642 6.35066652297974 5.3638334274292 3.86616659164429 6.33599996566772 8.53916645050049 8.87633323669434 8.88633346557617 8.89633369445801 8.46583366394043 6.96099996566772 6.7906665802002 6.97933340072632 7.46483325958252 7.95866680145264 8.86366653442383 9.32433319091797 9.82016658782959 10.1433334350586 10.2863330841064 10.2080001831055 10.0605001449585 10.114333152771 9.87199974060059 9.79866695404053 10.6800003051758 11.1496667861938 11.4475002288818 11.5986661911011 11.6546669006348 11.5675001144409 11.375 11.6070003509521 10.5659999847412 10.3076667785645 11.0136671066284 11.2264995574951 11.3254995346069 11.3125 10.8404998779297 10.486499786377 10.3848333358765
6.25 5.92516660690308 6.13316679000854 7.74433326721191 8.22983360290527 8.38833332061768 8.29699993133545 7.44599962234497 6.84516668319702 5.47583341598511 3.78383326530457 5.87483310699463 8.46166706085205 8.89616680145264 8.83733367919922 8.80983352661133 7.90283346176147 5.49499988555908 5.12633323669434 6.58583354949951 7.28833341598511 8.11566638946533 9.06833362579346 9.64983367919922 9.99483299255371 10.2375001907349 10.3173332214355 10.190333366394 10.1088333129883 10.136833190918 9.72216701507568 9.87883377075195 10.6715002059937 11.2486667633057 11.5524997711182 11.6361665725708 11.5798330307007 11.4598331451416 11.1568336486816 11.4658336639404 10.2593326568604 9.37366676330566 10.6008338928223 11.106333732605 11.3341665267944 11.4378337860107 11.2154998779297 10.6878337860107 10.9593334197998
5.36016654968262 6.15899991989136 5.87783336639404 6.82816648483276 7.53616666793823 8.26266670227051 8.02633380889893 6.47466659545898 6.34366655349731 4.7189998626709 2.49733328819275 4.89716672897339 8.14933300018311 8.91833305358887 8.78383350372314 8.62083339691162 8.08266639709473 6.00400018692017 4.3841667175293 5.98799991607666 6.91583347320557 7.68933343887329 8.88599967956543 9.71966648101807 10.1498336791992 10.3214998245239 10.3211660385132 10.3590002059937 10.421667098999 10.2165002822876 9.97499942779541 9.63933372497559 10.8020000457764 11.4106664657593 11.6494998931885 11.6219997406006 11.4258337020874 11.3339996337891 11.0841665267944 11.4626665115356 9.88350009918213 8.22700023651123 9.68649959564209 10.6411666870117 11.1628332138062 11.3786668777466 11.3465003967285 11.1418333053589 10.9860000610352
5.74266672134399 6.39449977874756 6.98216676712036 6.17566680908203 7.31549978256226 8.01616668701172 7.1031665802002 6.08099985122681 5.76266670227051 4.19233322143555 1.90783321857452 3.99316668510437 7.5939998626709 8.90366649627686 8.79850006103516 8.55249977111816 8.50583362579346 6.77783346176147 4.57483339309692 5.2558331489563 5.86783361434937 6.21616649627686 8.07266712188721 9.48416709899902 10.1875 10.3703336715698 10.3290004730225 10.4604997634888 10.5749998092651 10.5788335800171 10.5618333816528 10.3066663742065 11.0368328094482 11.5819997787476 11.7761669158936 11.6943330764771 11.3468332290649 11.1706666946411 11.1421661376953 11.6960000991821 10.0655002593994 7.05550003051758 8.03900051116943 9.98900032043457 11.0115003585815 11.2531661987305 11.2653331756592 11.3120002746582 11.2241668701172
5.97066688537598 6.15950012207031 6.91483306884766 7.42649984359741 8.00333309173584 7.91349983215332 6.2645001411438 5.53133344650269 5.19549989700317 3.80833339691162 1.77866673469543 3.3824999332428 7.01249980926514 8.78216648101807 8.88766670227051 8.76883316040039 8.74966621398926 7.0091667175293 4.62050008773804 5.01916646957397 5.78816652297974 6.28249979019165 6.84833335876465 9.33083343505859 10.2124996185303 10.4134998321533 10.3909997940063 10.4408330917358 10.5451669692993 10.757833480835 10.716833114624 10.3906669616699 11.0369997024536 11.4833335876465 11.7941665649414 11.8070001602173 11.4996671676636 11.1481666564941 11.2270002365112 11.7430000305176 10.1525001525879 8.61033344268799 8.99383354187012 9.88350009918213 11.0563335418701 11.2908334732056 11.2368335723877 11.3503332138062 11.3628330230713
6.07800006866455 6.121666431427 6.65816640853882 7.38466644287109 7.84983348846436 7.72616672515869 5.93266677856445 4.79449987411499 4.55883312225342 2.70533347129822 2.18933343887329 2.53566670417786 6.28250026702881 8.6254997253418 8.90633296966553 8.89999961853027 8.76833343505859 7.20166683197021 4.48766660690308 3.45949983596802 3.45900011062622 5.15716648101807 6.35533332824707 9.06716632843018 10.2346668243408 10.4398336410522 10.4378328323364 10.4329996109009 10.5191669464111 10.7543334960938 10.6588335037231 10.2159996032715 10.4375 10.996000289917 11.59850025177 11.811333656311 11.6596670150757 11.397500038147 11.4514999389648 11.0486660003662 8.36683368682861 9.58783340454102 10.4191665649414 11.1363334655762 11.4078330993652 11.3675003051758 11.2706661224365 11.2478332519531 11.2299995422363
6.01166677474976 6.16466665267944 6.30683326721191 6.53916645050049 7.49816656112671 7.40933322906494 5.91733312606812 4.0533332824707 3.75283336639404 2.73000001907349 4.39900016784668 3.875 6.58199977874756 8.71916675567627 8.89566707611084 8.89133358001709 8.45766639709473 6.89249992370605 5.09333324432373 3.43149995803833 1.77133333683014 2.98733329772949 5.41650009155273 8.57666683197021 10.2004995346069 10.4224996566772 10.3738327026367 10.433666229248 10.5818328857422 10.6354999542236 10.3190002441406 9.35116672515869 9.14900016784668 10.0626668930054 11.0764999389648 11.7203330993652 11.7766666412354 11.699333190918 11.7913331985474 9.51866626739502 9.1899995803833 10.2521667480469 11.033166885376 11.4033336639404 11.4280004501343 11.3481664657593 11.3088331222534 11.2399997711182 11.0959997177124
6.26616668701172 5.95466661453247 5.83249998092651 6.44133329391479 7.04616689682007 7.12733316421509 6.32416677474976 4.90166664123535 4.5625 3.25183343887329 4.99783325195312 6.60016679763794 8.28533363342285 9.01016712188721 8.98466682434082 8.71383285522461 7.37716674804688 5.88250017166138 4.82616662979126 4.08166646957397 3.0550000667572 4.50466680526733 6.85933303833008 9.12849998474121 10.2366666793823 10.4648332595825 10.4969997406006 10.5863332748413 10.4685001373291 10.1866664886475 9.6870002746582 8.05283355712891 8.03083324432373 9.44950008392334 10.8491668701172 11.6966667175293 11.8403329849243 11.7826671600342 11.4729995727539 9.47833347320557 8.7480001449585 9.83466625213623 10.9381666183472 11.4670000076294 11.4394998550415 11.2659997940063 11.136833190918 11.1840000152588 11.0818328857422
6.74883317947388 6.19416666030884 5.18316650390625 5.73983335494995 6.65733337402344 7.03533363342285 6.71433353424072 6.20816659927368 5.58699989318848 4.5203332901001 4.11266660690308 6.98066663742065 8.5508337020874 9.10550022125244 8.99333381652832 8.71150016784668 7.47216653823853 5.74816656112671 6.16516637802124 6.10283327102661 5.20450019836426 5.99700021743774 7.91849994659424 9.78416633605957 10.3876667022705 10.4805002212524 10.4543333053589 10.4643335342407 10.308666229248 9.66916656494141 9.31483364105225 8.80166625976562 8.64083290100098 9.58800029754639 10.8068332672119 11.5606670379639 11.8516664505005 11.7445001602173 9.94783306121826 6.61950016021729 7.33500003814697 9.02383327484131 10.8148336410522 11.507833480835 11.5460004806519 11.3886661529541 11.3118333816528 11.2363328933716 11.1284999847412
7.09216690063477 6.1013331413269 4.09216690063477 5.12949991226196 6.36716651916504 6.84166669845581 6.81183338165283 6.38016653060913 5.23199987411499 5.301833152771 4.55649995803833 7.18933343887329 8.70600032806396 9.10500049591064 9.00183296203613 8.08650016784668 7.25099992752075 7.11733341217041 7.69983339309692 8.31566619873047 8.61566638946533 9.13583374023438 9.91899967193604 10.4654998779297 10.4499998092651 10.4108333587646 10.4101667404175 9.99933338165283 9.7296667098999 9.51883316040039 9.84266662597656 9.80850028991699 9.24833297729492 9.16349983215332 9.63283348083496 10.9391670227051 11.7923336029053 11.7208337783813 10.1820001602173 6.74633312225342 7.9593334197998 9.46300029754639 10.8093338012695 11.451000213623 11.5583333969116 11.4833335876465 11.4584999084473 11.3739995956421 11.182333946228
7.3841667175293 6.72666692733765 4.57433319091797 4.67999982833862 6.21816682815552 6.82950019836426 6.85816669464111 6.69116687774658 5.83533334732056 5.67016649246216 6.72216653823853 7.85366678237915 8.7408332824707 9.04166698455811 8.92166709899902 7.73833322525024 6.81266689300537 7.44000005722046 8.26833343505859 8.90983295440674 9.55233383178711 10.00950050354 10.3331670761108 10.3991670608521 10.3155002593994 10.3771667480469 10.418999671936 10.2714996337891 9.97000026702881 9.77983379364014 10.2841663360596 10.2545003890991 9.73999977111816 8.80716609954834 8.82999992370605 10.2201671600342 11.4951667785645 11.7426662445068 11.3823337554932 9.35083389282227 8.88083362579346 9.87950038909912 10.859167098999 11.4683332443237 11.6420001983643 11.6031665802002 11.5913333892822 11.4460000991821 11.1818332672119
8.03633308410645 7.58300018310547 5.41000032424927 4.49866676330566 6.20133352279663 6.85283327102661 6.87849998474121 6.78900003433228 6.37166690826416 5.69133329391479 6.59383344650269 8.11699962615967 8.85050010681152 8.96549987792969 8.77933311462402 7.01300001144409 5.17533349990845 5.68066692352295 6.70699977874756 8.31799983978271 9.50216674804688 10.1925001144409 10.3493337631226 10.3408336639404 10.3491668701172 10.426833152771 10.4941663742065 10.6031665802002 10.6268329620361 10.5461664199829 10.71399974823 10.6806669235229 10.1096668243408 9.05000019073486 8.58133316040039 8.74250030517578 9.82450008392334 11.210000038147 11.5463333129883 11.0860004425049 10.731499671936 10.797833442688 11.2600002288818 11.5509996414185 11.5396661758423 11.4636669158936 11.5696668624878 11.5755004882812 11.3170003890991
8.43449974060059 8.07866668701172 6.14433336257935 5.36483335494995 6.32383346557617 6.82200002670288 6.84683322906494 6.75983333587646 6.39300012588501 5.92166662216187 7.09500026702881 8.22866630554199 8.74916648864746 8.89916706085205 8.74416637420654 7.89949989318848 5.09366655349731 2.64049983024597 4.64983320236206 7.24149990081787 8.94299983978271 9.97616672515869 10.2039995193481 10.1805000305176 10.3358335494995 10.4790000915527 10.5726661682129 10.6181659698486 10.675666809082 10.811333656311 10.8929996490479 10.8583335876465 10.3044996261597 8.40583324432373 7.6506667137146 7.37933349609375 7.37216663360596 9.56783294677734 10.7588329315186 11.3249998092651 11.2593336105347 11.2164993286133 11.3843336105347 11.5298337936401 11.265832901001 10.9799995422363 11.123833656311 11.308666229248 11.2115001678467
8.69099998474121 8.46866703033447 6.96716690063477 5.52166652679443 5.94133329391479 6.80616664886475 6.79649972915649 6.57033348083496 5.91949987411499 5.78283309936523 7.08300018310547 8.10916614532471 8.64400005340576 8.8556661605835 8.85033321380615 8.34733295440674 5.18599987030029 1.10983335971832 3.16799998283386 5.91866683959961 7.60933351516724 9.19183349609375 9.93449974060059 10.1700000762939 10.3606662750244 10.4604997634888 10.5329999923706 10.5874996185303 10.6566667556763 10.7825002670288 10.8194999694824 10.8533334732056 10.5108327865601 9.42716693878174 8.41783332824707 7.27433347702026 6.73316669464111 8.91616630554199 10.2583332061768 10.9136667251587 11.1315002441406 11.1041669845581 11.3956661224365 11.4953336715698 11.1326665878296 10.7216663360596 10.7728328704834 11.0495004653931 10.9618330001831
8.93733310699463 8.76633358001709 7.26583337783813 4.92899990081787 5.62783336639404 6.72599983215332 6.53783321380615 5.93650007247925 5.60650014877319 5.31566667556763 6.32000017166138 7.99116659164429 8.64350032806396 8.89299964904785 8.86416625976562 8.58566665649414 5.72200012207031 1.96033334732056 3.14050006866455 4.54699993133545 5.63266658782959 7.76283359527588 9.35283374786377 10.0410003662109 10.1841669082642 9.83333301544189 9.59249973297119 9.22916698455811 10.0093336105347 10.3725004196167 10.5681667327881 10.7661666870117 10.6931667327881 10.2434997558594 9.69416618347168 8.70233345031738 7.48816680908203 9.03933334350586 9.72550010681152 10.574333190918 10.9486665725708 10.9650001525879 11.316333770752 11.4586668014526 11.2433338165283 10.8511667251587 10.7829999923706 11.0098333358765 10.5045003890991
9.11233329772949 8.85649967193604 7.17866659164429 5.67500019073486 5.74383306503296 6.54549980163574 6.05366659164429 5.27099990844727 5.5198335647583 4.75783348083496 6.53749990463257 8.1269998550415 8.80666637420654 8.94699954986572 8.85299968719482 8.76949977874756 6.59966659545898 2.81266665458679 3.18549990653992 4.78666687011719 6.5111665725708 7.72516679763794 8.84416675567627 9.71199989318848 10.0116662979126 9.7281665802002 8.99266624450684 8.58166694641113 9.1428337097168 9.37433338165283 9.8633337020874 10.4408330917358 10.626166343689 10.4720001220703 10.0598335266113 9.57966613769531 8.98083305358887 9.22066688537598 10.15149974823 10.6448335647583 10.8676671981812 10.6575002670288 11.1243333816528 11.440333366394 11.3424997329712 11.0798330307007 11.0068330764771 10.8719997406006 9.81633377075195
9.30649948120117 8.80099964141846 6.94216680526733 5.79500007629395 6.19583320617676 6.3808331489563 6.08949995040894 5.59999990463257 5.61633348464966 5.8125 7.35899972915649 8.4603328704834 8.97833347320557 8.98416614532471 8.81616687774658 8.74666690826416 7.1783332824707 3.70233345031738 2.94766664505005 4.31766653060913 6.12966680526733 7.80849981307983 8.98416709899902 9.67850017547607 9.97383308410645 9.83583354949951 9.48649978637695 8.80099964141846 8.21933364868164 8.14050006866455 8.83466625213623 9.76633358001709 10.2714996337891 10.3361663818359 9.71500015258789 9.43966674804688 9.65833282470703 9.87650012969971 10.7810001373291 10.9911670684814 10.7980003356934 10.4748334884644 11.0675001144409 11.4340000152588 11.2728338241577 11.125 11.0628337860107 10.5911664962769 9.66549968719482
9.40683364868164 8.68266677856445 6.58716678619385 5.90549993515015 6.44083309173584 6.28566646575928 6.1138334274292 5.90716648101807 5.94183349609375 6.71016645431519 7.84216690063477 8.67099952697754 9.05683326721191 9.03883361816406 8.90050029754639 8.85866641998291 7.47749996185303 4.56983327865601 4.81150007247925 4.92516660690308 5.33900022506714 7.98849964141846 9.4238338470459 9.8866662979126 9.97016620635986 9.85999965667725 9.75066661834717 8.96533298492432 8.20133304595947 8.02050018310547 8.39433288574219 8.95633316040039 9.87516689300537 9.89050006866455 9.02750015258789 9.22433376312256 9.90583324432373 10.2975006103516 10.7379999160767 10.8210000991821 10.5931663513184 10.8571662902832 11.1969995498657 11.3280000686646 11.1284999847412 11.0446662902832 10.9796667098999 10.5661668777466 9.95716667175293
9.44466686248779 7.86483335494995 6.05016660690308 6.24049997329712 6.73649978637695 6.60333347320557 5.74900007247925 5.78849983215332 6.75133323669434 7.75633335113525 8.33583354949951 8.71100044250488 9.00983333587646 9.07066631317139 9.07883358001709 9.05049991607666 8.10083293914795 6.25549983978271 6.3343334197998 6.3919997215271 5.40783309936523 8.1961669921875 9.71500015258789 9.92216682434082 9.9283332824707 9.94449996948242 9.78316688537598 9.13033294677734 9.14866638183594 9.01083278656006 7.94999980926514 8.51433372497559 9.5930004119873 9.29666709899902 8.89933300018311 9.57733345031738 10.1203336715698 10.4805002212524 10.7490005493164 10.8360004425049 10.5598335266113 10.9588327407837 11.1106662750244 11.1378335952759 11.022500038147 11.0388336181641 10.8771667480469 10.3121671676636 10.3234996795654
9.33800029754639 7.82033348083496 6.4888334274292 6.68233346939087 7.16066646575928 6.74766683578491 5.37449979782104 5.60699987411499 7.35299968719482 8.31799983978271 8.71566677093506 8.69466686248779 8.52400016784668 8.84816646575928 9.01833343505859 9.08866691589355 8.72083377838135 7.77716636657715 7.32216644287109 7.54766654968262 6.8071665763855 8.68883323669434 9.8038330078125 9.78933334350586 9.75183296203613 9.73216724395752 9.66100025177002 9.59083366394043 9.48816680908203 9.29816627502441 8.44649982452393 9.06066703796387 9.96000003814697 9.77383327484131 8.78983306884766 9.49283313751221 10.1400003433228 10.5550003051758 10.7965002059937 10.9969997406006 11.0419998168945 11.123833656311 11.0789995193481 11.0086669921875 11.0048332214355 11.0198335647583 10.6680002212524 10.2819995880127 10.3943338394165
8.29866695404053 6.28749990463257 5.82216644287109 6.76266670227051 7.56650018692017 7.42066669464111 5.83166646957397 4.14100027084351 7.03333330154419 8.510666847229 8.83599948883057 8.76833343505859 8.06983375549316 8.31833362579346 8.81700038909912 9.09133338928223 8.99916648864746 8.62150001525879 8.34799957275391 8.50583362579346 8.76566696166992 9.43333339691162 9.78583335876465 9.68783283233643 9.19983386993408 8.74499988555908 8.82633304595947 9.33766651153564 9.48600006103516 9.39033317565918 9.75066661834717 10.1905002593994 10.4108333587646 10.0901670455933 8.16699981689453 8.94083309173584 9.6118335723877 10.2553329467773 10.7931661605835 11.0416669845581 11.0993337631226 10.9543333053589 10.7705001831055 10.7285003662109 10.7961664199829 10.6370000839233 10.3368330001831 10.408166885376 10.2480001449585
