model/data/bioclim/bclim4.asc
NCOLS 300 
NROWS 300 
XLLCORNER -125.25 
YLLCORNER 30.75 
CELLSIZE 0.0416666666666667 
NODATA_value -3.4e+38 
[rows 66 to 87 of 300, columns 49 to 97 of 300]
612.692565917969 631.4599609375 618.48193359375 623.381530761719 590.419067382812 561.200134277344 592.353881835938 600.225341796875 594.234619140625 609.771850585938 604.604919433594 634.6650390625 676.27783203125 715.700805664062 733.46923828125 744.992919921875 744.610717773438 740.862426757812 742.221801757812 743.047119140625 741.173522949219 743.726684570312 747.674377441406 752.18310546875 772.638610839844 787.927978515625 777.527648925781 765.039733886719 738.22412109375 708.669494628906 677.484191894531 652.229248046875 640.707885742188 635.463989257812 633.766052246094 630.386779785156 627.56005859375 620.728393554688 605.509216308594 607.263916015625 613.651245117188 632.456298828125 645.887451171875 647.336242675781 644.451354980469 649.644653320312 639.729919433594 641.533447265625 651.843688964844
592.760437011719 617.232849121094 613.575317382812 602.230529785156 569.924743652344 556.832275390625 578.624816894531 606.05859375 633.910095214844 664.71142578125 675.752990722656 688.030395507812 721.73193359375 750.703491210938 759.0693359375 763.59326171875 756.101196289062 749.882446289062 747.113403320312 749.427368164062 752.111083984375 750.353820800781 740.874816894531 728.870300292969 749.083374023438 780.407409667969 780.178161621094 771.292846679688 759.12548828125 747.1416015625 732.346740722656 717.780090332031 697.846313476562 665.868774414062 644.0244140625 630.972717285156 618.862182617188 612.948120117188 600.336669921875 605.952575683594 633.952697753906 631.136108398438 646.203430175781 655.5078125 653.125366210938 635.822998046875 638.452697753906 640.46923828125 649.51171875
574.446533203125 558.7373046875 584.834228515625 601.406677246094 585.138549804688 587.936584472656 595.003662109375 629.388610839844 642.44580078125 683.591857910156 720.147705078125 729.186950683594 742.432922363281 757.563110351562 763.465087890625 765.061828613281 760.917663574219 759.312744140625 757.860717773438 755.234619140625 751.739135742188 747.817810058594 740.574279785156 728.3876953125 736.822265625 764.600830078125 780.470275878906 787.710388183594 785.406860351562 763.361022949219 737.570983886719 730.462524414062 720.58740234375 691.153564453125 646.603942871094 621.878662109375 614.08056640625 610.0380859375 603.631164550781 616.9345703125 633.061645507812 635.6953125 643.920043945312 653.483093261719 654.016357421875 658.367980957031 650.241149902344 638.577514648438 649.500122070312
554.774536132812 545.214050292969 573.6240234375 584.416931152344 593.351135253906 612.211669921875 620.812805175781 644.570617675781 679.294677734375 713.586059570312 729.228454589844 744.748046875 752.750122070312 753.328247070312 755.325439453125 756.034606933594 758.805786132812 760.588745117188 755.142456054688 749.637084960938 746.93310546875 747.150390625 752.013488769531 748.853881835938 745.081115722656 761.376770019531 784.447448730469 792.645446777344 775.888427734375 739.650573730469 702.266296386719 711.57958984375 711.076171875 689.930480957031 657.457397460938 634.126525878906 617.188232421875 615.045959472656 618.217163085938 623.72802734375 632.182189941406 644.86083984375 653.576171875 662.569213867188 671.866821289062 675.099609375 674.197082519531 677.494812011719 666.354309082031
577.919494628906 553.956604003906 563.674560546875 564.736267089844 593.579040527344 614.910766601562 633.859802246094 628.817810058594 655.523681640625 703.019592285156 723.654663085938 740.878356933594 748.805297851562 743.785461425781 739.503784179688 743.207458496094 756.861938476562 763.487060546875 754.587341308594 747.302612304688 748.744567871094 753.651306152344 759.226684570312 758.945861816406 756.784851074219 764.922180175781 784.272766113281 786.150817871094 772.287231445312 752.619140625 728.103332519531 716.348754882812 704.7490234375 677.432983398438 644.049072265625 623.467224121094 607.411682128906 600.109069824219 612.979309082031 626.974914550781 640.01611328125 649.680969238281 660.806030273438 665.0966796875 662.231018066406 666.98095703125 685.021240234375 691.063720703125 686.168212890625
574.451904296875 572.552551269531 577.701232910156 558.718566894531 552.76806640625 574.655944824219 611.1591796875 601.257080078125 626.028381347656 670.968566894531 705.037292480469 731.2548828125 737.879577636719 739.614013671875 742.755554199219 742.743957519531 749.64013671875 752.534912109375 745.207336425781 739.460510253906 741.227111816406 742.942260742188 741.780700683594 744.460083007812 750.705017089844 766.990478515625 775.765686035156 772.43212890625 766.433227539062 755.459777832031 741.231750488281 725.786254882812 711.02880859375 681.880859375 644.671630859375 626.625854492188 614.380065917969 603.249755859375 602.83935546875 625.592651367188 634.252197265625 648.607177734375 659.57421875 662.197570800781 667.092651367188 663.678405761719 680.636108398438 677.166748046875 666.088684082031
545.495788574219 563.210266113281 579.796264648438 571.111389160156 550.795227050781 547.023620605469 572.489990234375 576.154541015625 604.197570800781 638.269592285156 682.682189941406 714.436950683594 733.660278320312 733.742309570312 736.00634765625 739.240173339844 740.7744140625 739.551635742188 736.807983398438 736.025756835938 736.8935546875 737.112426757812 733.237854003906 729.859558105469 737.160705566406 760.116821289062 762.427612304688 767.58984375 769.110046386719 760.610595703125 747.735534667969 734.807861328125 724.612182617188 694.091064453125 647.967895507812 628.860900878906 624.973205566406 623.768798828125 618.610595703125 620.235473632812 639.40673828125 651.710083007812 635.817993164062 623.684936523438 633.309448242188 663.748657226562 679.903381347656 685.949340820312 674.130493164062
551.581909179688 541.686767578125 574.168579101562 569.587768554688 546.592895507812 533.455932617188 537.711730957031 552.03369140625 579.140075683594 624.794250488281 658.346130371094 685.377868652344 712.622863769531 722.614013671875 731.92822265625 735.527221679688 732.667724609375 734.394958496094 737.72509765625 741.36474609375 740.84033203125 737.799499511719 737.612854003906 726.113098144531 722.248657226562 734.585021972656 747.393310546875 755.937438964844 758.681030273438 751.30712890625 741.621887207031 728.986938476562 716.45263671875 704.029357910156 682.311279296875 663.924743652344 658.934509277344 644.709899902344 628.273864746094 632.350830078125 644.107055664062 633.522033691406 628.728698730469 625.50390625 636.2236328125 656.369262695312 671.155456542969 681.038208007812 686.053344726562
560.788024902344 538.636657714844 544.023986816406 546.75732421875 547.332214355469 544.109375 569.510986328125 569.177429199219 559.677062988281 561.771301269531 612.942932128906 665.625 691.39501953125 703.616333007812 714.5498046875 722.597106933594 723.560180664062 730.2763671875 738.311828613281 743.289001464844 741.442443847656 738.875183105469 742.4384765625 730.706909179688 706.92431640625 697.356201171875 713.59326171875 740.255432128906 749.256164550781 747.276062011719 737.82080078125 726.550415039062 725.217041015625 712.454650878906 691.655334472656 667.69140625 645.233703613281 647.809509277344 637.290283203125 636.28076171875 619.571899414062 616.500732421875 617.954406738281 623.416076660156 637.510498046875 654.378295898438 678.406005859375 680.147277832031 684.783386230469
544.462158203125 529.532409667969 530.858459472656 537.47119140625 552.067932128906 547.585144042969 558.302307128906 574.567077636719 594.071716308594 592.567993164062 603.884643554688 629.202209472656 667.717346191406 677.263122558594 692.427978515625 707.204223632812 717.238464355469 727.045776367188 734.246459960938 738.310791015625 739.664489746094 743.74072265625 749.764526367188 736.616027832031 706.17919921875 681.222717285156 685.457153320312 722.192687988281 743.174438476562 743.356567382812 737.923400878906 729.265380859375 723.510131835938 714.190002441406 700.219360351562 677.509826660156 668.223693847656 649.519226074219 631.248596191406 633.061645507812 625.060974121094 617.6806640625 616.903564453125 617.433898925781 629.919311523438 651.331848144531 682.032104492188 691.747009277344 670.663757324219
537.826477050781 532.479919433594 534.114318847656 548.478149414062 546.682678222656 550.323059082031 567.322265625 562.756469726562 565.082336425781 573.162353515625 577.260864257812 579.953735351562 629.12060546875 667.029296875 681.010375976562 700.267883300781 714.313232421875 722.812805175781 728.464782714844 736.92822265625 742.832397460938 745.758422851562 745.289855957031 726.196411132812 703.208435058594 684.751525878906 678.125549316406 716.369506835938 747.552612304688 744.627746582031 735.964477539062 727.685180664062 722.560668945312 713.919189453125 701.112243652344 677.107238769531 658.354064941406 638.418334960938 627.879638671875 619.795043945312 618.723449707031 612.575134277344 609.327514648438 618.615966796875 638.019470214844 648.757568359375 687.464233398438 692.907897949219 676.434936523438
549.031921386719 529.205078125 552.085693359375 548.536926269531 544.368286132812 545.304992675781 552.208740234375 556.825805664062 544.898254394531 564.335815429688 566.9580078125 579.739318847656 606.690795898438 649.674072265625 681.973999023438 703.097839355469 713.732116699219 720.200134277344 720.556701660156 729.860107421875 742.96142578125 743.94287109375 732.098205566406 712.253967285156 698.275268554688 691.134521484375 686.377197265625 707.921325683594 741.275390625 742.848999023438 741.041564941406 734.284423828125 724.849060058594 706.437561035156 677.173095703125 639.525939941406 634.113708496094 636.313903808594 620.25732421875 615.539306640625 608.198486328125 603.373291015625 607.574279785156 624.203186035156 647.119201660156 668.062255859375 686.625305175781 694.053955078125 681.585876464844
540.301147460938 532.132019042969 559.85595703125 574.035095214844 550.424438476562 535.428527832031 541.236083984375 560.79638671875 567.053466796875 582.809448242188 565.099853515625 566.307861328125 595.302124023438 639.541564941406 683.277160644531 704.63232421875 713.408264160156 718.818542480469 716.423706054688 719.716003417969 732.095397949219 733.54443359375 718.925170898438 705.50537109375 699.004333496094 697.77490234375 695.33544921875 686.378723144531 714.1953125 735.388000488281 750.221740722656 747.522705078125 731.474548339844 702.536682128906 667.840637207031 635.653076171875 625.18115234375 627.711547851562 620.773986816406 606.088134765625 604.183288574219 599.923156738281 611.075805664062 626.496520996094 633.957458496094 652.0966796875 672.953674316406 648.633361816406 657.468872070312
547.529174804688 532.790283203125 523.294494628906 538.834899902344 575.6806640625 562.581237792969 540.019470214844 558.633117675781 581.361938476562 560.651794433594 551.470947265625 546.606201171875 589.235717773438 635.226684570312 682.897521972656 704.851806640625 712.946228027344 715.350036621094 715.308959960938 715.695739746094 719.00146484375 717.844848632812 705.572143554688 697.044372558594 694.983032226562 698.375793457031 692.114135742188 667.005493164062 687.38671875 728.114074707031 746.6435546875 747.408569335938 738.42578125 710.829223632812 676.2724609375 642.259582519531 631.889404296875 624.198059082031 627.567749023438 608.989624023438 611.797180175781 601.233825683594 621.008239746094 637.007995605469 647.052124023438 666.667236328125 652.813354492188 626.052429199219 635.49560546875
548.429443359375 552.7529296875 541.904907226562 545.486083984375 576.695678710938 552.912841796875 534.213500976562 553.919250488281 578.577209472656 567.450805664062 574.938720703125 571.795227050781 588.651062011719 645.674255371094 693.164001464844 710.335205078125 712.261657714844 709.106506347656 710.345764160156 713.974731445312 716.8916015625 712.226379394531 700.962036132812 695.877807617188 691.771911621094 691.969421386719 687.728271484375 658.223388671875 668.288452148438 702.502197265625 721.614501953125 732.597717285156 738.364929199219 716.900024414062 681.992736816406 661.07666015625 649.456848144531 631.989318847656 626.139099121094 618.444091796875 618.526733398438 609.675659179688 622.950927734375 642.484985351562 662.323547363281 647.582702636719 639.876342773438 634.556335449219 637.950744628906
597.815063476562 603.265869140625 572.919189453125 586.748413085938 558.017395019531 534.136657714844 534.640625 551.422241210938 569.757019042969 574.5380859375 583.629943847656 594.588195800781 624.368041992188 671.656311035156 700.768127441406 714.496337890625 711.800415039062 706.797058105469 709.749145507812 713.42578125 712.039855957031 709.22119140625 707.964660644531 708.639465332031 700.469604492188 692.198364257812 687.260131835938 659.586791992188 647.448913574219 661.205017089844 689.61669921875 713.388061523438 729.191650390625 717.774108886719 690.664367675781 672.834167480469 655.112243652344 645.677551269531 632.582702636719 631.384826660156 623.8828125 613.04833984375 628.727661132812 645.621154785156 635.333984375 628.099670410156 621.692138671875 622.907043457031 625.412475585938
617.783508300781 626.299438476562 607.561401367188 606.524963378906 581.527954101562 562.659545898438 540.340698242188 560.359375 574.006469726562 572.704772949219 558.553161621094 567.168762207031 591.894775390625 639.395751953125 678.329772949219 708.460754394531 714.383178710938 706.575744628906 705.17529296875 702.513366699219 697.80322265625 699.174987792969 702.601623535156 704.257690429688 689.559387207031 669.527770996094 664.464294433594 657.194519042969 644.670837402344 647.874938964844 664.987915039062 684.296569824219 703.54150390625 711.210815429688 702.41845703125 682.36962890625 664.212097167969 650.490051269531 639.687255859375 637.057983398438 631.075317382812 632.765014648438 643.026916503906 620.894653320312 602.875122070312 602.257934570312 606.13623046875 608.563781738281 610.780578613281
613.052001953125 610.625183105469 580.779113769531 561.35400390625 580.161560058594 579.168640136719 550.800720214844 532.535095214844 553.891784667969 585.265502929688 600.593505859375 600.445190429688 576.372375488281 605.742309570312 649.411254882812 691.233032226562 709.141296386719 706.59716796875 704.17529296875 699.251892089844 697.728393554688 695.001770019531 677.238098144531 669.669250488281 662.750427246094 653.187866210938 653.472473144531 654.807556152344 645.910827636719 641.073852539062 650.900756835938 663.650146484375 678.785339355469 695.177551269531 700.122131347656 691.125122070312 676.354858398438 660.334594726562 652.741149902344 646.130737304688 638.892333984375 637.4345703125 627.260498046875 608.878723144531 606.867431640625 593.434326171875 594.643188476562 597.682861328125 613.078063964844
603.828125 598.955627441406 580.063842773438 554.647277832031 541.889282226562 551.513916015625 569.246032714844 532.741088867188 530.638366699219 545.572692871094 581.600830078125 614.945007324219 613.259887695312 609.25244140625 632.767944335938 676.679626464844 701.214477539062 702.698608398438 700.917175292969 703.785583496094 701.842468261719 681.703186035156 651.596252441406 651.973876953125 659.287414550781 656.994567871094 651.645141601562 652.494140625 647.055358886719 641.266296386719 638.302429199219 643.703979492188 655.420654296875 676.037536621094 697.342407226562 699.882568359375 684.558410644531 673.685241699219 663.795166015625 653.975952148438 647.403381347656 647.490844726562 633.468200683594 620.351867675781 617.021423339844 606.086975097656 605.835083007812 608.817260742188 614.742370605469
591.260864257812 604.193359375 601.465270996094 569.226135253906 551.630676269531 531.038024902344 557.415832519531 553.197937011719 539.715026855469 554.320190429688 568.158325195312 602.688354492188 620.622375488281 629.708618164062 641.868835449219 682.963623046875 704.197692871094 704.709655761719 698.690673828125 698.7998046875 694.788879394531 672.532165527344 649.450561523438 652.838012695312 659.152526855469 651.941101074219 649.044311523438 649.600219726562 646.857482910156 636.476135253906 629.553955078125 634.350341796875 643.524047851562 658.768676757812 686.644775390625 706.685363769531 698.541870117188 685.13037109375 675.592468261719 665.242614746094 655.615051269531 648.402893066406 633.868530273438 627.135498046875 609.074951171875 601.948608398438 611.279663085938 603.638732910156 612.7158203125
575.051025390625 594.164001464844 597.131713867188 572.870544433594 546.100952148438 527.924438476562 548.046142578125 562.236572265625 546.614379882812 559.037048339844 572.737854003906 576.738525390625 593.211547851562 618.739807128906 647.280334472656 689.938232421875 707.508056640625 701.587768554688 695.15234375 690.41015625 687.757141113281 680.285461425781 663.639587402344 656.785095214844 658.940185546875 655.533752441406 642.580200195312 636.950805664062 637.205505371094 629.651184082031 628.756896972656 630.982666015625 635.835144042969 646.297790527344 662.939453125 685.832580566406 703.343505859375 700.538696289062 694.146545410156 681.195495605469 663.037292480469 642.885681152344 632.399597167969 623.76904296875 612.842834472656 619.056274414062 623.0771484375 607.748229980469 610.416564941406
562.467468261719 577.734008789062 601.173706054688 591.605346679688 557.02294921875 527.37158203125 526.822937011719 546.189086914062 566.849853515625 552.064880371094 554.11572265625 554.422912597656 579.020263671875 604.301513671875 649.659545898438 692.034729003906 703.850830078125 693.692932128906 687.290954589844 684.819580078125 682.213684082031 676.799499511719 661.176818847656 643.56591796875 645.99658203125 643.672729492188 623.144958496094 615.139770507812 614.231384277344 623.292785644531 633.6796875 630.980712890625 627.240173339844 628.696166992188 632.711242675781 655.135681152344 695.497436523438 706.828674316406 700.00048828125 696.516845703125 681.144775390625 653.547546386719 637.674926757812 628.185729980469 629.195373535156 633.8935546875 620.938903808594 605.355285644531 600.202331542969
