model/data/bioclim/bclim4.asc
NCOLS 300 
NROWS 300 
XLLCORNER -125.250000000003 
YLLCORNER 30.7499999999996 
CELLSIZE 0.041666666666667 
NODATA_value -32768 
[rows 140 to 174 of 300, columns 80 to 159 of 300]
3970 4236 4681 5039 5259 5401 5524 5561 5609 5687 5788 5848 5884 5938 5996 6031 6096 6111 6132 6150 6198 6249 6278 6313 6332 6348 6378 6383 6399 6422 6446 6454 6466 6477 6466 6498 6532 6529 6571 6589 6631 6650 6670 6688 6684 6673 6644 6645 6666 6693 6630 6598 6567 6486 6421 6333 5966 5725 5538 5683 6156 6240 6334 6416 5823 5678 5863 5839 5670 5702 5732 5702 5557 5440 5362 5330 5343 5726 6437 7037
4038 4163 4358 4803 5110 5294 5511 5566 5550 5640 5695 5816 5872 5879 5956 6014 6067 6112 6140 6176 6217 6255 6271 6326 6339 6372 6368 6385 6394 6417 6418 6435 6446 6438 6468 6502 6511 6535 6576 6577 6641 6618 6674 6685 6703 6690 6690 6681 6708 6724 6754 6621 6637 6604 6565 6463 6278 5983 5867 5588 5957 6396 6570 6305 5969 5669 5625 5814 5863 5837 5744 5620 5550 5432 5310 5285 5494 5748 5602 6558
4072 4168 4311 4546 4972 5139 5408 5612 5582 5623 5673 5775 5884 5877 5906 5975 6036 6062 6116 6160 6211 6249 6281 6321 6336 6379 6395 6406 6396 6399 6417 6427 6418 6446 6463 6486 6522 6532 6557 6608 6611 6626 6685 6697 6708 6703 6742 6734 6740 6731 6716 6683 6555 6472 6565 6491 6430 6300 5995 5667 5854 6232 6408 5777 5543 5471 5525 5532 5673 5747 5810 5582 5361 5416 5321 5309 5398 5384 5592 6253
4105 4174 4297 4533 4842 4991 5197 5472 5591 5559 5586 5677 5746 5771 5868 5902 5995 6068 6102 6142 6227 6269 6288 6310 6345 6391 6397 6393 6410 6420 6412 6422 6449 6437 6448 6481 6504 6533 6589 6631 6610 6636 6671 6679 6705 6708 6730 6744 6739 6715 6706 6728 6619 6542 6468 6403 6396 6499 6173 5813 5826 6271 6371 5506 5472 5469 5527 5505 5458 5459 5675 5629 5450 5399 5383 5504 5388 5293 5504 5962
4163 4177 4294 4357 4635 4827 4946 5249 5443 5533 5499 5593 5624 5691 5816 5869 5945 6030 6107 6146 6202 6238 6288 6330 6352 6389 6405 6395 6418 6442 6448 6437 6421 6450 6442 6491 6542 6555 6587 6611 6619 6632 6663 6691 6703 6723 6728 6754 6745 6734 6723 6776 6688 6633 6609 6637 6521 6517 6481 6163 6025 6434 6381 5675 5541 5526 5511 5508 5487 5431 5525 5636 5608 5659 5535 5327 5353 5310 5441 5740
4329 4298 4292 4380 4362 4582 4783 5009 5326 5378 5427 5567 5582 5687 5783 5857 5941 5999 6080 6164 6188 6208 6248 6278 6329 6371 6391 6390 6406 6443 6451 6442 6429 6447 6474 6503 6505 6556 6570 6617 6626 6640 6688 6688 6695 6726 6733 6741 6755 6757 6747 6765 6720 6647 6700 6743 6671 6686 6619 6511 6417 6581 6301 6144 5701 5484 5473 5452 5449 5459 5475 5476 5443 5423 5458 5505 5432 5272 5382 5468
4518 4373 4433 4424 4435 4457 4554 4790 5065 5335 5334 5501 5514 5565 5711 5796 5881 5955 6044 6106 6176 6207 6239 6279 6287 6314 6340 6387 6385 6408 6422 6434 6446 6441 6466 6490 6509 6560 6603 6607 6632 6666 6693 6701 6725 6737 6747 6754 6770 6772 6749 6781 6773 6768 6780 6702 6714 6818 6790 6773 6739 6413 6021 5821 5570 5486 5490 5465 5389 5500 5557 5536 5568 5456 5380 5396 5339 5303 5262 5292
4201 4595 4528 4372 4345 4408 4441 4542 4792 5179 5240 5445 5479 5512 5554 5691 5826 5917 5975 6054 6139 6142 6229 6245 6293 6306 6335 6330 6378 6398 6424 6430 6426 6440 6479 6511 6550 6580 6605 6600 6655 6682 6704 6704 6727 6761 6748 6729 6757 6760 6749 6777 6769 6802 6802 6738 6790 6755 6781 6441 6466 6312 5932 5949 5748 5521 5599 5477 5429 5447 5573 5571 5624 5573 5418 5325 5266 5252 5296 5562
3985 4268 4422 4456 4323 4330 4361 4435 4602 4824 5072 5221 5396 5404 5430 5593 5752 5802 5889 5993 6096 6150 6203 6201 6247 6280 6304 6298 6341 6372 6373 6420 6429 6461 6464 6520 6535 6550 6572 6620 6656 6666 6708 6699 6741 6751 6772 6736 6749 6771 6774 6785 6780 6782 6817 6815 6824 6791 6768 6503 6333 6205 6027 6276 6184 5788 5840 5584 5511 5484 5557 5714 5563 5526 5491 5430 5341 5349 5347 5581
3559 3771 3847 3978 4277 4177 4136 4320 4476 4582 4827 5054 5139 5168 5321 5530 5677 5756 5853 5937 6046 6120 6172 6193 6205 6236 6271 6279 6317 6341 6352 6411 6402 6452 6464 6492 6509 6543 6556 6595 6666 6704 6707 6715 6752 6751 6787 6743 6760 6774 6765 6773 6774 6800 6814 6800 6806 6827 6801 6725 6685 6546 6562 6487 6524 6038 5917 5788 5639 5622 5726 5659 5508 5460 5461 5448 5381 5489 5716 5665
3088 3252 3291 3335 3633 4277 4324 4353 4293 4351 4469 4613 4795 4998 5305 5515 5648 5814 5784 5864 5944 6053 6121 6166 6171 6187 6214 6229 6286 6324 6336 6391 6416 6468 6485 6505 6519 6566 6585 6616 6630 6690 6700 6732 6769 6744 6777 6761 6763 6786 6768 6771 6767 6795 6814 6815 6841 6850 6837 6812 6778 6768 6781 6704 6763 6440 6353 6122 5573 5674 5908 5587 5507 5499 5684 5585 5540 5542 6024 6077
2917 2982 2983 2992 3162 3550 4070 4041 4091 4128 4241 4348 4487 4699 5118 5453 5662 5698 5761 5802 5889 5947 6047 6106 6146 6192 6179 6222 6240 6272 6325 6368 6363 6418 6449 6480 6549 6581 6593 6580 6617 6690 6685 6749 6752 6767 6787 6774 6793 6786 6761 6777 6780 6789 6805 6824 6828 6839 6811 6806 6806 6846 6830 6783 6820 6522 6758 6319 5827 6114 5892 5600 5550 5645 5856 5893 6101 5943 5885 5664
-32768 2766 2777 2806 3019 3221 3488 3738 3823 4091 4113 4172 4279 4494 4928 5399 5616 5690 5737 5784 5891 5957 5986 6101 6138 6219 6212 6196 6224 6248 6289 6338 6356 6411 6464 6508 6520 6544 6598 6603 6620 6671 6702 6703 6722 6759 6754 6792 6778 6783 6802 6785 6805 6814 6812 6818 6835 6844 6833 6820 6792 6829 6795 6885 6853 6763 6869 6845 6657 6368 6157 6095 5779 5678 6105 6178 5561 5474 5523 5494
-32768 -32768 2626 2754 2909 3109 3327 3595 3648 3720 3839 3986 4112 4322 4667 5205 5506 5572 5729 5764 5848 5947 5999 6057 6126 6193 6220 6186 6185 6221 6251 6313 6376 6392 6417 6499 6539 6526 6581 6652 6632 6667 6732 6714 6734 6761 6779 6803 6774 6775 6794 6794 6791 6824 6834 6815 6834 6830 6848 6851 6819 6844 6838 6862 6836 6724 6779 6907 6929 6864 6805 6751 6622 6628 6280 5758 5654 5775 5547 5492
-32768 -32768 2570 2611 2756 3032 3210 3505 3780 3928 3917 4005 3999 4247 4633 4893 5347 5484 5660 5755 5798 5901 5962 6042 6104 6132 6162 6148 6157 6223 6276 6288 6350 6398 6424 6445 6486 6558 6562 6613 6612 6680 6696 6683 6766 6754 6783 6770 6801 6812 6792 6826 6829 6856 6856 6840 6828 6825 6818 6825 6844 6826 6836 6812 6831 6792 6642 6641 6798 6368 6123 6018 6424 6474 6534 6296 6361 6351 5976 5970
-32768 -32768 2425 2493 2615 2777 2943 3149 3673 4417 4673 4479 4376 4293 4483 4873 5184 5453 5574 5719 5775 5852 5949 5991 6045 6050 6115 6165 6183 6214 6254 6281 6334 6375 6423 6450 6479 6526 6549 6616 6620 6664 6685 6699 6735 6712 6778 6782 6815 6812 6796 6831 6832 6834 6849 6817 6833 6836 6799 6839 6814 6821 6814 6812 6800 6801 6726 6540 6415 6376 5979 5901 6119 5817 6044 5911 5871 6032 6193 6181
-32768 -32768 2305 2401 2512 2616 2771 2938 3460 4027 4646 4770 4628 4450 4440 4617 5102 5346 5509 5635 5752 5809 5829 5937 6009 6060 6164 6237 6235 6204 6242 6280 6314 6364 6427 6452 6482 6519 6569 6604 6616 6641 6682 6703 6721 6742 6793 6774 6797 6805 6808 6841 6855 6848 6862 6837 6818 6814 6836 6819 6812 6828 6798 6780 6823 6784 6811 6824 6678 6320 5988 5810 5849 5694 5756 5741 5550 5705 5936 5959
-32768 -32768 2245 2332 2407 2516 2624 2750 3007 3714 4480 4733 4910 4764 4545 4544 4940 5136 5478 5600 5691 5763 5818 5878 5984 6058 6137 6201 6244 6218 6222 6253 6302 6347 6396 6445 6489 6513 6576 6571 6631 6634 6673 6674 6751 6751 6756 6776 6804 6784 6835 6829 6853 6834 6847 6845 6827 6821 6803 6815 6794 6782 6795 6786 6814 6792 6793 6728 6716 6585 6407 6117 5910 5761 5654 5560 5544 5669 5609 5609
1918 2079 2219 2364 2404 2455 2544 2650 2831 3168 3595 4251 4811 4948 5021 4834 4865 5256 5346 5533 5641 5739 5789 5884 5932 6026 6118 6159 6211 6220 6212 6240 6306 6329 6377 6396 6450 6507 6541 6552 6623 6633 6683 6674 6718 6752 6762 6804 6789 6799 6810 6801 6830 6820 6800 6816 6845 6833 6812 6834 6783 6756 6769 6764 6758 6801 6816 6809 6798 6692 6684 6407 6192 6029 5830 5669 5572 5427 5383 5449
1958 2033 2244 2489 2485 2545 2630 2620 2764 2975 3215 3731 4286 4835 5056 5102 4993 5083 5390 5492 5559 5646 5764 5824 5880 5954 6020 6107 6158 6172 6267 6275 6317 6324 6377 6419 6449 6494 6513 6595 6634 6625 6666 6651 6683 6719 6760 6789 6792 6801 6823 6813 6830 6834 6835 6816 6842 6843 6798 6807 6757 6776 6760 6770 6773 6788 6790 6816 6756 6788 6725 6725 6666 6221 5973 5897 5810 5544 5366 5418
2067 2208 2352 2553 2497 2963 3463 3178 2824 2875 3080 3409 3940 4549 4911 5017 5085 5141 5227 5394 5503 5566 5684 5748 5833 5912 5978 6061 6155 6181 6297 6348 6345 6340 6394 6415 6469 6489 6544 6587 6583 6605 6635 6687 6730 6696 6719 6765 6763 6819 6838 6834 6840 6836 6835 6842 6829 6820 6797 6787 6752 6746 6731 6742 6721 6739 6724 6766 6798 6822 6755 6700 6882 6712 6362 6098 6038 6064 5958 5811
2101 2134 2231 2486 2896 2992 3693 4133 3634 2925 2997 3184 3545 4006 4647 4912 5006 5079 5187 5304 5436 5530 5616 5691 5782 5901 5971 6028 6098 6212 6239 6302 6391 6438 6454 6435 6455 6500 6532 6586 6585 6616 6638 6688 6736 6716 6731 6766 6788 6803 6817 6801 6828 6825 6816 6820 6793 6812 6775 6786 6773 6745 6730 6689 6710 6690 6685 6734 6805 6787 6814 6847 6894 6641 6858 6789 6497 6247 6119 5733
2587 2650 2785 2817 2539 2992 3315 3760 4138 3721 3050 3128 3339 3605 4315 4704 4900 5044 5068 5273 5389 5486 5582 5651 5658 5768 5897 6021 6074 6137 6229 6223 6262 6430 6485 6491 6496 6513 6550 6574 6615 6623 6659 6661 6713 6730 6738 6784 6762 6800 6842 6801 6827 6830 6837 6851 6805 6777 6778 6769 6780 6752 6716 6683 6686 6644 6631 6661 6733 6744 6797 6832 6876 6925 6846 6429 6115 5738 5717 5645
2473 3242 3188 3026 2812 2860 3093 3483 4013 4254 3777 3277 3262 3423 3684 4212 4686 4991 4947 5146 5244 5420 5529 5610 5652 5756 5756 5870 5998 6059 6164 6196 6320 6415 6488 6526 6512 6528 6558 6593 6624 6636 6650 6666 6694 6707 6737 6751 6764 6787 6802 6842 6835 6839 6830 6865 6837 6771 6810 6763 6762 6715 6713 6681 6644 6639 6641 6593 6635 6663 6789 6812 6847 6861 6626 6658 6366 6129 5680 5639
2129 2797 3514 3481 3321 3086 3106 3413 3717 4217 4389 4096 3597 3399 3530 3732 4251 4424 4628 4876 5092 5327 5433 5577 5621 5689 5785 5772 5785 5736 5834 6035 6260 6381 6478 6526 6540 6553 6582 6587 6604 6669 6672 6681 6706 6736 6754 6733 6768 6769 6793 6832 6852 6823 6852 6831 6828 6827 6813 6787 6742 6736 6701 6673 6631 6625 6621 6560 6559 6570 6715 6749 6844 6854 6406 6222 5854 5771 5537 5327
2135 2574 3024 3389 3667 3576 3440 3854 3910 3913 4148 4382 4240 3629 3536 3676 3870 4167 4546 4865 5092 5274 5366 5455 5552 5591 5672 5795 5747 5661 5639 5670 5964 6101 6325 6507 6578 6615 6621 6617 6644 6670 6684 6694 6706 6726 6726 6742 6757 6778 6808 6810 6854 6880 6887 6887 6856 6824 6786 6785 6778 6744 6741 6681 6638 6613 6587 6570 6547 6603 6791 6780 6823 6806 6705 6494 6153 5699 5593 5451
1850 2066 2797 3112 3607 3552 3821 3994 4175 3911 3702 3936 4167 4079 3554 3655 3754 3945 4297 4646 4942 5120 5191 5322 5453 5546 5546 5623 5768 5766 5694 5777 5839 6003 6099 6125 6371 6641 6695 6655 6656 6675 6687 6699 6719 6731 6770 6771 6755 6780 6839 6848 6844 6875 6854 6875 6864 6816 6810 6775 6763 6756 6731 6692 6649 6610 6576 6594 6574 6637 6750 6805 6798 6467 6370 6075 5922 5718 5544 5482
-32768 1858 2258 2971 3105 3425 3846 3881 3983 4026 3728 3470 3561 3707 3669 3905 3836 3882 4043 4368 4593 4844 5007 5158 5432 5557 5646 5643 5721 5766 5955 6056 6143 6244 6301 6287 6472 6607 6726 6722 6691 6696 6736 6728 6748 6755 6767 6774 6792 6809 6829 6858 6874 6894 6862 6872 6860 6844 6829 6795 6784 6773 6724 6694 6664 6630 6619 6601 6601 6661 6671 6765 6806 6433 6663 6697 6323 5777 5677 5578
-32768 -32768 2017 2279 2977 3262 3392 3831 3652 3533 3419 3590 3832 3919 3880 3986 4152 3872 3943 4143 4436 4746 5015 5235 5288 5446 5604 5689 5702 5797 5822 6000 6169 6287 6416 6504 6591 6665 6737 6738 6714 6723 6746 6752 6746 6781 6785 6790 6802 6814 6844 6847 6872 6891 6892 6878 6848 6856 6830 6816 6801 6779 6764 6699 6698 6681 6631 6608 6638 6647 6770 6806 6830 6817 6896 6847 6406 6002 6159 5787
-32768 -32768 -32768 -32768 2419 2971 3464 3635 3618 3554 3808 4108 4146 4114 3804 4036 4122 4142 3924 4030 4233 4533 4847 5081 5252 5363 5504 5620 5669 5805 5843 5852 5908 6048 6307 6491 6595 6677 6724 6763 6736 6763 6781 6772 6813 6795 6807 6798 6807 6823 6834 6856 6855 6858 6878 6905 6888 6864 6857 6815 6813 6762 6749 6738 6720 6675 6663 6652 6646 6686 6727 6807 6864 6858 6933 6857 6529 6474 6228 5756
-32768 -32768 -32768 -32768 -32768 2289 2818 3514 3493 3679 3820 4125 4236 4163 4162 4111 4066 3987 4013 4016 4150 4368 4636 4900 5119 5272 5471 5595 5655 5654 5802 6020 6006 6060 6235 6448 6594 6655 6703 6749 6759 6777 6802 6793 6807 6806 6815 6822 6813 6831 6837 6841 6882 6898 6909 6881 6847 6871 6854 6828 6819 6792 6776 6737 6743 6713 6688 6693 6680 6682 6730 6785 6842 6866 6897 6901 6688 6378 6344 6167
-32768 -32768 -32768 -32768 -32768 -32768 2268 3010 3487 3879 3785 3629 3769 3929 3959 4032 4231 4066 4075 4125 4129 4226 4456 4728 4949 5131 5388 5521 5642 5715 5731 5851 6095 6173 6260 6442 6550 6629 6659 6713 6754 6811 6839 6830 6814 6787 6808 6809 6824 6838 6826 6847 6869 6892 6878 6868 6880 6881 6853 6851 6844 6801 6802 6771 6771 6745 6745 6731 6725 6752 6783 6785 6832 6864 6914 6762 6240 6017 6044 5861
-32768 -32768 -32768 -32768 -32768 -32768 -32768 2341 3031 3750 3845 3602 3475 3649 3595 3795 3971 4063 4234 4335 4227 4273 4405 4492 4791 5098 5253 5437 5591 5707 5772 5735 5819 6091 6289 6360 6491 6593 6639 6709 6758 6796 6827 6876 6849 6817 6791 6804 6796 6800 6836 6869 6862 6869 6878 6870 6887 6902 6867 6872 6835 6824 6815 6801 6758 6769 6749 6754 6759 6773 6803 6829 6878 6904 6907 6829 6739 6389 6276 5900
-32768 -32768 -32768 -32768 -32768 -32768 -32768 -32768 2702 2945 3498 3593 3613 3812 3675 3563 3720 3832 4035 4365 4446 4476 4488 4485 4619 4921 5189 5386 5529 5622 5764 5818 5806 5787 5949 6230 6336 6470 6593 6656 6707 6769 6817 6860 6848 6864 6795 6776 6807 6791 6826 6836 6854 6876 6884 6893 6901 6898 6869 6869 6855 6847 6826 6839 6793 6791 6773 6803 6802 6820 6836 6861 6897 6922 6937 6908 6663 6604 6197 5792
-32768 -32768 -32768 -32768 -32768 -32768 -32768 -32768 -32768 -32768 2904 3585 3631 3541 3443 3509 3519 3669 3828 4026 4268 4516 4597 4635 4531 4771 5054 5281 5454 5585 5716 5817 5824 5865 5936 5894 5963 6062 6306 6470 6641 6722 6779 6793 6827 6856 6832 6767 6763 6786 6814 6834 6837 6842 6864 6891 6870 6879 6851 6853 6847 6863 6848 6831 6826 6843 6843 6820 6804 6853 6849 6867 6920 6938 6875 6753 6300 6044 5906 5898
