model/data/bioclim/bclim17.asc
NCOLS 300 
NROWS 300 
XLLCORNER -125.250000000003 
YLLCORNER 30.7499999999996 
CELLSIZE 0.041666666666667 
NODATA_value -32768 
[rows 0 to 41 of 300, columns 96 to 191 of 300]
50 45 42 43 40 40 44 43 40 40 40 40 40 40 41 41 42 42 42 42 42 43 43 44 45 46 45 46 44 44 44 46 46 47 47 45 44 44 46 46 46 46 43 43 43 43 43 43 42 40 40 39 39 40 40 40 40 40 40 40 40 40 40 43 42 40 40 40 45 43 41 45 47 48 50 48 46 44 43 41 41 41 41 42 42 42 42 39 39 37 39 43 46 45 49 56
50 46 43 40 40 40 40 43 43 40 40 40 41 42 44 44 44 45 42 42 42 44 44 44 44 44 46 46 44 44 43 44 46 47 48 48 46 44 46 46 47 47 46 46 46 46 44 43 43 42 41 41 41 41 41 40 40 40 40 41 41 40 40 42 42 41 40 40 40 40 40 42 45 51 51 48 42 40 40 41 41 41 41 42 43 40 39 40 39 40 43 46 46 46 48 50
47 46 42 41 41 40 40 41 41 41 41 42 44 45 47 48 48 47 43 42 44 44 44 44 44 46 48 45 44 43 43 45 47 50 48 47 45 46 47 47 47 47 46 46 47 46 47 47 44 44 41 41 41 43 43 41 41 41 41 41 41 40 41 42 42 42 42 42 43 43 42 43 45 48 48 43 40 40 41 41 41 41 41 41 41 40 40 43 43 43 46 45 44 45 46 46
46 43 43 42 41 41 41 41 41 41 44 47 47 48 50 51 48 46 44 44 46 46 45 45 44 47 46 45 45 43 43 46 48 48 47 46 44 45 47 47 47 47 46 46 47 47 47 47 47 47 47 44 41 44 44 42 41 41 41 42 41 42 42 42 42 48 50 45 45 51 51 48 48 48 42 41 41 41 41 43 41 41 41 40 36 39 40 41 43 43 43 43 43 43 43 44
47 46 45 45 43 44 45 45 44 41 45 48 48 46 45 45 47 46 46 47 48 47 45 45 45 44 44 45 44 43 43 44 48 48 47 45 44 47 48 48 47 47 45 47 47 47 47 47 47 47 48 48 45 44 46 45 43 41 41 41 42 45 45 42 43 45 49 53 50 48 48 45 42 42 42 42 41 41 41 41 44 41 41 39 37 36 40 40 43 43 43 43 42 42 42 44
51 49 47 46 50 54 49 49 51 50 49 44 42 40 40 40 46 48 46 48 48 46 46 45 43 43 44 45 44 45 44 47 48 48 48 45 44 48 50 49 49 46 47 48 48 48 47 47 48 48 48 48 48 46 48 48 46 43 42 42 41 42 44 45 46 49 51 56 53 50 48 45 42 40 42 42 42 42 41 41 41 41 39 37 37 37 40 40 40 42 42 43 42 42 42 42
58 54 50 47 48 54 54 54 55 60 58 41 40 40 40 43 47 47 48 48 48 48 46 45 43 44 43 42 43 43 48 50 49 48 48 45 45 51 51 49 47 49 50 48 48 48 48 47 48 48 48 48 48 46 47 48 46 42 43 43 43 44 44 47 49 50 53 53 56 53 45 42 42 45 48 45 42 42 41 41 41 39 39 37 37 39 40 40 40 42 42 42 42 42 42 42
58 55 49 47 47 51 55 55 58 62 51 41 41 40 40 44 48 44 47 48 47 47 46 45 45 45 45 45 45 44 51 55 49 48 48 46 48 51 51 47 47 48 48 48 48 48 48 48 48 46 46 46 47 48 47 49 45 42 43 44 46 47 47 46 50 53 56 56 58 47 41 42 42 50 52 48 45 42 41 41 41 39 39 38 37 37 40 39 38 39 39 41 42 40 40 40
57 53 48 48 48 51 54 57 59 62 44 41 41 41 41 43 47 49 46 45 46 46 46 45 46 46 45 45 45 45 48 50 49 48 48 49 49 49 48 48 46 46 48 48 48 48 45 45 48 48 47 46 46 47 49 49 44 41 44 46 49 53 52 50 50 54 57 58 50 39 42 42 42 48 50 50 46 42 41 41 41 40 39 38 37 37 38 37 37 37 39 39 39 40 42 42
54 50 48 48 48 51 54 55 59 64 46 41 41 41 41 41 43 47 47 44 46 46 46 45 46 46 46 46 45 43 48 49 49 49 49 49 49 48 46 46 44 43 48 48 48 45 45 45 45 45 46 46 46 47 47 47 41 41 44 47 50 53 56 53 53 58 59 56 40 40 42 42 47 50 50 50 46 43 41 39 38 38 38 38 37 37 35 37 39 39 39 41 42 42 40 42
51 49 48 48 48 49 52 55 59 64 50 41 41 41 41 41 41 45 46 45 45 46 45 44 44 45 45 46 47 45 48 47 47 48 48 48 47 46 43 43 43 43 46 47 45 45 45 45 45 45 45 44 45 47 47 47 44 44 47 50 53 56 60 59 58 61 61 44 41 39 40 45 50 50 50 50 47 45 44 41 38 38 38 38 37 37 37 37 39 39 39 39 41 42 42 43
51 49 48 48 48 49 51 55 59 63 54 41 41 41 41 41 41 43 42 45 47 46 45 43 41 41 43 44 47 48 48 46 46 46 46 46 46 43 43 43 43 45 45 45 45 45 45 45 44 44 44 44 44 44 44 47 49 45 47 53 56 60 63 67 66 66 48 41 41 40 40 42 43 44 42 44 44 42 42 41 38 38 38 37 37 37 37 37 37 39 39 41 41 42 42 42
50 48 49 50 50 50 52 55 57 60 61 49 44 41 41 41 41 40 40 41 47 47 45 42 40 40 40 44 48 48 48 44 44 44 43 43 43 43 43 43 43 46 45 45 45 45 43 42 42 43 43 43 44 44 44 47 50 47 47 52 58 62 66 72 72 59 42 41 44 44 37 43 43 42 39 39 39 39 39 40 38 38 38 37 37 37 37 37 37 39 40 42 42 41 42 42
48 49 50 50 50 51 54 54 56 59 62 62 60 54 54 49 42 40 40 40 47 47 44 40 40 40 45 48 48 45 44 43 43 43 43 43 43 43 43 47 48 46 45 45 45 45 43 43 42 42 42 43 43 43 47 48 50 50 47 47 56 61 64 72 77 52 41 40 42 41 38 44 43 41 41 39 39 39 38 38 38 38 38 37 37 37 37 37 37 39 39 41 41 42 42 42
50 50 50 51 51 54 58 58 58 60 62 65 65 62 56 47 52 42 39 39 42 48 44 39 39 42 51 48 48 45 44 42 43 42 42 42 42 42 44 52 48 46 46 45 46 45 45 45 43 42 42 42 42 43 46 50 50 49 48 47 48 53 64 73 74 48 39 38 38 41 44 44 41 40 39 39 39 39 38 38 38 38 38 37 37 37 37 37 37 38 39 40 42 44 44 42
54 51 50 51 51 54 59 62 58 58 62 62 62 60 53 47 53 46 39 39 39 40 43 40 39 43 49 48 47 46 45 45 44 42 42 42 42 44 50 48 46 45 46 46 46 46 45 43 42 42 42 42 42 42 43 47 49 49 50 50 50 53 58 67 59 42 38 37 37 41 43 42 40 38 38 38 39 39 38 38 38 38 38 38 38 37 37 40 40 39 40 41 42 44 44 42
50 50 48 48 49 51 54 58 58 58 63 68 61 56 48 46 53 51 43 40 39 39 40 42 40 46 50 50 52 51 48 46 42 42 42 42 48 49 49 48 46 45 45 45 46 43 42 42 42 42 42 42 42 41 41 44 50 50 51 52 53 55 58 54 49 38 37 37 37 40 42 40 39 38 38 38 39 39 39 38 38 38 40 41 40 37 37 37 40 40 41 41 42 43 42 44
45 45 48 47 46 49 51 53 62 66 62 63 57 53 50 48 49 56 49 44 44 40 40 40 47 54 52 50 51 53 49 46 42 41 41 52 61 52 49 49 48 45 45 45 44 43 42 42 42 42 42 41 41 41 41 41 50 53 53 53 57 61 55 42 42 37 37 37 37 42 42 39 38 37 37 38 39 39 39 39 38 39 41 44 44 38 37 38 40 42 43 43 43 44 44 44
45 47 45 45 46 47 50 55 62 65 59 55 54 52 49 48 48 52 53 46 42 42 42 40 51 55 53 49 46 47 46 43 41 40 41 55 61 56 55 50 48 46 45 44 43 43 43 43 43 43 43 41 41 41 41 41 41 49 53 56 58 61 45 39 39 37 37 37 37 39 37 37 37 37 37 38 40 40 39 39 39 41 41 43 44 38 38 40 43 43 43 43 44 44 43 42
46 45 45 45 45 45 48 50 52 53 54 54 58 54 49 48 51 53 57 49 44 46 46 41 51 55 50 47 47 46 46 43 40 40 44 61 57 57 52 49 49 47 45 43 44 46 46 43 43 43 43 44 43 41 41 41 41 44 47 47 52 48 41 37 37 37 37 37 39 37 37 37 37 37 38 38 40 41 39 41 39 41 41 41 41 40 42 43 44 45 44 43 43 43 43 42
46 50 51 49 46 45 45 48 49 50 50 53 57 55 51 51 53 58 58 53 49 49 43 46 59 55 52 50 47 46 46 44 40 40 52 61 51 49 49 49 48 48 45 45 47 53 53 46 46 46 45 44 44 41 41 41 41 44 44 44 47 47 40 37 37 37 37 39 39 39 38 38 38 39 39 39 40 41 42 44 44 41 42 42 43 43 44 45 45 45 45 43 43 43 43 44
50 48 48 50 47 45 46 48 49 51 51 51 54 60 56 52 52 55 54 51 47 47 43 47 55 58 58 52 47 47 47 47 40 40 45 50 49 49 49 49 49 47 45 47 47 51 55 52 46 45 44 43 43 42 40 40 40 44 44 45 50 45 37 37 37 37 40 42 41 39 38 38 38 39 40 44 44 44 44 44 49 45 43 42 44 46 45 45 45 45 46 44 43 43 43 44
50 47 47 49 49 48 48 49 52 52 51 51 52 58 59 55 51 52 47 45 42 42 43 48 55 59 62 55 50 48 48 50 47 40 40 44 49 49 49 49 49 46 45 47 47 50 52 49 46 45 45 43 43 41 39 39 47 50 47 47 45 41 37 37 36 37 39 42 42 39 41 39 39 39 42 47 50 50 46 45 49 49 45 43 46 49 51 47 46 46 46 45 44 43 43 44
46 45 47 47 51 51 49 49 52 53 53 50 48 53 58 55 48 44 44 41 41 42 47 54 58 55 54 52 48 47 49 52 50 40 40 41 46 49 49 49 48 45 45 45 45 50 46 46 43 43 43 43 43 42 41 41 47 50 48 47 41 38 37 35 36 37 37 40 45 41 41 39 41 42 45 50 55 56 45 42 42 46 45 41 44 48 51 48 47 46 46 46 44 44 43 44
47 44 45 46 49 50 49 50 50 50 53 50 45 48 55 53 50 44 44 41 40 44 50 49 49 51 48 48 47 47 49 52 49 40 40 41 45 49 49 49 45 45 45 45 46 50 48 46 45 43 43 43 44 43 42 44 44 45 44 47 41 40 37 35 37 37 39 39 42 39 39 39 41 42 44 49 53 55 45 42 42 40 41 41 43 48 51 48 48 48 48 47 47 46 45 44
44 44 44 44 46 47 49 49 49 50 51 48 46 45 45 47 45 41 41 41 40 40 48 52 53 51 49 47 47 47 47 49 41 40 40 42 44 49 49 49 48 42 43 45 46 48 49 46 46 44 43 45 45 45 46 44 44 43 41 49 47 43 38 35 35 36 39 40 39 41 42 44 44 45 47 52 53 58 52 49 42 39 39 39 44 48 48 51 49 48 49 50 49 47 47 45
38 41 44 44 46 47 47 49 47 50 50 45 48 45 43 46 43 41 41 41 40 40 45 55 53 51 49 48 48 48 48 45 39 39 39 41 47 49 49 48 45 42 42 45 48 48 48 49 49 49 46 46 45 48 49 45 44 42 41 46 54 46 44 37 34 35 37 39 44 48 47 54 49 47 50 53 56 59 58 61 47 40 38 38 41 47 45 52 51 51 51 52 50 49 47 47
38 39 44 44 44 47 48 48 50 50 48 48 50 47 49 49 43 41 41 40 39 39 43 51 55 51 45 48 48 48 48 38 38 39 39 39 46 47 49 48 45 42 42 48 48 48 48 48 49 52 52 48 45 48 49 48 42 40 40 43 55 56 59 40 34 34 37 41 47 53 53 59 56 50 53 51 53 54 56 58 49 39 38 38 38 41 43 51 53 51 50 50 49 47 47 47
38 38 41 43 43 44 46 47 48 48 48 50 47 49 49 50 45 40 40 40 39 39 42 52 62 53 49 51 49 47 43 41 41 41 38 39 50 51 48 46 44 42 45 50 49 48 47 48 49 49 49 49 52 48 42 42 39 42 40 40 49 53 50 37 34 34 37 40 47 53 56 62 61 53 50 47 44 44 45 46 49 44 38 38 38 39 41 46 52 51 50 49 49 48 48 47
38 38 39 41 43 43 43 45 47 47 47 47 48 49 43 46 43 40 40 40 39 39 39 48 57 59 56 56 48 45 43 43 46 44 38 41 52 49 47 46 43 42 47 50 48 48 48 47 47 46 45 45 48 46 42 40 38 39 37 39 46 47 44 34 34 34 39 43 44 46 56 62 65 51 45 42 42 42 43 42 42 42 38 38 38 38 39 42 48 48 49 50 49 50 49 47
41 41 38 40 41 42 43 44 45 45 45 47 48 48 48 46 47 45 40 40 39 39 39 49 53 62 61 55 46 43 43 43 46 49 41 39 50 49 46 48 43 42 48 51 50 51 49 49 47 45 45 47 45 45 42 39 39 36 36 38 43 42 34 34 34 37 42 51 47 50 50 54 62 50 44 42 42 43 45 44 41 39 38 35 35 37 38 40 43 43 45 46 49 50 50 48
39 41 41 40 40 41 41 42 43 44 44 45 47 47 46 46 46 43 40 39 39 39 41 50 60 53 59 47 45 43 44 45 46 52 45 42 47 48 48 47 45 43 48 48 49 51 52 47 44 44 47 48 48 44 42 38 35 35 35 36 39 35 36 34 38 37 42 51 49 47 43 44 44 47 45 45 48 45 44 42 40 39 38 35 35 37 37 40 43 43 50 47 45 48 48 47
38 38 38 39 39 40 40 41 42 43 44 44 44 44 43 44 44 40 40 39 39 39 42 54 56 45 41 41 42 43 43 46 48 52 46 46 48 46 49 47 45 45 45 48 51 52 51 47 44 44 44 42 42 42 39 36 35 35 34 34 34 36 36 36 38 40 48 56 56 44 37 36 37 45 48 48 48 46 42 40 41 41 41 35 35 35 37 43 49 48 52 52 50 49 53 48
41 38 38 39 39 40 40 41 42 43 43 42 42 42 42 42 43 40 40 39 39 41 43 44 56 46 37 37 40 42 45 49 49 49 45 47 49 44 51 49 48 45 45 48 54 54 51 48 47 47 47 44 40 37 40 44 40 35 34 34 34 39 39 38 36 39 48 53 54 50 39 33 33 39 45 50 49 51 42 41 41 41 41 35 35 37 37 43 49 55 58 55 53 52 59 51
41 38 39 39 39 39 40 41 41 44 42 41 42 42 42 42 42 40 38 37 37 42 47 46 45 43 37 37 39 43 45 49 49 47 44 46 46 44 51 51 48 45 45 45 47 49 48 48 47 47 46 42 39 39 40 45 45 36 34 34 34 45 54 45 36 36 42 50 50 48 39 33 33 33 49 52 51 47 42 40 41 38 37 34 35 35 38 46 55 57 55 53 50 49 56 53
39 38 39 39 39 39 40 41 42 41 41 42 42 42 42 42 42 40 37 37 37 42 50 50 50 40 36 36 38 43 46 47 49 46 44 44 44 46 51 48 46 47 45 47 48 47 48 48 47 49 45 42 47 42 42 45 39 34 34 35 36 45 48 42 35 34 36 42 45 45 39 33 31 31 39 51 47 45 39 38 38 34 34 34 35 37 40 43 54 55 52 49 48 46 50 50
37 38 39 39 39 40 40 41 40 40 40 42 42 42 41 42 42 40 37 37 37 40 50 58 50 35 35 35 38 45 48 48 48 44 44 44 47 50 48 46 45 48 45 47 47 47 50 50 49 45 44 47 48 45 48 40 34 34 38 41 44 53 54 45 34 33 34 38 42 43 42 34 31 31 33 45 42 38 35 35 33 32 33 34 35 38 43 51 59 52 47 49 52 48 47 48
36 38 39 40 40 40 40 41 41 40 41 41 42 40 39 40 40 40 40 37 37 41 53 58 43 35 35 35 40 44 46 49 46 43 42 45 49 48 45 43 45 48 47 45 45 47 45 47 47 47 49 47 48 45 46 37 34 37 45 51 61 60 46 39 32 32 33 36 39 39 42 36 31 31 31 36 38 36 35 32 32 32 34 34 38 44 52 63 63 55 47 46 50 49 48 45
37 37 38 40 40 41 41 41 41 41 41 40 41 41 39 39 39 39 40 40 37 44 52 53 40 35 35 35 41 41 44 49 49 43 42 44 45 45 43 43 45 47 45 45 46 51 50 47 47 47 47 46 51 48 44 40 37 38 50 57 64 51 45 37 31 31 31 32 33 36 39 34 31 31 31 34 42 44 35 32 32 32 33 34 41 46 52 58 55 57 55 54 45 42 45 45
37 39 40 40 41 41 43 41 41 41 41 41 41 39 39 39 39 39 39 39 37 43 50 58 47 35 35 35 38 38 43 47 47 42 42 42 43 44 43 43 43 45 48 48 44 48 50 48 47 44 44 47 48 47 45 46 40 40 43 54 48 42 48 37 31 31 31 31 31 31 37 35 31 31 31 31 38 41 32 32 32 32 33 34 44 53 59 46 42 43 49 51 43 39 42 42
38 40 40 41 41 41 41 41 41 41 40 40 41 41 40 39 39 38 37 37 40 43 48 53 50 39 33 33 35 35 41 51 52 45 42 42 43 44 46 45 45 46 48 47 44 43 44 44 48 47 46 44 44 46 50 52 45 40 41 45 37 38 45 42 31 31 31 31 31 31 34 34 31 31 31 31 37 38 33 31 31 31 32 34 46 58 55 43 37 35 36 43 39 36 42 48
40 41 41 41 41 41 41 41 38 41 38 38 40 41 39 39 36 36 34 36 37 45 52 55 44 38 33 33 34 34 38 51 52 44 41 42 43 43 48 51 48 46 46 43 42 41 41 44 47 47 47 46 43 47 54 55 46 42 37 34 33 37 42 37 31 31 31 31 31 31 31 31 31 30 30 30 36 35 32 31 31 31 31 34 40 53 58 40 34 33 33 33 39 39 42 44
