model/data/bioclim/bclim17.asc
NCOLS 300 
NROWS 300 
XLLCORNER -125.25 
YLLCORNER 30.75 
CELLSIZE 0.0416666666666667 
NODATA_value -3.4e+38 
[rows 0 to 39 of 300, columns 89 to 177 of 300]
55 51 49 52 61 61 58 50 43 41 41 38 38 42 42 40 39 39 40 40 40 40 40 41 42 42 41 41 41 42 44 45 45 44 45 44 44 44 45 45 47 46 45 44 45 46 46 47 46 44 43 44 44 44 42 42 41 41 41 39 38 38 38 38 38 37 37 38 38 38 39 39 39 38 39 41 40 39 41 43 45 45 45 43 42 40 39 39 39
52 51 48 49 57 60 52 48 45 41 39 38 39 39 42 42 40 40 40 40 40 42 42 44 45 42 41 41 43 43 43 45 44 46 47 44 44 44 44 45 47 47 47 46 45 46 46 47 47 46 45 46 45 44 43 42 42 41 40 39 39 38 38 38 38 38 38 38 38 38 39 39 39 39 38 38 38 39 40 42 46 46 43 39 39 39 39 39 40
49 52 49 48 51 53 49 46 44 42 42 41 39 39 39 41 41 40 41 42 43 46 46 46 46 42 41 43 45 44 45 45 46 48 46 44 44 44 45 47 48 48 47 44 46 46 47 47 47 46 46 46 46 46 46 43 43 41 39 39 40 40 38 38 38 38 38 38 38 39 39 39 39 39 39 41 41 40 40 41 43 43 40 39 39 39 39 39 39
51 50 49 48 48 46 45 44 43 41 40 40 42 42 41 40 40 41 45 45 47 47 48 46 44 43 43 44 44 44 46 45 46 46 45 46 44 44 47 48 47 48 46 45 45 47 47 47 47 46 46 46 46 47 45 45 46 46 41 40 40 42 40 39 39 39 39 39 39 39 39 40 45 45 43 43 47 46 45 45 45 40 38 39 39 39 41 40 39
47 47 48 51 52 49 48 46 45 44 43 43 43 43 43 43 40 44 45 45 45 43 43 45 45 44 45 46 45 45 46 45 44 44 45 44 44 44 45 48 48 47 45 45 47 48 47 47 47 45 47 47 47 47 46 46 45 46 46 43 42 44 44 41 39 39 39 39 41 41 40 41 42 46 49 46 45 44 42 40 39 40 40 40 40 40 40 41 39
46 45 49 55 56 58 57 52 49 48 45 49 54 49 47 51 50 49 43 42 39 39 40 45 45 45 47 47 46 47 45 43 43 44 44 44 45 45 49 48 48 46 45 45 49 49 48 48 46 47 48 47 47 47 47 47 47 45 44 44 44 44 45 43 39 40 40 40 39 41 42 42 45 47 52 49 46 45 41 39 38 39 40 40 40 40 39 39 39
45 44 50 59 69 71 69 58 54 50 47 49 54 54 54 56 61 60 42 40 39 39 42 46 46 46 46 46 47 46 45 44 43 43 44 44 44 49 50 49 48 48 45 46 50 49 48 46 48 48 48 48 47 47 45 45 46 45 45 44 43 44 45 44 40 40 40 41 41 42 44 46 47 50 50 50 50 42 39 39 43 45 42 41 41 40 39 39 38
48 45 51 70 82 80 70 60 56 50 46 47 51 58 58 60 63 52 41 40 39 39 42 47 43 46 47 46 46 46 45 45 45 44 45 45 45 50 55 49 47 47 47 48 50 50 47 47 48 48 46 47 46 45 45 45 44 44 44 44 44 44 46 43 39 38 41 42 43 44 43 46 50 54 54 54 45 39 39 39 48 48 45 42 40 40 38 38 38
46 45 47 59 71 64 62 57 53 49 48 47 51 55 59 61 63 44 40 40 39 39 41 46 49 44 45 46 46 46 46 46 46 45 44 45 45 47 48 48 48 48 48 49 48 47 47 46 46 46 46 46 45 45 45 45 45 44 44 44 44 45 46 41 38 41 42 45 50 50 47 47 52 54 54 47 39 40 40 41 45 47 45 43 40 38 38 38 38
47 46 46 51 61 59 56 53 49 48 48 48 52 55 57 62 67 46 40 39 40 40 40 42 45 47 43 45 46 45 45 46 46 45 45 44 45 48 48 48 48 48 49 48 47 46 45 43 43 47 46 45 44 43 43 44 43 44 43 43 43 45 45 39 38 41 44 47 50 54 52 53 56 57 54 39 37 40 39 44 48 46 45 43 41 39 38 38 37
47 47 46 52 58 58 55 52 49 49 48 48 49 52 56 62 66 50 40 40 40 39 40 40 44 45 45 45 46 45 44 44 45 45 46 46 45 48 48 47 48 48 48 47 45 43 43 43 43 45 45 45 43 43 42 42 42 42 41 43 43 42 43 41 40 43 46 50 53 57 57 57 60 58 41 40 37 38 43 47 47 48 47 45 42 42 39 38 37
47 47 47 52 60 56 54 52 49 48 48 48 49 52 56 63 65 54 41 41 39 39 39 39 42 42 45 47 46 45 43 41 42 43 44 46 47 47 46 47 45 45 45 46 43 43 43 42 43 44 44 44 43 42 42 41 41 41 41 41 41 41 43 46 41 44 50 53 57 60 65 64 63 47 39 40 37 38 40 40 40 41 42 42 40 40 39 38 37
50 47 46 48 51 52 50 50 48 49 49 50 52 52 56 59 63 63 48 44 41 39 40 40 40 40 40 47 46 44 42 40 41 40 44 47 47 47 45 43 43 44 44 42 42 42 42 42 44 44 44 43 42 42 41 41 41 41 41 41 41 41 43 46 45 44 50 56 59 64 70 70 58 40 39 41 40 37 40 40 40 38 37 36 38 38 38 36 36
56 51 49 50 50 50 49 49 49 50 50 51 52 54 56 56 60 64 65 63 56 55 50 43 40 40 41 47 47 43 40 40 41 45 47 47 45 43 43 43 43 43 43 42 42 42 45 47 44 44 44 44 42 42 41 41 41 41 40 40 41 42 45 47 47 44 45 54 59 64 70 73 49 38 37 39 40 37 40 40 40 37 37 36 36 37 36 36 36
57 52 60 51 47 49 51 51 52 51 53 51 54 60 60 60 63 65 67 68 65 58 49 53 43 39 39 43 47 44 40 40 42 49 48 46 45 44 44 44 43 42 42 42 42 43 50 45 45 44 44 44 44 42 42 40 40 40 39 39 40 42 46 47 47 44 44 46 52 62 71 71 46 38 37 37 38 41 41 39 37 37 38 38 37 36 35 35 35
54 50 52 49 49 49 53 56 52 51 51 51 55 61 64 59 60 64 66 64 62 54 49 56 47 41 40 39 40 44 40 40 42 50 47 46 46 44 44 43 41 41 41 41 43 48 46 45 45 45 44 44 43 42 42 40 40 40 39 39 39 39 44 45 47 47 47 47 50 57 65 56 41 37 36 36 39 41 39 38 37 37 37 38 38 37 36 36 36
48 49 50 49 47 47 49 51 51 50 50 51 53 56 59 59 60 66 72 64 57 50 47 55 51 43 42 39 39 41 41 40 46 50 49 52 51 47 45 41 41 41 41 47 49 47 46 45 45 44 44 44 41 41 40 40 40 39 39 39 39 39 43 47 47 48 49 50 53 55 52 46 37 37 36 35 38 39 38 38 36 37 37 37 37 36 37 37 38
43 44 46 45 45 46 46 47 48 49 50 49 52 52 54 65 68 64 68 60 54 50 48 50 57 51 45 44 41 39 40 47 55 53 51 51 52 49 46 41 41 41 51 60 52 49 47 46 44 43 43 42 41 41 41 40 40 39 39 39 39 39 39 47 50 50 50 55 59 52 40 41 36 36 35 35 40 39 37 37 36 36 36 37 38 37 37 37 38
42 43 44 44 45 45 45 48 49 49 49 49 49 50 55 65 69 61 57 54 51 49 49 49 55 56 47 43 42 42 39 51 56 52 48 47 48 46 44 42 41 41 55 60 55 53 49 47 44 43 42 41 41 41 41 41 41 40 39 39 39 39 38 38 45 50 53 56 58 42 36 36 35 35 35 36 37 37 37 36 36 36 37 38 38 37 37 38 39
44 44 43 42 43 44 45 48 48 49 49 48 48 49 51 54 54 56 56 60 54 49 50 52 55 60 51 46 46 46 42 54 56 51 48 48 46 45 44 41 40 44 60 56 56 50 48 46 45 42 42 42 43 44 43 41 41 42 42 40 39 39 39 38 42 43 45 50 45 38 35 35 35 35 35 37 36 37 37 37 37 36 37 39 40 38 39 39 39
47 50 49 46 43 46 46 49 51 54 51 49 47 46 48 48 49 50 53 60 56 51 51 55 61 61 55 50 50 44 47 60 57 53 51 48 46 45 45 41 39 51 60 49 48 48 48 46 46 42 43 45 52 51 45 43 43 43 42 42 39 39 39 38 42 41 40 43 43 38 35 35 35 35 38 37 37 37 37 37 37 37 39 39 40 41 42 42 40
42 46 48 48 49 51 52 52 51 51 53 50 48 46 47 48 51 51 53 57 62 57 53 55 59 57 53 48 48 44 47 57 59 59 53 48 47 47 46 41 39 44 50 48 48 48 48 46 44 42 45 45 49 54 50 43 42 42 41 42 39 38 38 39 43 41 43 46 41 35 35 35 35 38 40 40 37 37 37 38 37 39 42 42 42 42 42 47 43
40 39 42 45 50 54 55 54 49 50 51 50 49 49 48 51 52 52 52 54 60 62 57 52 54 50 47 44 44 44 49 55 61 65 57 50 47 48 50 46 39 39 43 48 48 47 48 46 44 44 46 46 49 50 46 43 42 42 42 41 39 38 38 44 47 43 44 42 39 35 35 35 35 37 40 40 38 40 37 38 40 42 44 47 49 44 43 46 47
40 38 41 42 45 48 48 48 47 49 49 53 53 50 50 55 55 55 51 47 54 61 57 49 47 47 43 43 43 47 55 59 57 56 53 47 47 50 52 50 39 39 41 45 48 47 47 46 44 42 43 44 48 45 44 43 42 42 42 41 39 39 39 44 46 46 43 39 36 34 34 35 35 35 38 41 39 39 37 40 39 42 47 51 52 44 41 43 46
38 38 41 41 44 45 47 50 47 47 48 50 52 50 51 52 52 55 50 47 49 57 56 52 46 45 43 42 45 51 50 51 51 49 49 47 47 48 52 48 39 39 41 44 48 48 46 44 42 42 42 44 49 46 44 43 42 42 42 42 42 40 42 42 43 40 46 39 37 34 34 35 35 36 38 40 37 37 39 39 40 42 47 50 52 44 41 40 40
40 38 38 39 39 41 44 46 47 47 46 46 49 50 50 49 52 52 48 47 45 46 49 46 44 42 42 41 42 49 52 54 52 51 48 46 45 47 49 42 39 39 41 43 48 49 47 46 42 42 44 45 46 47 45 44 43 42 43 42 42 43 42 42 40 40 46 44 41 37 34 34 35 38 38 38 39 41 42 42 42 46 50 52 55 51 48 40 39
37 37 39 42 40 39 40 40 42 44 45 46 49 48 50 49 49 52 47 49 45 44 46 46 43 42 42 41 41 47 55 54 51 51 50 48 47 48 47 40 39 38 40 46 49 48 46 44 42 42 44 46 46 47 47 48 48 45 44 43 46 47 44 42 40 39 44 53 43 41 34 34 34 35 38 42 45 45 51 46 46 48 51 54 57 55 57 46 39
40 37 41 42 49 46 40 39 40 44 44 45 49 48 50 50 52 50 49 52 48 51 50 46 43 42 40 41 41 45 51 55 51 47 50 48 47 47 40 40 40 38 39 45 46 48 45 44 41 42 47 48 46 45 48 48 50 51 46 43 45 48 47 42 39 39 41 53 53 56 38 34 34 35 39 45 50 50 57 53 50 50 50 51 52 55 55 48 39
39 39 37 39 46 51 43 39 40 43 43 44 45 46 47 50 49 49 52 49 51 52 52 46 43 40 40 40 39 42 53 63 53 50 51 50 47 43 41 41 40 38 40 49 50 46 45 43 41 44 49 49 46 45 47 48 48 48 48 49 47 41 39 38 40 39 39 47 50 47 37 34 34 34 38 45 50 54 60 59 50 47 44 42 43 43 46 48 43
35 35 36 36 38 46 50 37 39 40 40 42 45 43 47 49 49 49 49 50 51 45 48 45 42 40 40 39 39 40 48 59 60 58 57 49 46 43 44 46 44 38 40 53 50 47 45 43 41 46 49 48 48 47 48 45 44 44 44 47 45 41 38 36 38 36 37 44 45 43 33 33 34 37 40 42 44 56 62 63 50 44 41 41 40 42 40 40 40
35 35 35 36 36 39 41 42 40 40 40 41 42 43 45 47 47 46 49 49 50 49 48 48 47 40 39 39 39 40 50 56 64 62 56 47 44 44 44 46 49 40 39 50 49 46 48 43 42 46 49 49 49 48 47 46 44 44 45 45 43 41 38 38 35 35 36 42 40 34 33 33 34 40 48 44 49 47 53 60 49 42 41 41 42 43 43 40 38
34 34 36 36 36 37 39 40 40 40 40 39 41 41 43 44 44 46 47 48 49 49 48 48 45 40 39 38 38 42 53 61 56 61 49 45 43 44 45 46 52 45 42 48 48 47 46 44 42 46 47 49 50 50 46 44 43 45 46 45 42 40 37 35 35 34 35 38 33 35 33 37 37 40 50 47 45 41 43 42 45 44 44 45 43 42 40 38 37
34 34 34 36 36 36 39 38 38 38 39 39 39 40 40 43 43 44 46 46 46 46 46 46 42 40 39 38 40 43 56 57 46 43 41 42 43 43 45 48 52 45 45 48 45 49 46 45 45 45 47 51 51 50 45 44 44 43 42 41 40 38 35 34 34 33 34 33 35 35 34 37 39 46 54 55 42 35 33 36 44 46 45 45 45 39 38 39 38
34 34 34 35 35 36 38 41 38 38 39 39 39 40 42 43 44 44 44 43 43 43 43 44 42 39 39 39 41 43 46 58 46 39 39 40 43 45 48 49 49 45 47 48 44 50 49 46 46 45 47 53 53 49 48 46 46 46 44 40 37 39 42 39 34 33 33 32 38 38 35 35 38 45 51 53 48 37 33 33 38 43 48 48 48 41 39 41 41
35 35 35 35 35 36 38 41 39 37 38 38 40 40 41 43 45 44 41 41 42 43 43 43 43 39 39 39 43 50 46 46 43 39 37 39 43 45 49 50 48 45 46 46 44 51 50 47 44 44 45 46 48 48 48 47 46 45 41 38 37 39 45 45 35 34 34 32 42 51 42 35 35 40 48 48 48 37 32 31 33 46 49 48 45 40 38 38 38
35 35 35 35 35 35 38 38 37 38 38 38 39 40 42 43 43 42 42 42 41 42 42 43 42 40 39 39 43 51 51 52 40 37 36 38 43 46 47 49 45 42 44 43 46 51 48 46 46 45 47 47 46 48 48 47 48 44 41 45 40 40 45 38 34 35 35 35 44 45 41 34 33 35 41 43 45 38 31 30 30 37 48 45 42 38 38 36 33
39 37 35 35 35 36 36 37 37 38 38 38 40 42 42 41 41 41 43 45 42 42 42 43 41 39 40 40 43 52 61 51 36 36 36 39 46 48 49 47 42 42 43 46 50 47 46 45 47 45 47 47 47 48 50 48 44 43 47 47 45 47 40 34 34 38 40 42 52 52 42 33 32 33 36 40 42 40 32 31 30 32 42 41 36 35 35 32 32
45 41 38 36 35 35 36 36 37 38 39 41 42 42 42 42 41 42 42 42 41 41 42 41 41 40 40 40 43 55 61 43 36 36 35 40 45 46 49 47 42 42 45 49 48 44 43 44 48 45 45 45 46 45 47 48 47 48 47 47 44 46 37 34 37 45 51 60 58 45 38 32 32 32 35 38 39 39 34 30 31 31 35 36 35 34 32 32 32
57 50 41 37 36 36 36 36 38 38 39 42 42 43 42 41 41 40 40 42 42 41 41 41 40 41 40 39 47 55 56 41 35 34 34 40 40 44 50 49 42 42 43 46 44 43 43 44 46 45 45 46 51 48 46 47 45 46 46 49 47 43 40 36 37 48 55 63 49 44 37 32 31 31 31 31 34 37 34 30 29 29 32 41 42 34 32 32 32
69 57 42 39 38 38 37 38 38 39 39 42 43 43 43 43 40 40 40 42 40 39 40 39 39 40 40 40 45 52 62 49 36 34 34 36 37 43 47 47 42 42 42 43 44 43 43 43 45 48 48 43 48 48 47 48 44 44 46 48 46 44 45 40 38 43 52 45 42 47 37 31 30 30 31 31 31 35 34 31 31 29 29 37 38 32 32 32 33
