model/data/bioclim/bclim12.asc
NCOLS 300 
NROWS 300 
XLLCORNER -125.25 
YLLCORNER 30.75 
CELLSIZE 0.0416666666666667 
NODATA_value -3.4e+38 
[rows 180 to 215 of 300, columns 81 to 161 of 300]
-3.4e+38 -3.4e+38 -3.4e+38 -3.4e+38 -3.4e+38 -3.4e+38 -3.4e+38 -3.4e+38 -3.4e+38 -3.4e+38 -3.4e+38 -3.4e+38 -3.4e+38 585 642 644 595 645 626 543 517 474 456 447 457 425 401 380 351 348 352 362 376 393 396 413 412 355 335 394 385 410 346 267 235 218 213 208 204 198 192 188 186 183 181 184 183 186 185 187 187 187 189 192 195 201 209 217 225 229 233 269 316 372 485 477 498 543 577 654 566
-3.4e+38 -3.4e+38 -3.4e+38 -3.4e+38 -3.4e+38 -3.4e+38 -3.4e+38 -3.4e+38 -3.4e+38 -3.4e+38 -3.4e+38 -3.4e+38 -3.4e+38 576 570 562 572 598 718 686 576 528 486 497 511 469 439 390 363 360 356 353 359 371 381 380 365 376 406 415 424 322 282 258 242 231 230 219 212 204 198 193 189 185 184 182 182 183 184 181 184 186 186 189 191 194 204 217 229 233 238 263 321 404 481 448 479 537 647 613 509
-3.4e+38 -3.4e+38 -3.4e+38 -3.4e+38 -3.4e+38 -3.4e+38 -3.4e+38 -3.4e+38 -3.4e+38 -3.4e+38 -3.4e+38 -3.4e+38 -3.4e+38 -3.4e+38 556 549 538 549 574 623 642 608 527 512 528 532 512 449 386 377 378 381 381 368 365 358 369 398 423 446 447 381 311 286 257 248 246 237 224 212 205 200 194 186 185 181 179 180 182 185 182 183 184 181 185 191 201 218 231 239 241 261 324 397 455 434 516 579 641 568 449
-3.4e+38 -3.4e+38 -3.4e+38 -3.4e+38 -3.4e+38 -3.4e+38 -3.4e+38 -3.4e+38 -3.4e+38 -3.4e+38 -3.4e+38 -3.4e+38 -3.4e+38 -3.4e+38 -3.4e+38 -3.4e+38 -3.4e+38 527 531 535 567 631 635 577 538 517 507 453 409 403 399 406 413 417 399 394 373 382 439 450 443 423 392 335 295 275 259 243 230 219 213 203 197 188 184 183 181 179 179 178 182 182 181 180 180 186 195 211 223 240 248 263 309 386 435 388 468 567 566 453 334
-3.4e+38 -3.4e+38 -3.4e+38 -3.4e+38 -3.4e+38 -3.4e+38 -3.4e+38 -3.4e+38 -3.4e+38 -3.4e+38 -3.4e+38 -3.4e+38 -3.4e+38 -3.4e+38 -3.4e+38 -3.4e+38 -3.4e+38 -3.4e+38 538 530 530 542 565 605 558 518 481 455 434 435 425 422 418 436 430 416 406 393 382 400 429 431 401 366 338 306 273 251 241 232 219 210 198 190 187 185 182 178 177 177 175 179 176 173 174 177 182 188 202 213 223 239 283 374 414 417 504 452 369 387 355
-3.4e+38 -3.4e+38 -3.4e+38 -3.4e+38 -3.4e+38 -3.4e+38 -3.4e+38 -3.4e+38 -3.4e+38 -3.4e+38 -3.4e+38 -3.4e+38 -3.4e+38 -3.4e+38 -3.4e+38 -3.4e+38 -3.4e+38 -3.4e+38 540 547 535 533 537 558 562 543 525 492 460 462 472 454 434 433 439 430 428 410 409 383 402 423 440 417 427 410 320 278 254 240 227 216 204 193 187 185 179 176 172 171 170 169 168 165 167 167 175 189 194 197 205 211 231 305 387 453 392 417 410 524 368
-3.4e+38 -3.4e+38 -3.4e+38 -3.4e+38 -3.4e+38 -3.4e+38 -3.4e+38 -3.4e+38 -3.4e+38 -3.4e+38 -3.4e+38 -3.4e+38 -3.4e+38 -3.4e+38 -3.4e+38 -3.4e+38 -3.4e+38 -3.4e+38 -3.4e+38 -3.4e+38 548 534 536 532 533 549 559 538 496 478 495 486 463 463 474 457 446 422 424 406 403 430 459 457 469 494 446 330 278 253 235 220 210 196 187 181 180 175 171 168 165 162 163 160 160 159 165 176 192 204 197 211 228 284 335 332 394 546 587 530 404
-3.4e+38 -3.4e+38 -3.4e+38 -3.4e+38 -3.4e+38 -3.4e+38 -3.4e+38 -3.4e+38 -3.4e+38 -3.4e+38 -3.4e+38 -3.4e+38 -3.4e+38 -3.4e+38 -3.4e+38 -3.4e+38 -3.4e+38 -3.4e+38 -3.4e+38 -3.4e+38 -3.4e+38 -3.4e+38 531 531 545 549 561 567 539 508 492 499 499 481 506 509 469 449 443 428 424 436 446 451 461 494 536 441 343 289 252 230 216 203 191 181 176 176 170 167 161 157 157 154 153 155 154 155 165 170 173 182 192 214 305 370 385 461 581 487 372
-3.4e+38 -3.4e+38 -3.4e+38 -3.4e+38 -3.4e+38 -3.4e+38 -3.4e+38 -3.4e+38 -3.4e+38 -3.4e+38 -3.4e+38 -3.4e+38 -3.4e+38 -3.4e+38 -3.4e+38 -3.4e+38 -3.4e+38 -3.4e+38 -3.4e+38 -3.4e+38 -3.4e+38 -3.4e+38 -3.4e+38 -3.4e+38 553 555 561 587 589 540 506 503 520 524 517 538 583 506 473 449 437 421 446 436 440 458 502 543 484 372 282 244 218 204 194 185 177 170 170 164 160 157 154 156 154 154 151 150 152 168 185 185 198 217 251 296 340 384 404 389 345
-3.4e+38 -3.4e+38 -3.4e+38 -3.4e+38 -3.4e+38 -3.4e+38 -3.4e+38 -3.4e+38 -3.4e+38 -3.4e+38 -3.4e+38 -3.4e+38 -3.4e+38 -3.4e+38 -3.4e+38 -3.4e+38 -3.4e+38 -3.4e+38 -3.4e+38 -3.4e+38 -3.4e+38 -3.4e+38 -3.4e+38 -3.4e+38 562 565 568 574 586 575 559 518 514 521 512 501 521 554 528 502 451 430 466 438 424 423 432 479 555 478 365 296 248 224 203 192 181 175 167 162 158 155 154 153 156 154 152 152 157 162 166 176 191 210 238 264 307 330 346 348 360
-3.4e+38 -3.4e+38 -3.4e+38 -3.4e+38 -3.4e+38 -3.4e+38 -3.4e+38 -3.4e+38 -3.4e+38 -3.4e+38 -3.4e+38 -3.4e+38 -3.4e+38 -3.4e+38 -3.4e+38 -3.4e+38 -3.4e+38 -3.4e+38 -3.4e+38 -3.4e+38 -3.4e+38 -3.4e+38 -3.4e+38 -3.4e+38 589 575 580 589 584 569 584 574 537 522 507 492 485 501 595 621 494 439 449 471 439 414 407 404 448 564 520 388 314 264 232 228 223 206 177 165 157 155 155 153 156 159 155 157 159 164 168 174 184 199 208 232 245 288 284 289 302
-3.4e+38 -3.4e+38 -3.4e+38 -3.4e+38 -3.4e+38 -3.4e+38 -3.4e+38 -3.4e+38 -3.4e+38 -3.4e+38 -3.4e+38 -3.4e+38 -3.4e+38 -3.4e+38 -3.4e+38 -3.4e+38 -3.4e+38 -3.4e+38 -3.4e+38 -3.4e+38 -3.4e+38 -3.4e+38 -3.4e+38 607 624 614 603 595 590 585 567 590 559 552 573 540 542 507 490 601 571 489 444 460 453 446 411 393 402 444 538 544 404 319 276 243 238 232 215 192 174 157 154 156 158 156 157 160 164 167 170 176 183 193 200 226 265 269 273 304 350
-3.4e+38 -3.4e+38 -3.4e+38 -3.4e+38 -3.4e+38 -3.4e+38 -3.4e+38 -3.4e+38 -3.4e+38 -3.4e+38 -3.4e+38 -3.4e+38 -3.4e+38 -3.4e+38 -3.4e+38 -3.4e+38 -3.4e+38 -3.4e+38 -3.4e+38 -3.4e+38 -3.4e+38 -3.4e+38 -3.4e+38 626 626 624 619 604 588 578 562 554 567 524 519 528 488 521 543 501 512 583 498 448 447 448 438 399 388 388 409 484 455 362 300 252 222 200 176 168 161 158 157 157 162 165 162 165 167 170 176 181 187 192 196 222 304 401 322 289 302
-3.4e+38 -3.4e+38 -3.4e+38 -3.4e+38 -3.4e+38 -3.4e+38 -3.4e+38 -3.4e+38 -3.4e+38 -3.4e+38 -3.4e+38 -3.4e+38 -3.4e+38 -3.4e+38 -3.4e+38 -3.4e+38 -3.4e+38 -3.4e+38 -3.4e+38 -3.4e+38 -3.4e+38 -3.4e+38 -3.4e+38 -3.4e+38 611 611 610 594 587 577 555 543 533 520 494 492 474 481 507 529 476 487 551 515 477 482 477 434 396 385 380 404 449 446 353 282 239 210 183 166 163 161 164 164 163 167 169 169 172 174 180 184 191 193 217 290 362 449 435 323 306
-3.4e+38 -3.4e+38 -3.4e+38 -3.4e+38 -3.4e+38 -3.4e+38 -3.4e+38 -3.4e+38 -3.4e+38 -3.4e+38 -3.4e+38 -3.4e+38 -3.4e+38 -3.4e+38 -3.4e+38 -3.4e+38 -3.4e+38 -3.4e+38 -3.4e+38 -3.4e+38 -3.4e+38 -3.4e+38 -3.4e+38 -3.4e+38 -3.4e+38 -3.4e+38 600 -3.4e+38 579 564 554 533 519 522 508 493 470 487 497 496 460 457 474 526 509 492 503 512 442 410 389 380 389 424 453 373 289 236 197 185 170 169 170 172 172 174 176 177 179 183 188 195 201 211 279 347 372 363 345 371 346
-3.4e+38 -3.4e+38 -3.4e+38 -3.4e+38 -3.4e+38 -3.4e+38 -3.4e+38 -3.4e+38 -3.4e+38 -3.4e+38 -3.4e+38 -3.4e+38 -3.4e+38 -3.4e+38 -3.4e+38 -3.4e+38 -3.4e+38 -3.4e+38 -3.4e+38 -3.4e+38 -3.4e+38 -3.4e+38 -3.4e+38 -3.4e+38 -3.4e+38 -3.4e+38 -3.4e+38 -3.4e+38 -3.4e+38 534 531 525 529 527 522 490 469 475 491 475 502 477 448 446 455 456 471 498 561 529 438 405 389 379 410 445 394 313 238 178 174 178 181 183 187 189 188 191 196 198 204 208 215 234 274 317 335 334 317 329 334
-3.4e+38 -3.4e+38 -3.4e+38 -3.4e+38 -3.4e+38 -3.4e+38 -3.4e+38 -3.4e+38 -3.4e+38 -3.4e+38 -3.4e+38 -3.4e+38 -3.4e+38 -3.4e+38 -3.4e+38 -3.4e+38 -3.4e+38 -3.4e+38 -3.4e+38 -3.4e+38 -3.4e+38 -3.4e+38 -3.4e+38 -3.4e+38 -3.4e+38 -3.4e+38 -3.4e+38 -3.4e+38 -3.4e+38 528 522 520 510 503 521 506 475 460 472 499 487 496 537 531 462 417 419 425 478 535 570 467 428 404 392 417 429 396 277 202 186 191 196 198 203 204 205 205 206 218 224 229 232 242 271 294 309 330 431 473 494
-3.4e+38 -3.4e+38 -3.4e+38 -3.4e+38 -3.4e+38 -3.4e+38 -3.4e+38 -3.4e+38 -3.4e+38 -3.4e+38 -3.4e+38 -3.4e+38 -3.4e+38 -3.4e+38 -3.4e+38 -3.4e+38 -3.4e+38 -3.4e+38 -3.4e+38 -3.4e+38 -3.4e+38 -3.4e+38 -3.4e+38 -3.4e+38 -3.4e+38 -3.4e+38 -3.4e+38 -3.4e+38 -3.4e+38 519 513 500 495 480 475 493 486 458 463 463 454 475 517 570 617 496 440 423 411 428 519 528 487 473 449 431 435 394 316 280 246 233 241 236 245 241 244 252 271 254 248 252 249 257 280 306 324 333 342 393 448
-3.4e+38 -3.4e+38 -3.4e+38 -3.4e+38 -3.4e+38 -3.4e+38 -3.4e+38 -3.4e+38 -3.4e+38 -3.4e+38 -3.4e+38 -3.4e+38 -3.4e+38 -3.4e+38 -3.4e+38 -3.4e+38 -3.4e+38 -3.4e+38 -3.4e+38 -3.4e+38 -3.4e+38 -3.4e+38 -3.4e+38 -3.4e+38 -3.4e+38 -3.4e+38 -3.4e+38 -3.4e+38 -3.4e+38 515 503 488 478 461 452 450 470 475 536 522 497 497 500 528 586 668 529 472 451 432 418 427 419 423 471 471 460 446 424 393 348 323 312 321 336 355 351 370 332 299 287 281 276 287 324 345 343 346 443 419 381
-3.4e+38 -3.4e+38 -3.4e+38 -3.4e+38 -3.4e+38 -3.4e+38 -3.4e+38 -3.4e+38 -3.4e+38 -3.4e+38 -3.4e+38 -3.4e+38 -3.4e+38 -3.4e+38 -3.4e+38 -3.4e+38 -3.4e+38 -3.4e+38 -3.4e+38 -3.4e+38 -3.4e+38 -3.4e+38 -3.4e+38 -3.4e+38 -3.4e+38 -3.4e+38 -3.4e+38 -3.4e+38 -3.4e+38 534 512 481 467 456 448 439 440 458 494 505 532 499 489 512 552 585 662 606 539 500 465 444 429 426 425 421 420 446 470 483 438 409 424 425 409 424 410 408 389 355 340 333 322 340 346 346 398 436 457 359 296
-3.4e+38 -3.4e+38 -3.4e+38 -3.4e+38 -3.4e+38 -3.4e+38 -3.4e+38 -3.4e+38 -3.4e+38 -3.4e+38 -3.4e+38 -3.4e+38 -3.4e+38 -3.4e+38 -3.4e+38 -3.4e+38 -3.4e+38 -3.4e+38 -3.4e+38 -3.4e+38 -3.4e+38 -3.4e+38 -3.4e+38 -3.4e+38 -3.4e+38 -3.4e+38 -3.4e+38 -3.4e+38 527 544 562 524 467 448 445 448 442 428 468 483 521 484 490 508 539 515 574 648 677 651 554 491 466 453 448 441 436 456 478 515 503 477 524 581 519 466 467 458 407 398 385 368 360 354 347 330 350 342 309 302 301
-3.4e+38 -3.4e+38 -3.4e+38 -3.4e+38 -3.4e+38 -3.4e+38 -3.4e+38 -3.4e+38 -3.4e+38 -3.4e+38 -3.4e+38 -3.4e+38 -3.4e+38 -3.4e+38 -3.4e+38 -3.4e+38 -3.4e+38 -3.4e+38 -3.4e+38 -3.4e+38 -3.4e+38 -3.4e+38 -3.4e+38 -3.4e+38 -3.4e+38 -3.4e+38 -3.4e+38 -3.4e+38 -3.4e+38 -3.4e+38 489 502 483 482 456 471 469 446 435 437 451 474 490 472 480 515 477 517 559 613 620 554 516 505 494 479 464 457 492 494 504 521 515 621 652 552 573 572 542 559 446 365 351 342 347 326 332 329 327 326 324
-3.4e+38 -3.4e+38 -3.4e+38 -3.4e+38 -3.4e+38 -3.4e+38 -3.4e+38 -3.4e+38 -3.4e+38 -3.4e+38 -3.4e+38 -3.4e+38 -3.4e+38 -3.4e+38 -3.4e+38 -3.4e+38 -3.4e+38 -3.4e+38 -3.4e+38 -3.4e+38 -3.4e+38 -3.4e+38 -3.4e+38 -3.4e+38 -3.4e+38 -3.4e+38 -3.4e+38 -3.4e+38 -3.4e+38 -3.4e+38 470 474 488 483 464 484 482 475 469 455 466 483 517 530 502 481 534 512 498 510 581 622 612 568 571 515 510 473 467 476 492 491 516 642 770 809 730 555 486 540 480 360 347 330 331 350 354 352 347 342 338
-3.4e+38 -3.4e+38 -3.4e+38 -3.4e+38 -3.4e+38 -3.4e+38 -3.4e+38 -3.4e+38 -3.4e+38 -3.4e+38 -3.4e+38 -3.4e+38 -3.4e+38 -3.4e+38 -3.4e+38 -3.4e+38 -3.4e+38 -3.4e+38 -3.4e+38 -3.4e+38 -3.4e+38 -3.4e+38 -3.4e+38 -3.4e+38 -3.4e+38 -3.4e+38 -3.4e+38 -3.4e+38 -3.4e+38 475 469 458 465 458 443 450 454 455 472 472 474 483 503 541 579 548 517 531 565 540 519 574 617 633 578 535 564 544 482 485 486 499 510 514 615 632 560 492 541 695 573 376 341 349 346 346 357 355 358 359 355
-3.4e+38 -3.4e+38 -3.4e+38 -3.4e+38 -3.4e+38 -3.4e+38 -3.4e+38 -3.4e+38 -3.4e+38 -3.4e+38 -3.4e+38 -3.4e+38 -3.4e+38 -3.4e+38 -3.4e+38 -3.4e+38 -3.4e+38 -3.4e+38 -3.4e+38 -3.4e+38 -3.4e+38 -3.4e+38 -3.4e+38 -3.4e+38 -3.4e+38 -3.4e+38 -3.4e+38 -3.4e+38 -3.4e+38 461 462 465 457 451 477 479 488 483 467 461 469 479 482 493 523 601 593 575 631 694 646 626 603 639 613 566 613 587 535 481 478 482 482 499 511 523 490 474 474 497 410 355 366 372 358 334 348 366 350 340 354
-3.4e+38 -3.4e+38 -3.4e+38 -3.4e+38 -3.4e+38 -3.4e+38 -3.4e+38 -3.4e+38 -3.4e+38 -3.4e+38 -3.4e+38 -3.4e+38 -3.4e+38 -3.4e+38 -3.4e+38 -3.4e+38 -3.4e+38 -3.4e+38 -3.4e+38 -3.4e+38 -3.4e+38 -3.4e+38 -3.4e+38 -3.4e+38 -3.4e+38 -3.4e+38 -3.4e+38 -3.4e+38 -3.4e+38 -3.4e+38 447 438 422 414 419 438 465 500 504 502 477 469 472 482 476 511 534 543 623 673 611 594 639 685 632 585 546 553 535 507 479 475 477 478 488 549 526 486 439 500 427 364 372 383 380 367 371 360 365 370 353
-3.4e+38 -3.4e+38 -3.4e+38 -3.4e+38 -3.4e+38 -3.4e+38 -3.4e+38 -3.4e+38 -3.4e+38 -3.4e+38 -3.4e+38 -3.4e+38 -3.4e+38 -3.4e+38 -3.4e+38 -3.4e+38 -3.4e+38 -3.4e+38 -3.4e+38 -3.4e+38 -3.4e+38 -3.4e+38 -3.4e+38 -3.4e+38 -3.4e+38 -3.4e+38 -3.4e+38 -3.4e+38 -3.4e+38 -3.4e+38 480 464 426 404 404 428 453 465 454 460 456 465 460 461 468 479 481 495 504 549 526 552 576 549 531 532 520 517 549 547 562 620 617 619 566 508 471 458 470 567 568 473 416 382 387 385 393 379 385 373 387
-3.4e+38 -3.4e+38 -3.4e+38 -3.4e+38 -3.4e+38 -3.4e+38 -3.4e+38 -3.4e+38 -3.4e+38 -3.4e+38 -3.4e+38 -3.4e+38 -3.4e+38 -3.4e+38 -3.4e+38 -3.4e+38 -3.4e+38 -3.4e+38 -3.4e+38 -3.4e+38 -3.4e+38 -3.4e+38 -3.4e+38 -3.4e+38 -3.4e+38 -3.4e+38 -3.4e+38 -3.4e+38 -3.4e+38 476 522 524 521 493 467 447 452 466 441 459 442 443 450 452 458 468 470 473 488 505 534 562 512 516 500 524 530 560 573 539 516 511 517 538 547 538 502 466 426 426 410 400 428 397 408 401 400 394 400 391 401
-3.4e+38 -3.4e+38 -3.4e+38 -3.4e+38 -3.4e+38 -3.4e+38 -3.4e+38 -3.4e+38 -3.4e+38 -3.4e+38 -3.4e+38 -3.4e+38 -3.4e+38 -3.4e+38 -3.4e+38 -3.4e+38 -3.4e+38 -3.4e+38 -3.4e+38 -3.4e+38 -3.4e+38 -3.4e+38 -3.4e+38 -3.4e+38 -3.4e+38 -3.4e+38 -3.4e+38 -3.4e+38 -3.4e+38 473 496 488 535 548 494 474 484 524 500 501 480 470 475 495 504 499 475 466 472 483 493 507 501 486 488 497 515 583 551 532 532 518 477 456 446 441 434 430 425 426 418 403 412 420 415 409 413 394 389 384 386
-3.4e+38 -3.4e+38 -3.4e+38 -3.4e+38 -3.4e+38 -3.4e+38 -3.4e+38 -3.4e+38 -3.4e+38 -3.4e+38 -3.4e+38 -3.4e+38 -3.4e+38 -3.4e+38 -3.4e+38 -3.4e+38 -3.4e+38 -3.4e+38 -3.4e+38 -3.4e+38 -3.4e+38 -3.4e+38 -3.4e+38 -3.4e+38 -3.4e+38 -3.4e+38 -3.4e+38 -3.4e+38 -3.4e+38 -3.4e+38 -3.4e+38 -3.4e+38 448 472 489 491 495 495 499 470 521 537 533 526 560 577 555 528 515 513 516 502 492 490 487 493 514 550 535 483 484 489 478 471 470 463 494 489 471 451 433 428 412 426 419 414 414 396 380 379 378
-3.4e+38 -3.4e+38 -3.4e+38 -3.4e+38 -3.4e+38 -3.4e+38 -3.4e+38 -3.4e+38 -3.4e+38 -3.4e+38 -3.4e+38 -3.4e+38 -3.4e+38 -3.4e+38 -3.4e+38 -3.4e+38 -3.4e+38 -3.4e+38 -3.4e+38 -3.4e+38 -3.4e+38 -3.4e+38 -3.4e+38 -3.4e+38 -3.4e+38 -3.4e+38 -3.4e+38 -3.4e+38 -3.4e+38 -3.4e+38 -3.4e+38 -3.4e+38 -3.4e+38 451 471 479 469 454 448 457 482 476 453 448 469 479 484 486 492 480 492 519 535 531 513 511 511 510 523 511 498 501 498 497 491 481 503 469 462 445 455 447 436 440 421 413 414 404 380 381 374
-3.4e+38 -3.4e+38 -3.4e+38 -3.4e+38 -3.4e+38 -3.4e+38 -3.4e+38 -3.4e+38 -3.4e+38 -3.4e+38 -3.4e+38 -3.4e+38 -3.4e+38 -3.4e+38 -3.4e+38 -3.4e+38 -3.4e+38 -3.4e+38 -3.4e+38 -3.4e+38 -3.4e+38 -3.4e+38 -3.4e+38 -3.4e+38 -3.4e+38 -3.4e+38 -3.4e+38 -3.4e+38 -3.4e+38 -3.4e+38 -3.4e+38 -3.4e+38 -3.4e+38 430 424 418 -3.4e+38 -3.4e+38 -3.4e+38 -3.4e+38 -3.4e+38 -3.4e+38 -3.4e+38 -3.4e+38 -3.4e+38 432 437 434 427 428 441 452 460 461 467 488 503 513 514 509 506 504 516 521 507 495 491 481 468 470 449 459 454 444 425 419 418 395 382 376 372
-3.4e+38 -3.4e+38 -3.4e+38 -3.4e+38 -3.4e+38 -3.4e+38 -3.4e+38 -3.4e+38 -3.4e+38 -3.4e+38 -3.4e+38 -3.4e+38 -3.4e+38 -3.4e+38 -3.4e+38 -3.4e+38 -3.4e+38 -3.4e+38 -3.4e+38 -3.4e+38 -3.4e+38 -3.4e+38 -3.4e+38 -3.4e+38 -3.4e+38 -3.4e+38 -3.4e+38 -3.4e+38 -3.4e+38 -3.4e+38 -3.4e+38 -3.4e+38 -3.4e+38 -3.4e+38 -3.4e+38 -3.4e+38 -3.4e+38 -3.4e+38 -3.4e+38 -3.4e+38 -3.4e+38 -3.4e+38 -3.4e+38 -3.4e+38 -3.4e+38 -3.4e+38 -3.4e+38 423 422 -3.4e+38 445 446 438 -3.4e+38 -3.4e+38 424 426 450 498 506 482 474 509 509 508 505 493 477 470 437 407 419 426 414 423 417 408 403 401 387 379
-3.4e+38 -3.4e+38 -3.4e+38 -3.4e+38 -3.4e+38 -3.4e+38 -3.4e+38 -3.4e+38 -3.4e+38 -3.4e+38 -3.4e+38 -3.4e+38 -3.4e+38 -3.4e+38 -3.4e+38 -3.4e+38 -3.4e+38 -3.4e+38 -3.4e+38 -3.4e+38 -3.4e+38 -3.4e+38 -3.4e+38 -3.4e+38 -3.4e+38 -3.4e+38 -3.4e+38 -3.4e+38 -3.4e+38 -3.4e+38 -3.4e+38 -3.4e+38 -3.4e+38 -3.4e+38 -3.4e+38 -3.4e+38 -3.4e+38 -3.4e+38 -3.4e+38 -3.4e+38 -3.4e+38 -3.4e+38 -3.4e+38 -3.4e+38 -3.4e+38 -3.4e+38 -3.4e+38 -3.4e+38 -3.4e+38 -3.4e+38 -3.4e+38 -3.4e+38 -3.4e+38 -3.4e+38 -3.4e+38 -3.4e+38 -3.4e+38 -3.4e+38 476 488 502 470 477 505 503 477 440 409 419 420 433 449 453 453 454 447 440 440 438 408 396
-3.4e+38 -3.4e+38 -3.4e+38 -3.4e+38 -3.4e+38 -3.4e+38 -3.4e+38 -3.4e+38 -3.4e+38 -3.4e+38 -3.4e+38 -3.4e+38 -3.4e+38 -3.4e+38 -3.4e+38 -3.4e+38 -3.4e+38 -3.4e+38 -3.4e+38 -3.4e+38 -3.4e+38 -3.4e+38 -3.4e+38 -3.4e+38 -3.4e+38 -3.4e+38 -3.4e+38 -3.4e+38 -3.4e+38 -3.4e+38 -3.4e+38 -3.4e+38 -3.4e+38 -3.4e+38 -3.4e+38 -3.4e+38 -3.4e+38 -3.4e+38 -3.4e+38 -3.4e+38 -3.4e+38 -3.4e+38 -3.4e+38 -3.4e+38 -3.4e+38 -3.4e+38 -3.4e+38 -3.4e+38 -3.4e+38 -3.4e+38 -3.4e+38 -3.4e+38 -3.4e+38 -3.4e+38 -3.4e+38 -3.4e+38 -3.4e+38 -3.4e+38 -3.4e+38 430 464 440 459 489 474 410 398 459 461 445 437 437 427 432 437 433 431 444 443 440 416
-3.4e+38 -3.4e+38 -3.4e+38 -3.4e+38 -3.4e+38 -3.4e+38 -3.4e+38 -3.4e+38 -3.4e+38 -3.4e+38 -3.4e+38 -3.4e+38 -3.4e+38 -3.4e+38 -3.4e+38 -3.4e+38 -3.4e+38 -3.4e+38 -3.4e+38 -3.4e+38 -3.4e+38 -3.4e+38 -3.4e+38 -3.4e+38 -3.4e+38 -3.4e+38 -3.4e+38 -3.4e+38 -3.4e+38 -3.4e+38 -3.4e+38 -3.4e+38 -3.4e+38 -3.4e+38 -3.4e+38 -3.4e+38 -3.4e+38 -3.4e+38 -3.4e+38 -3.4e+38 -3.4e+38 -3.4e+38 -3.4e+38 -3.4e+38 -3.4e+38 -3.4e+38 -3.4e+38 -3.4e+38 -3.4e+38 -3.4e+38 -3.4e+38 -3.4e+38 -3.4e+38 -3.4e+38 -3.4e+38 -3.4e+38 -3.4e+38 -3.4e+38 -3.4e+38 -3.4e+38 -3.4e+38 388 398 398 392 370 390 402 400 393 401 398 405 415 415 416 415 429 408 403 396
