model/data/bioclim/bclim3.asc
NCOLS 300 
NROWS 300 
XLLCORNER -125.25 
YLLCORNER 30.75 
CELLSIZE 0.0416666666666667 
NODATA_value -3.4e+38 
[rows 0 to 21 of 300, columns 245 to 293 of 300]
39.0843315124512 39.0506362915039 39.132495880127 38.7322463989258 38.4490356445312 38.1450958251953 38.3762359619141 38.7566146850586 38.7436256408691 38.5142936706543 38.3711814880371 38.3955688476562 38.213191986084 38.0329780578613 37.7981262207031 37.3256149291992 37.4107551574707 37.6737403869629 37.6513175964355 37.5253257751465 37.5333099365234 37.4660682678223 37.4511604309082 37.2906227111816 37.1592674255371 37.0884666442871 36.6717681884766 36.1908950805664 35.9045753479004 35.8321876525879 35.9186668395996 36.1235656738281 36.1925582885742 36.1296234130859 36.2047233581543 36.062427520752 35.7090492248535 35.2514038085938 35.0333061218262 34.9134407043457 34.9316444396973 34.9212646484375 35.1020393371582 35.3786010742188 35.4241218566895 35.369312286377 35.4581489562988 35.6417617797852 35.9419136047363
39.3919563293457 39.4180030822754 39.6402130126953 39.4728927612305 39.3069534301758 39.2134437561035 38.9330444335938 38.74267578125 38.7685050964355 38.789421081543 38.5320129394531 38.5100135803223 38.275390625 38.0738830566406 37.8105773925781 37.46337890625 37.2899322509766 37.2751502990723 37.3484573364258 37.2140884399414 37.082950592041 37.0144424438477 37.0174179077148 37.0579719543457 37.016357421875 36.7138214111328 36.3034782409668 36.0877723693848 36.0335121154785 35.9088134765625 35.9975700378418 36.2515983581543 36.4212036132812 36.398494720459 36.2989349365234 36.0035781860352 35.6656951904297 35.5908966064453 35.2305107116699 34.985897064209 35.0572547912598 35.1039810180664 35.2782936096191 35.4794960021973 35.4201431274414 35.2987785339355 35.3447456359863 35.5391693115234 35.910774230957
38.8600082397461 38.6050872802734 38.6957588195801 38.8581771850586 39.0641555786133 39.0125617980957 38.8913612365723 38.6706809997559 38.5910339355469 38.5525856018066 38.6989212036133 38.5919151306152 38.2515640258789 37.9595718383789 37.5847244262695 37.3458251953125 37.0765113830566 36.9937782287598 37.1899070739746 37.2268905639648 37.1933403015137 37.2348861694336 37.0623817443848 36.9705619812012 36.9274291992188 36.6907424926758 36.3839302062988 36.1162185668945 36.058536529541 36.0138816833496 36.1393852233887 36.3125686645508 36.335693359375 36.3468399047852 36.2533683776855 35.9506950378418 35.8376083374023 35.6291885375977 35.1719360351562 35.0934677124023 35.1973075866699 35.3530654907227 35.424201965332 35.5132751464844 35.6030120849609 35.5892791748047 35.5597114562988 35.5815277099609 35.8435516357422
38.3593940734863 38.2804298400879 38.4079055786133 38.3868408203125 38.5134239196777 38.4610977172852 38.3964195251465 38.2724800109863 38.1736907958984 38.1516761779785 38.1713104248047 38.0639572143555 38.0117111206055 37.8389053344727 37.6555709838867 37.3774490356445 36.9558715820312 36.7044982910156 36.8956489562988 37.3712882995605 37.4781723022461 37.4940185546875 37.2901077270508 36.9880027770996 36.8601913452148 36.7251014709473 36.4007110595703 36.197868347168 36.1771278381348 36.1634483337402 36.2966423034668 36.3926315307617 36.2938194274902 36.1283912658691 36.0450706481934 35.9762344360352 35.8084564208984 35.4938545227051 35.2570114135742 35.1600952148438 35.2601127624512 35.4172477722168 35.519214630127 35.5645370483398 35.7218627929688 35.813549041748 35.7430000305176 35.6864585876465 35.8027267456055
38.6796913146973 38.6724090576172 38.668327331543 38.4817504882812 38.4113426208496 38.3318748474121 38.275821685791 38.2220611572266 38.154468536377 38.0586280822754 38.1186676025391 38.1508293151855 38.050666809082 37.9197959899902 37.6985282897949 37.462345123291 37.1020927429199 36.7069358825684 36.720531463623 37.3067054748535 37.5360221862793 37.4814186096191 37.0850372314453 36.7094802856445 36.5444221496582 36.4220199584961 36.2975311279297 36.2450904846191 36.2191352844238 36.2382545471191 36.3149070739746 36.333179473877 36.1991996765137 35.8361968994141 35.7342643737793 35.687385559082 35.6036338806152 35.5054664611816 35.4019241333008 35.3176460266113 35.4221267700195 35.5207366943359 35.5428924560547 35.571605682373 35.6099853515625 35.6515350341797 35.6359443664551 35.6956367492676 35.83740234375
39.3288726806641 39.2871055603027 39.1426162719727 38.7941360473633 38.4299049377441 38.4421348571777 38.7256813049316 38.8694915771484 38.6666030883789 38.5478744506836 38.6696929931641 38.8243942260742 38.7267723083496 38.3706855773926 38.014217376709 37.752758026123 37.2318992614746 36.6034965515137 36.5496673583984 36.9626884460449 37.0132484436035 36.766902923584 36.5029678344727 36.3949394226074 36.4203872680664 36.4743232727051 36.3772773742676 36.4080543518066 36.4078483581543 36.4365005493164 36.4173278808594 36.3488883972168 36.2118530273438 35.9724426269531 35.8009643554688 35.6831550598145 35.5931663513184 35.586971282959 35.5774078369141 35.5524063110352 35.580322265625 35.6114311218262 35.6237564086914 35.7195625305176 35.6945495605469 35.594123840332 35.5702056884766 35.6130676269531 35.8248710632324
39.7572212219238 39.5961647033691 39.3381767272949 38.913631439209 38.4990043640137 38.6007347106934 39.2696647644043 39.6861267089844 39.4263496398926 38.8180732727051 38.3602447509766 38.2181930541992 38.1064987182617 37.7847099304199 37.4353446960449 37.2707557678223 36.8345947265625 36.3962516784668 36.476619720459 36.5999565124512 36.4842300415039 36.3221893310547 36.2835311889648 36.4027252197266 36.5323677062988 36.6137847900391 36.5588607788086 36.5548973083496 36.563060760498 36.522331237793 36.5834732055664 36.6212463378906 36.4845924377441 36.2484016418457 36.0473709106445 36.0301742553711 36.0043449401855 35.9064674377441 35.8991966247559 35.8295593261719 35.8131828308105 35.8254203796387 35.835693359375 35.9451179504395 35.9177894592285 35.7874336242676 35.7753868103027 35.8006820678711 36.0426788330078
39.952449798584 39.8544616699219 39.7243919372559 39.3193054199219 38.922420501709 39.0620422363281 39.5993270874023 39.7561988830566 39.5504951477051 39.1213989257812 38.473201751709 37.9075202941895 37.5406112670898 37.2531356811523 36.9636344909668 36.8780364990234 36.8697662353516 36.7512245178223 36.7627716064453 36.7010612487793 36.4499549865723 36.3471488952637 36.4034271240234 36.5291938781738 36.6141510009766 36.6479339599609 36.6401252746582 36.6343002319336 36.6772270202637 36.6270065307617 36.7186012268066 36.7763481140137 36.6104011535645 36.434253692627 36.3635635375977 36.3762855529785 36.3697128295898 36.2159233093262 36.1019515991211 36.0347633361816 36.0296669006348 36.062931060791 35.9134941101074 35.9019889831543 35.9395904541016 35.9699935913086 36.083927154541 36.1893882751465 36.3661079406738
39.908145904541 39.9729385375977 40.1343231201172 39.9631156921387 39.8973808288574 39.9097709655762 39.8811950683594 39.602409362793 39.0832824707031 38.8318901062012 38.5149230957031 38.0476570129395 37.6925086975098 37.5257606506348 37.3672561645508 37.1335601806641 37.1037330627441 37.1938667297363 37.0900535583496 36.9953422546387 36.9063682556152 36.7311592102051 36.7657318115234 36.8945236206055 37.0981750488281 37.0162734985352 36.7052268981934 36.7470664978027 36.8704223632812 36.934009552002 37.111270904541 37.1434326171875 36.9352722167969 36.9221420288086 37.0217247009277 36.9516067504883 36.7487640380859 36.5465393066406 36.3851318359375 36.3759727478027 36.4019241333008 36.233585357666 35.9040908813477 35.7462120056152 35.7242813110352 35.9577217102051 36.4138488769531 36.711799621582 36.9260101318359
39.682502746582 39.7251739501953 39.9306602478027 40.6611938476562 40.8202590942383 40.664436340332 40.1733703613281 39.5986022949219 38.874698638916 38.4310188293457 38.3503074645996 38.2319641113281 38.0861129760742 38.0783042907715 37.9195022583008 37.6186447143555 37.2305374145508 37.150634765625 37.1266479492188 37.1019744873047 37.1728668212891 37.0259895324707 37.063362121582 37.1663131713867 37.5511894226074 37.6612014770508 36.951358795166 36.6967391967773 36.7577934265137 37.143913269043 37.623851776123 37.7491149902344 37.6040954589844 37.7081680297852 37.8583450317383 37.6709136962891 37.3459510803223 36.9845886230469 36.8303985595703 36.8554801940918 36.7696380615234 36.3846817016602 35.9168548583984 35.631763458252 35.5490760803223 35.9615440368652 36.7599563598633 37.2294273376465 37.4978790283203
39.8301620483398 39.8179321289062 40.4157600402832 41.0641632080078 41.2050018310547 40.9624290466309 40.477165222168 39.9157867431641 39.3823928833008 39.0542182922363 38.9863815307617 38.7768821716309 38.5539474487305 38.3804893493652 38.2557487487793 38.0944976806641 37.5012512207031 36.925609588623 36.779468536377 36.7929077148438 36.9100227355957 36.9736518859863 36.9845848083496 36.9580917358398 37.1844100952148 37.5660171508789 37.0717277526855 36.5520248413086 36.5569915771484 37.1361198425293 37.8367958068848 38.1306114196777 38.0664672851562 38.1122436523438 38.1404647827148 38.0082359313965 37.8158264160156 37.5057907104492 37.3179206848145 37.2122688293457 36.9662437438965 36.6058235168457 36.0519180297852 35.6719169616699 35.6610145568848 36.0990104675293 36.8859748840332 37.5029449462891 37.5818481445312
39.6404762268066 39.5929718017578 40.1406364440918 40.7960205078125 41.202751159668 41.1163024902344 41.007438659668 40.6416015625 40.1730270385742 39.9120979309082 39.6318550109863 39.1581192016602 38.6793785095215 38.3625068664551 38.2196006774902 38.0440063476562 37.5765228271484 37.1791725158691 37.1135520935059 37.2190856933594 37.2144241333008 37.1528472900391 37.031005859375 36.9463043212891 37.113151550293 37.5894889831543 37.537281036377 37.1444702148438 37.0343818664551 37.4829254150391 38.0345611572266 38.2678070068359 38.214469909668 38.2150611877441 38.2746124267578 38.2292404174805 38.0636215209961 37.972541809082 37.7704010009766 37.5016403198242 37.2081756591797 36.9020118713379 36.3393783569336 35.8493423461914 35.9649124145508 36.3781890869141 36.8775978088379 37.3658294677734 37.429027557373
39.3578910827637 39.2621002197266 39.4421653747559 40.0266952514648 40.9241676330566 41.1425857543945 41.0874900817871 40.685863494873 40.2761840820312 39.9907379150391 39.6014289855957 39.1245307922363 38.5290832519531 38.3799858093262 38.3872489929199 38.1352043151855 37.6417503356934 37.5499305725098 37.6840171813965 37.709342956543 37.6991195678711 37.5152168273926 37.4093856811523 37.3308639526367 37.5168762207031 38.0088691711426 38.1268653869629 37.899772644043 37.8565864562988 37.9420356750488 38.1734504699707 38.3782386779785 38.3362655639648 38.3338508605957 38.3789443969727 38.3378257751465 38.1713752746582 37.9055976867676 37.4469795227051 37.1217346191406 37.0363082885742 36.9112167358398 36.5671272277832 36.2907333374023 36.476203918457 36.7870559692383 36.9576950073242 37.1273384094238 37.1392669677734
39.3404159545898 39.1592788696289 39.3569297790527 39.9334335327148 40.6244697570801 40.9342384338379 40.9082183837891 40.6838455200195 40.3605117797852 40.0449752807617 39.6853446960449 39.2195053100586 38.7542304992676 38.5931777954102 38.5137748718262 38.3683662414551 38.0836448669434 37.9710159301758 38.0339279174805 38.0038299560547 38.0952377319336 38.0958442687988 37.9722328186035 37.9507675170898 38.0478630065918 38.1926918029785 38.4270668029785 38.4259262084961 38.331787109375 38.2489585876465 38.3980522155762 38.4829902648926 38.4163398742676 38.3225135803223 38.2796401977539 38.1277847290039 37.8271331787109 37.1789741516113 36.431037902832 36.1958770751953 36.1628379821777 36.4768218994141 36.7536125183105 36.8661155700684 36.8863716125488 36.9418411254883 37.1828002929688 37.3076934814453 37.0082359313965
39.9385757446289 39.6707496643066 39.5990524291992 39.9713325500488 40.3156661987305 40.3522415161133 40.0955848693848 39.865104675293 39.7492485046387 39.5725364685059 39.4723358154297 39.2665405273438 38.9197998046875 38.5565032958984 38.2478408813477 37.9496841430664 37.8208389282227 37.7943725585938 37.7482833862305 37.6444320678711 37.7174377441406 38.0013885498047 38.2183036804199 38.3071060180664 38.3281021118164 38.215461730957 38.0323181152344 38.2942199707031 38.4083404541016 38.4730529785156 38.6473808288574 38.670108795166 38.5300559997559 38.5078430175781 38.3883628845215 38.0750999450684 37.6614875793457 36.9250450134277 36.3839073181152 36.4005699157715 36.440071105957 36.4481468200684 36.7589836120605 37.0387191772461 37.123893737793 37.223503112793 37.3303108215332 37.2485198974609 36.9315986633301
40.1825065612793 40.3193473815918 40.1565246582031 40.1714744567871 40.2423706054688 40.0012397766113 39.5398750305176 39.4760780334473 39.5530815124512 39.5060081481934 39.3782081604004 39.1968383789062 38.8871269226074 38.5439414978027 38.0931587219238 37.7064476013184 37.6456108093262 37.8012084960938 37.9766387939453 38.0219802856445 37.9936027526855 38.181095123291 38.2935485839844 38.2301864624023 38.3092842102051 38.2669067382812 38.2260894775391 38.3629035949707 38.4977493286133 38.6526107788086 38.7497787475586 38.732234954834 38.6313629150391 38.5198554992676 38.4966049194336 38.3152275085449 37.9108848571777 37.1916961669922 36.6995658874512 36.5813102722168 36.6684265136719 36.7252998352051 37.0196914672852 37.4352989196777 37.4346008300781 37.1372413635254 36.9318351745605 36.7402877807617 36.680835723877
39.9061393737793 39.9518013000488 39.9434127807617 40.1011695861816 40.2679672241211 40.1204605102539 39.8304481506348 39.620849609375 39.5114326477051 39.3170509338379 39.0622177124023 38.8760681152344 38.743579864502 38.4549446105957 38.1465377807617 38.1728057861328 38.1986541748047 38.2134323120117 38.3218116760254 38.3922462463379 38.5392112731934 38.7976951599121 38.7854232788086 38.7363433837891 38.9158668518066 38.810791015625 38.661262512207 38.5158729553223 38.4599761962891 38.5184783935547 38.5643157958984 38.7070770263672 38.8382339477539 38.7591361999512 38.7140693664551 38.4213905334473 37.8212966918945 37.2640113830566 36.9910125732422 36.9969940185547 37.0114784240723 37.0364189147949 37.2788581848145 37.7670402526855 37.7006149291992 37.1928558349609 36.8611297607422 36.7815208435059 36.91796875
39.9553565979004 39.6518669128418 39.6455955505371 40.1877632141113 40.6075820922852 40.3690071105957 40.0878639221191 39.7643928527832 39.3695030212402 39.0726661682129 38.9211959838867 38.7879791259766 38.7320365905762 38.5964431762695 38.4925765991211 38.5907135009766 38.6735343933105 38.5811920166016 38.5113716125488 38.5555305480957 38.621395111084 38.9059906005859 39.0095977783203 38.8564453125 38.7569122314453 38.5509796142578 38.3926048278809 38.3687553405762 38.497730255127 38.5386772155762 38.5889930725098 38.7614440917969 38.8933258056641 38.9997520446777 38.8025245666504 38.1685943603516 37.7636260986328 37.3870239257812 37.1757583618164 37.514820098877 37.6985702514648 37.6969032287598 37.7701454162598 38.124080657959 37.8907928466797 37.2887992858887 37.1645812988281 37.1572151184082 37.1721572875977
40.200553894043 39.8366241455078 39.5410537719727 39.9967155456543 40.4283752441406 40.0870018005371 39.6758422851562 39.2094459533691 38.708324432373 38.4197883605957 38.596019744873 38.8465995788574 38.7725028991699 38.5200309753418 38.446231842041 38.5464248657227 38.755931854248 38.8257141113281 38.8023414611816 38.8745269775391 38.8031616210938 38.6571807861328 38.8633308410645 38.9183349609375 38.8603858947754 38.8297309875488 38.8633270263672 38.6390495300293 38.7716941833496 39.155101776123 39.33935546875 39.4098358154297 39.4310264587402 39.1483612060547 38.5790405273438 38.2109527587891 37.7000312805176 37.7338180541992 37.2672348022461 37.8695030212402 38.3459968566895 38.4697074890137 38.5608024597168 38.668212890625 38.256290435791 37.6867370605469 37.4201354980469 37.3365249633789 37.4366836547852
40.352237701416 40.0962791442871 39.7875747680664 39.7869300842285 39.8397560119629 39.6134262084961 39.417121887207 39.1081123352051 38.6763191223145 38.3670616149902 38.4625587463379 38.9264335632324 38.7531890869141 38.3244285583496 38.2278099060059 38.2690315246582 38.3673095703125 38.554084777832 38.6494102478027 38.7060585021973 38.7785453796387 38.8222045898438 38.898853302002 38.8078308105469 38.6541404724121 38.6004486083984 38.8263626098633 38.9802856445312 39.2601203918457 39.6394462585449 39.6725273132324 39.576831817627 39.3664932250977 38.9598007202148 38.5195693969727 38.257884979248 37.9916648864746 37.7905960083008 37.3093719482422 38.1552467346191 38.7579078674316 39.0559844970703 39.1786766052246 39.0246391296387 38.3826026916504 37.7048759460449 37.3684539794922 37.3955421447754 37.3784637451172
40.6061210632324 40.4639167785645 40.2742462158203 40.0566825866699 39.8263511657715 39.520565032959 39.4986305236816 39.3796577453613 39.0688514709473 38.606761932373 38.4474067687988 38.5312728881836 38.5131568908691 38.3567161560059 38.1673316955566 37.9956970214844 38.0064315795898 38.0231971740723 38.1312026977539 38.3848915100098 38.2058258056641 38.4027938842773 38.4182167053223 38.8223419189453 39.0110092163086 39.0011291503906 39.0849800109863 39.5162162780762 39.6744041442871 39.7214431762695 39.173999786377 38.5887298583984 38.4496803283691 38.5355033874512 38.3711547851562 38.6512718200684 38.432373046875 37.8882217407227 37.3545303344727 38.0481376647949 38.9546508789062 39.1556701660156 39.1418418884277 38.9631614685059 38.3476104736328 37.7299957275391 37.4735450744629 37.2680282592773 37.3563232421875
40.9951858520508 40.8194808959961 40.6224403381348 40.4054718017578 40.1556701660156 39.9135093688965 39.6159553527832 39.4285850524902 39.1940078735352 39.1300926208496 38.8405723571777 38.5587692260742 38.4033050537109 38.3994941711426 38.0303535461426 37.9869537353516 38.3502731323242 37.9406127929688 38.3620071411133 38.4045677185059 38.0356750488281 38.4005393981934 38.265697479248 38.2253646850586 38.5544204711914 38.9867324829102 39.2732276916504 39.8351936340332 39.7422637939453 39.2859687805176 38.3036956787109 37.5992889404297 37.8708763122559 37.5798606872559 38.1171455383301 38.2849311828613 38.1542129516602 38.0859451293945 37.8620910644531 38.2018661499023 39.1800918579102 39.5093879699707 39.3280334472656 38.9370498657227 38.4845962524414 38.0761833190918 37.763744354248 37.4617118835449 37.2460403442383
