model/data/bioclim/bclim12.asc
NCOLS 300 
NROWS 300 
XLLCORNER -125.25 
YLLCORNER 30.75 
CELLSIZE 0.0416666666666667 
NODATA_value -3.4e+38 
[rows 144 to 179 of 300, columns 162 to 242 of 300]
454 427 275 158 141 133 192 244 274 253 247 268 209 176 117 99 97 99 117 165 137 105 101 105 120 147 173 213 202 163 139 125 124 118 118 118 120 129 128 137 148 159 176 168 165 172 183 197 204 211 232 246 258 261 262 249 219 222 195 189 174 173 171 182 179 179 186 195 213 225 233 194 179 174 177 208 221 223 216 211 183
524 475 359 225 150 137 139 178 237 291 297 278 240 214 145 99 98 97 109 129 145 120 94 99 108 136 170 190 175 151 132 121 117 120 118 118 117 123 124 124 133 141 159 155 153 157 166 181 189 193 204 230 236 220 257 230 185 173 166 167 181 183 174 201 185 179 185 193 212 214 231 195 177 171 172 206 203 204 202 197 189
594 436 380 267 171 144 133 175 234 265 291 256 248 208 143 102 101 95 96 102 123 150 97 92 100 120 147 161 163 156 138 118 129 138 121 118 117 119 123 124 124 132 142 149 147 147 161 177 183 183 184 187 188 199 222 226 182 162 159 168 186 205 187 188 191 184 187 194 201 213 241 218 183 170 171 188 186 206 198 192 192
664 553 425 323 238 156 138 205 291 303 304 285 233 196 150 138 112 108 97 93 97 155 109 92 93 112 132 146 134 133 122 131 161 161 132 125 122 122 124 127 129 129 131 134 139 148 163 184 212 204 183 181 176 188 206 199 175 162 159 165 179 192 189 179 181 185 194 204 223 250 248 240 213 174 175 170 168 191 187 189 227
725 753 506 348 229 166 141 172 331 360 330 337 265 222 177 182 144 143 99 95 106 163 124 97 89 94 110 114 117 119 137 168 191 163 143 131 127 126 125 126 130 128 129 129 138 149 164 186 218 221 195 174 171 177 193 182 171 160 155 158 170 181 186 180 181 191 212 223 224 248 243 202 201 186 177 181 156 157 156 176 252
718 745 604 374 227 164 142 162 291 366 363 428 309 237 187 174 164 179 133 112 134 166 164 102 88 88 88 96 110 122 153 208 238 192 162 143 133 130 126 127 137 128 123 129 142 147 154 166 194 205 190 174 164 182 212 192 170 160 152 154 163 172 182 183 194 195 216 218 210 213 227 182 168 193 187 171 151 150 149 161 242
691 642 682 451 254 165 142 161 300 381 444 425 315 195 148 148 159 166 175 141 143 213 200 112 94 98 87 89 93 116 173 215 259 214 174 151 144 137 132 138 148 131 121 127 136 145 162 161 164 175 186 170 194 201 210 178 177 162 152 154 159 164 176 177 201 209 204 189 172 192 212 178 155 165 200 164 145 148 149 160 246
636 708 724 506 310 169 143 138 229 318 400 421 313 169 115 113 126 154 185 115 138 252 191 118 117 130 97 83 83 95 131 192 232 242 210 171 158 153 140 152 137 125 120 126 136 139 150 173 189 186 164 169 215 223 225 184 164 178 163 161 160 171 159 171 195 206 195 170 154 162 217 181 151 150 183 198 155 151 151 157 221
634 628 639 614 428 190 145 135 169 259 337 330 203 123 108 107 105 120 133 100 151 246 243 139 202 214 118 87 79 82 94 132 175 182 206 182 144 136 128 126 119 115 127 142 143 130 135 152 173 155 148 169 180 178 195 179 166 162 149 148 157 157 147 162 207 213 199 171 146 149 206 177 151 148 172 201 191 201 184 166 209
596 611 687 671 429 229 152 135 135 173 277 333 212 120 113 110 104 104 99 98 140 182 204 162 205 219 157 105 79 72 72 85 117 131 142 183 148 127 119 114 111 107 130 164 147 126 127 139 157 144 136 151 159 154 165 181 175 162 148 141 136 135 138 150 179 184 208 195 146 143 216 181 152 146 179 230 229 228 211 190 224
656 716 704 675 444 271 168 137 129 129 205 384 334 173 115 111 108 101 102 132 156 124 143 148 218 246 192 112 82 70 67 69 86 120 145 149 159 135 119 113 108 107 106 122 141 118 120 127 144 141 128 133 136 141 151 162 168 158 153 139 134 132 133 149 159 178 209 193 141 132 205 179 150 146 163 206 204 259 235 223 258
588 627 698 688 482 304 202 146 134 130 156 363 372 229 117 110 105 98 99 109 129 109 126 139 207 223 174 101 82 69 66 65 65 87 100 128 132 132 132 116 110 107 107 108 116 112 113 119 129 129 124 127 133 138 153 184 177 167 151 137 135 137 154 174 178 181 184 162 131 133 160 172 156 148 161 179 182 229 250 264 304
744 666 728 748 560 369 253 175 142 135 135 288 441 335 180 115 104 99 97 97 99 118 119 150 162 204 144 103 82 68 65 65 64 67 73 91 96 108 134 132 121 110 107 105 106 110 111 116 117 121 124 124 141 148 153 162 155 151 148 148 149 151 164 176 175 190 164 137 128 128 194 171 145 150 170 199 188 221 281 330 352
830 768 847 843 647 491 313 214 164 145 139 194 385 400 262 138 107 104 97 97 97 119 116 144 147 179 152 109 86 72 66 65 63 61 69 73 78 83 117 148 133 113 104 103 105 105 106 113 113 115 118 123 130 136 139 145 149 152 153 162 167 174 189 184 172 161 143 131 128 143 188 145 137 156 192 200 193 248 341 439 374
855 724 733 816 866 599 392 270 211 177 142 139 242 434 347 262 134 110 106 99 99 109 128 162 160 142 153 107 86 75 68 64 62 59 61 67 71 68 77 99 121 115 109 104 109 103 103 106 109 111 114 119 126 136 143 152 158 148 147 150 162 191 193 188 172 151 137 130 129 142 155 132 128 139 195 195 223 288 400 449 378
768 722 670 727 841 777 492 334 248 191 151 142 173 325 381 373 310 174 183 152 111 111 156 216 199 162 135 104 90 78 69 65 65 65 61 61 60 62 68 76 94 110 113 109 109 102 102 106 107 109 109 116 117 117 127 144 152 148 140 143 151 157 154 156 160 150 135 129 131 135 132 125 124 139 175 191 244 352 421 381 341
788 707 627 721 850 857 682 453 298 214 165 149 143 166 244 302 376 273 229 242 216 154 180 263 259 197 148 119 100 83 76 75 89 100 77 62 58 59 59 66 77 104 135 135 123 102 102 104 104 107 108 109 113 113 112 117 123 129 143 157 166 162 156 150 146 141 142 141 136 132 128 126 126 141 152 188 261 387 376 302 297
831 778 625 713 800 815 828 667 458 279 189 156 148 141 150 188 281 354 290 243 224 244 224 215 230 183 137 131 119 92 85 94 159 167 106 73 56 57 56 63 80 115 133 157 155 107 101 102 103 104 105 109 107 109 109 111 117 123 151 178 198 183 178 168 164 163 168 173 163 148 134 128 124 129 136 164 224 335 305 255 265
676 651 616 686 692 718 773 663 604 457 243 160 151 147 140 142 181 282 290 233 205 194 193 123 111 120 141 174 164 115 100 109 170 179 123 85 60 58 56 61 79 107 134 159 175 134 101 101 101 103 102 103 110 109 109 109 115 124 153 195 266 234 219 204 199 195 200 194 193 186 168 148 137 122 121 137 180 255 224 222 266
716 632 623 726 705 639 670 642 617 459 269 168 156 154 144 142 157 269 309 227 199 189 163 116 97 91 105 194 235 152 142 139 187 183 112 80 72 59 58 59 73 83 112 140 142 152 110 103 103 103 103 102 109 115 115 112 118 137 148 174 238 304 313 271 307 248 236 233 231 243 208 181 157 128 117 119 140 164 189 218 235
749 663 616 644 644 626 612 606 624 515 324 175 158 152 146 148 165 215 284 217 187 173 156 119 93 89 89 114 164 190 245 190 174 185 135 97 76 60 57 57 76 81 89 106 142 175 141 115 105 102 102 103 106 109 131 126 132 152 139 151 180 249 341 320 341 374 317 305 297 273 238 216 173 141 119 114 123 137 172 241 225
778 678 597 624 620 607 584 575 605 556 389 182 164 156 155 171 179 180 192 199 197 188 149 111 95 91 88 93 116 178 247 239 183 196 201 139 86 62 57 58 68 98 99 104 120 126 139 132 120 102 99 102 104 107 112 132 132 140 139 132 154 193 277 330 301 385 452 420 377 333 308 250 209 162 135 124 117 114 120 132 144
699 696 595 665 679 682 596 572 573 575 346 184 169 165 189 242 250 205 191 216 216 205 149 124 124 94 88 89 104 155 208 186 199 251 188 142 91 71 60 57 59 88 143 118 139 126 114 111 107 101 100 100 106 114 114 121 130 148 130 123 133 156 214 286 275 361 453 476 501 402 366 278 206 172 155 136 121 113 113 115 115
664 678 584 635 631 639 636 581 619 630 367 197 175 186 221 308 340 281 237 232 231 188 156 154 178 111 95 91 93 117 145 162 193 293 313 207 107 73 60 56 56 71 146 135 134 142 119 107 105 99 98 98 107 142 132 115 130 123 119 120 131 144 174 210 249 335 445 556 438 388 304 250 217 198 192 141 119 114 113 114 111
607 606 587 530 566 603 601 554 573 596 371 232 185 198 229 322 372 336 353 282 232 185 157 187 228 129 96 91 92 98 119 190 238 334 340 209 114 79 61 57 56 66 158 156 139 147 135 124 113 102 100 102 108 132 142 116 122 119 120 121 127 141 162 207 235 276 380 472 498 417 318 274 279 265 206 156 122 113 114 114 111
601 567 558 522 632 636 603 557 544 560 515 295 195 189 217 255 340 358 391 339 258 218 173 196 261 130 101 91 88 91 98 145 255 404 321 168 117 79 61 58 55 62 124 167 173 150 144 146 123 109 103 102 102 126 152 133 115 118 120 119 124 129 139 169 190 233 295 296 381 334 345 317 269 235 183 147 126 118 117 115 113
563 522 501 542 628 622 605 585 564 542 513 315 206 200 259 260 293 297 334 323 274 241 190 223 326 178 106 91 86 84 85 126 265 379 362 201 130 85 65 58 56 60 85 143 207 180 152 162 147 122 118 112 98 111 143 143 125 116 118 118 122 125 128 141 160 186 200 245 286 308 288 288 198 170 154 142 128 122 120 118 116
597 557 583 559 585 612 598 594 554 508 559 361 205 200 258 243 238 239 236 267 280 262 238 262 358 205 114 95 89 84 83 119 213 327 360 202 127 88 73 59 56 56 76 150 202 199 155 156 148 134 152 119 98 103 131 124 165 132 117 117 121 121 127 134 147 155 168 202 248 247 252 300 207 169 180 137 125 120 118 114 114
537 569 678 655 606 626 574 540 482 521 557 374 207 173 183 206 218 179 176 231 257 279 286 269 321 242 119 97 91 85 84 100 186 293 369 218 145 100 74 60 58 56 67 122 155 179 144 134 124 135 143 122 97 108 139 110 128 163 133 119 120 121 126 132 138 142 148 164 192 200 227 260 234 161 166 144 134 125 121 120 118
510 609 714 682 649 629 580 521 454 456 492 461 247 175 164 173 196 162 159 194 234 246 280 271 258 216 139 99 94 88 86 113 217 282 317 243 164 115 82 62 58 56 94 179 165 165 150 131 117 119 129 121 98 92 117 104 108 158 181 124 121 117 122 128 134 136 142 156 171 186 214 245 247 173 156 144 135 130 124 121 121
490 560 641 705 618 556 496 455 446 463 462 484 337 182 165 188 213 141 119 146 186 211 275 291 252 218 143 109 96 89 85 114 222 276 223 164 141 124 92 71 63 58 59 96 137 147 133 145 133 116 110 106 103 88 98 107 104 135 191 137 119 116 118 124 127 132 141 149 161 179 250 308 280 204 171 149 148 134 131 127 129
484 601 652 719 678 619 543 472 450 530 521 501 412 255 170 193 188 119 102 106 117 143 239 284 263 219 175 112 106 92 84 99 196 210 148 135 110 106 94 79 66 59 57 61 86 98 96 103 117 133 114 97 100 87 85 101 101 118 167 136 127 126 119 124 128 131 132 141 153 172 211 291 301 212 183 158 162 152 145 139 140
445 520 659 659 664 589 564 467 477 527 525 454 392 253 154 142 133 116 101 97 103 120 199 251 269 201 137 106 102 109 87 88 163 194 157 164 126 130 106 90 77 66 64 61 60 69 83 94 108 136 128 95 89 84 83 87 94 108 131 122 130 137 132 127 128 129 130 133 153 178 197 255 220 192 216 183 170 159 152 155 159
498 413 592 685 640 590 513 449 440 500 477 430 350 240 150 126 118 107 100 92 91 101 145 169 203 211 128 100 99 107 127 88 103 128 153 145 128 129 103 84 80 86 99 79 63 60 61 84 109 126 137 101 86 83 85 87 96 124 124 116 128 144 153 148 150 136 123 124 129 146 171 215 194 177 202 188 165 151 158 160 161
442 430 539 644 615 579 519 389 445 393 392 432 349 280 158 115 106 95 88 84 82 87 108 132 173 158 105 98 95 102 149 111 89 119 135 117 105 98 88 87 97 126 121 101 82 62 56 62 83 93 122 98 98 97 84 89 99 111 111 117 139 197 182 173 162 149 127 123 123 127 147 178 203 171 159 154 148 143 146 154 170
494 364 429 528 536 574 478 326 362 302 339 432 324 234 149 111 99 90 83 79 76 77 87 114 132 113 97 96 93 94 111 146 96 99 101 99 93 89 95 107 107 126 115 93 93 75 58 57 65 72 78 85 89 88 84 86 106 117 113 128 186 241 224 177 155 140 135 127 121 123 133 156 195 178 147 144 150 148 151 167 165
