model/data/bioclim/bclim15.asc
NCOLS 300 
NROWS 300 
XLLCORNER -125.25 
YLLCORNER 30.75 
CELLSIZE 0.0416666666666667 
NODATA_value -3.4e+38 
[rows 198 to 219 of 300, columns 245 to 293 of 300]
49.0408248901367 49.5669631958008 49.6096954345703 48.2365989685059 47.5514984130859 48.4562568664551 47.6731300354004 49.3434867858887 48.3572463989258 47.1117820739746 48.4247589111328 48.2759780883789 49.7468338012695 45.2643737792969 46.1821937561035 45.722053527832 46.7184906005859 45.6792488098145 44.806812286377 43.6236534118652 43.6010551452637 43.8827323913574 43.8339462280273 43.3071250915527 44.5232887268066 45.0755920410156 45.0087623596191 46.3501625061035 45.9303359985352 45.3860931396484 44.4364929199219 45.2609825134277 44.036262512207 44.8721656799316 45.4740562438965 45.927604675293 46.2914009094238 46.4093170166016 46.8725891113281 46.931079864502 48.0240516662598 47.6338195800781 48.0565414428711 48.6228866577148 48.7150764465332 48.7235870361328 48.6109161376953 48.8701515197754 48.6937828063965
49.8077125549316 48.1862144470215 48.2533493041992 47.5514984130859 47.5775489807129 50.0763053894043 48.9344596862793 49.2912750244141 49.8192977905273 48.8577880859375 48.4247589111328 48.1793327331543 48.1605339050293 48.6899299621582 45.5898818969727 45.9045906066895 46.0022239685059 45.4078369140625 44.2120132446289 44.277042388916 42.7138519287109 42.3137359619141 43.1577682495117 42.799072265625 44.2844429016113 44.975399017334 46.0423965454102 45.861083984375 46.2691230773926 45.169361114502 44.8609275817871 44.7302169799805 45.1009941101074 44.8155097961426 45.864185333252 45.4439888000488 46.4927177429199 47.251781463623 46.7747650146484 47.1902618408203 47.8947334289551 47.1639175415039 47.6417617797852 47.946403503418 48.0267295837402 48.4786071777344 48.378532409668 48.7422294616699 48.4342041015625
49.5381660461426 47.8594970703125 47.9055519104004 48.3668060302734 47.9160423278809 50.1947860717773 48.8504219055176 49.2912750244141 48.8571319580078 48.8577880859375 49.1995582580566 47.2873992919922 48.415340423584 49.2516441345215 46.8291702270508 45.0755920410156 44.4675025939941 44.0167236328125 45.1641960144043 44.3560523986816 42.758186340332 42.0675773620605 43.46826171875 43.0565185546875 44.5064697265625 45.4438323974609 45.4590263366699 46.2111892700195 46.0978698730469 46.0453186035156 45.3098602294922 45.1414413452148 45.9815101623535 44.6348571777344 44.6948089599609 46.4876937866211 46.9085235595703 47.3589744567871 47.8256759643555 47.1999053955078 47.7289619445801 46.9886512756348 47.4090003967285 48.4265785217285 47.9669303894043 48.1284599304199 48.0267295837402 48.1651763916016 48.3742065429688
47.9067802429199 47.1351623535156 48.0749473571777 48.982852935791 47.3788299560547 46.7099380493164 49.6093826293945 49.8549880981445 49.7539482116699 49.0906143188477 48.3572463989258 47.6945648193359 47.7911796569824 48.7235870361328 48.2470321655273 44.6601638793945 45.2542915344238 45.0797348022461 44.4444427490234 44.5569610595703 44.7058601379395 41.9858322143555 43.0587043762207 43.5605506896973 43.3065071105957 44.7092514038086 44.7783164978027 46.2025108337402 45.5969276428223 45.6997108459473 45.1772155761719 45.8642692565918 45.7746963500977 44.0807418823242 45.1751670837402 45.6852684020996 46.4235687255859 46.9090728759766 47.3914947509766 46.4825592041016 47.0633735656738 47.4274673461914 48.1526145935059 47.984489440918 47.3948783874512 46.9867706298828 47.541332244873 48.9038009643555 49.1824111938477
49.5734672546387 47.8627624511719 48.0545654296875 47.9071807861328 48.1894493103027 47.6282081604004 46.6208915710449 48.5221290588379 48.6673965454102 49.5818672180176 49.291919708252 47.6945648193359 47.9481315612793 48.8997001647949 47.7758979797363 47.0232276916504 44.6601638793945 44.4834289550781 44.9874076843262 45.4586334228516 45.4416923522949 44.5405693054199 42.4038047790527 44.2057723999023 44.4612312316895 44.5039215087891 44.4913291931152 45.4607887268066 46.3359069824219 46.6718482971191 44.8908843994141 44.8910446166992 45.562816619873 44.1969261169434 45.3766441345215 46.1775245666504 45.9356422424316 46.4841995239258 47.2893409729004 46.9720802307129 47.0678596496582 47.7474822998047 47.2428741455078 46.7283592224121 46.6768379211426 47.5392150878906 48.8601455688477 48.4910659790039 49.1927146911621
48.5499076843262 48.7675628662109 50.5476570129395 47.899040222168 47.5366058349609 48.5494384765625 47.3717384338379 46.8153343200684 49.2238426208496 49.3520164489746 49.5818672180176 48.4998168945312 47.4311065673828 48.5233345031738 47.8863067626953 48.6212005615234 46.6017951965332 46.7356643676758 45.128002166748 45.1836547851562 45.7227020263672 44.494556427002 42.036262512207 43.8628387451172 45.2910118103027 43.932559967041 45.4951210021973 44.8908843994141 46.6405410766602 46.4305763244629 45.7632331848145 45.0471954345703 45.562816619873 45.0785980224609 46.3440628051758 45.5881462097168 46.224063873291 45.8400993347168 47.440544128418 47.3583717346191 47.5512504577637 46.4197845458984 46.9185905456543 46.4622001647949 46.7707176208496 47.2938690185547 48.4483108520508 48.7167167663574 48.5975036621094
49.0231399536133 50.2815780639648 50.0763053894043 48.7456283569336 47.4131050109863 47.3717384338379 47.1804580688477 47.8893356323242 47.8543815612793 49.4919662475586 48.8566513061523 48.9056053161621 49.1684074401855 49.1734886169434 48.2019271850586 48.1960945129395 49.0516815185547 46.7585639953613 46.5135650634766 44.1230621337891 45.1484489440918 45.1839828491211 44.1206703186035 43.0894050598145 43.7884712219238 45.1530303955078 45.1138801574707 45.3170051574707 45.6433410644531 46.7885131835938 45.7209739685059 46.240478515625 45.6089553833008 46.8302230834961 46.2604331970215 46.3956871032715 46.9277763366699 46.1848411560059 46.5233345031738 46.7513008117676 47.5499801635742 47.2118606567383 46.3101539611816 46.6345443725586 47.134147644043 48.0415344238281 48.3913078308105 49.2502098083496 49.3391265869141
48.8221054077148 50.7627944946289 49.7412071228027 46.9409866333008 48.4296798706055 47.2803764343262 48.5408630371094 48.3304138183594 48.4609870910645 48.5736198425293 49.5679931640625 48.8807258605957 47.2358436584473 49.3853225708008 48.032299041748 47.9160423278809 46.9497299194336 45.2596778869629 45.7223510742188 45.3554916381836 45.3392753601074 44.1206703186035 45.2362060546875 44.4007949829102 44.0737190246582 44.5972709655762 44.1974945068359 45.3257484436035 45.3485870361328 46.3652877807617 46.6584358215332 46.9024353027344 45.9034080505371 45.7816505432129 46.2583847045898 46.7869606018066 46.9893608093262 47.153263092041 46.5800437927246 46.5697250366211 46.7187156677246 47.1413803100586 46.4809303283691 46.897777557373 47.7847061157227 47.2490768432617 48.2126388549805 48.6110610961914 49.1439170837402
48.3929862976074 49.3923683166504 49.3923683166504 48.8266792297363 48.3653450012207 47.338623046875 49.2826385498047 48.8710136413574 48.1069755554199 48.1069755554199 48.2731513977051 46.8878173828125 46.9386177062988 49.461483001709 51.8596649169922 48.169189453125 46.3103485107422 46.4452896118164 45.2484664916992 45.7605628967285 45.9592018127441 43.8267631530762 45.780834197998 44.4007949829102 43.9590492248535 44.8111839294434 45.3339653015137 44.9878883361816 45.3176498413086 46.1564903259277 45.1993789672852 46.8883323669434 46.4648895263672 46.2307891845703 46.7733306884766 46.1412467956543 47.2331924438477 46.3474769592285 46.3777656555176 47.0268707275391 46.8410835266113 46.6909866333008 47.1277732849121 46.5639419555664 47.1157531738281 47.8331565856934 47.6039886474609 48.3152389526367 48.3332176208496
49.6903991699219 48.9836769104004 49.9599838256836 48.5693893432617 46.8801460266113 50.153076171875 49.7097473144531 49.8966865539551 48.5736198425293 46.5010566711426 47.1734428405762 46.0398178100586 46.5816116333008 48.6212005615234 51.0100021362305 50.4312858581543 49.3093795776367 46.6930122375488 44.4615936279297 45.8002891540527 45.402229309082 44.8843612670898 45.1793327331543 44.6436309814453 43.9590492248535 44.567684173584 44.9924964904785 45.7018051147461 44.8530197143555 45.6392631530762 45.772518157959 46.8220672607422 46.5037879943848 46.6405296325684 47.0106544494629 46.3963432312012 46.8170547485352 46.3532295227051 46.9662628173828 46.2659492492676 46.5587387084961 46.5968017578125 46.991828918457 46.9582633972168 47.4600715637207 47.134147644043 47.5468711853027 47.6558876037598 47.0521049499512
50.1745223999023 49.0823822021484 49.8376998901367 50.0417633056641 50.0751876831055 49.2562866210938 49.7313995361328 49.5819129943848 48.8710632324219 47.5366058349609 47.1842346191406 47.4542541503906 46.6667633056641 49.7836227416992 49.7563629150391 51.4086494445801 49.8191947937012 47.4794044494629 46.0750389099121 45.928394317627 46.4417610168457 46.9985694885254 45.6403579711914 45.629467010498 44.9318313598633 44.8156547546387 45.3639755249023 45.6808128356934 46.0338935852051 45.4944381713867 46.0963363647461 45.8549575805664 46.6693725585938 47.4050445556641 46.2232093811035 46.1934127807617 46.891414642334 46.7362251281738 46.6704750061035 46.8653793334961 46.8334045410156 47.9135818481445 47.6767311096191 47.6191177368164 47.4049530029297 47.319164276123 47.1070175170898 46.1462020874023 46.7109222412109
50.524356842041 50.1312217712402 50.0383071899414 49.5872039794922 49.7901573181152 50.5248069763184 49.461483001709 48.5723114013672 49.1039047241211 49.7330856323242 47.8074684143066 46.2732048034668 49.5613784790039 49.1593360900879 51.2010459899902 51.8140678405762 49.8973121643066 48.9549903869629 45.6602630615234 45.8518257141113 47.2685279846191 45.9385375976562 46.1492462158203 46.3909721374512 45.6557540893555 44.7239532470703 45.9316787719727 45.3565559387207 45.1570930480957 46.2583847045898 45.9193420410156 46.6450386047363 46.632984161377 46.5420265197754 47.0451812744141 47.5323753356934 47.1347160339355 47.1038475036621 47.9516716003418 46.9191093444824 47.4045562744141 47.6989059448242 47.3089637756348 46.6780204772949 47.092113494873 46.6436653137207 46.6922416687012 46.1144371032715 46.4921836853027
50.4500007629395 50.2005958557129 48.9056053161621 49.461483001709 50.8510475158691 49.974437713623 49.492374420166 49.492374420166 48.9794845581055 48.5423889160156 49.5056114196777 49.5056114196777 49.508472442627 50.9133529663086 52.2489700317383 51.207103729248 53.0061073303223 51.8603782653809 48.1986045837402 48.1617431640625 47.2589340209961 46.4816093444824 45.5636024475098 46.553279876709 46.1457748413086 46.5382690429688 45.6630821228027 45.1392555236816 46.8614349365234 45.6192817687988 46.0108070373535 46.0851745605469 46.4486885070801 46.8789024353027 46.9115791320801 47.2070693969727 46.9253120422363 47.9989242553711 47.0279235839844 47.3845558166504 47.4872970581055 46.7883529663086 47.2796020507812 46.7302742004395 46.7202911376953 47.1648406982422 46.9664268493652 47.4599151611328 46.5495109558105
50.1492309570312 49.6418418884277 49.8601760864258 50.916561126709 50.3844566345215 50.7077407836914 50.9890480041504 49.461483001709 49.1214904785156 49.1214904785156 48.4439544677734 49.7468338012695 50.6917457580566 50.6828804016113 52.1010093688965 52.8933792114258 53.0061073303223 53.0061073303223 50.9770202636719 49.7821159362793 47.3076057434082 46.1840629577637 47.0208587646484 47.7537155151367 47.1256217956543 47.0507316589355 46.2056350708008 46.2229995727539 46.210807800293 46.3910942077637 47.2581481933594 46.4810409545898 46.4904823303223 46.9317855834961 46.7124328613281 47.1070327758789 47.6101722717285 48.1295509338379 47.269172668457 48.087215423584 47.1097450256348 47.6544456481934 47.5367164611816 47.0789070129395 47.2322845458984 47.818904876709 47.3367652893066 47.4648170471191 47.7654800415039
50.3002166748047 50.9961891174316 49.7901573181152 49.4508514404297 50.0469360351562 48.5581207275391 49.686595916748 50.3367919921875 50.3349494934082 51.4138450622559 48.3152542114258 48.9950485229492 49.1380233764648 50.0672378540039 50.699275970459 51.7765769958496 51.2966842651367 51.7260360717773 53.247142791748 50.808032989502 49.5805473327637 48.6849479675293 47.121955871582 47.278434753418 48.3728637695312 47.1256217956543 46.1685752868652 46.8461532592773 45.9622459411621 46.4401092529297 46.3751754760742 47.0133094787598 47.7234916687012 46.4763641357422 46.9317855834961 47.7827033996582 47.3146324157715 48.3827667236328 47.3649482727051 48.1190719604492 47.1200637817383 47.165283203125 48.2310905456543 46.8975791931152 48.0863761901855 47.0373725891113 47.9624633789062 47.6064071655273 47.8746795654297
50.0444374084473 49.9381141662598 50.6409301757812 50.0351181030273 49.4024620056152 48.6318511962891 48.9101943969727 50.1519470214844 49.9374122619629 49.1781196594238 49.3923683166504 49.9554176330566 49.3850059509277 50.3514366149902 49.0504951477051 48.5925216674805 48.7862319946289 48.6000061035156 51.4656143188477 52.0907096862793 53.247142791748 50.6843070983887 48.4395446777344 47.2876968383789 48.2877540588379 48.7513809204102 47.6731300354004 47.88623046875 47.278434753418 46.9645919799805 47.0451812744141 46.9352836608887 47.193962097168 47.0729331970215 46.7122344970703 47.8753051757812 48.0194625854492 47.9463310241699 47.9107704162598 47.6168518066406 48.4379615783691 47.1929550170898 46.9001922607422 47.9701614379883 48.3954048156738 47.2185020446777 47.3252639770508 47.8401794433594 47.4154663085938
50.1645774841309 51.0360794067383 51.2407569885254 48.9781951904297 48.6486473083496 47.7486686706543 49.6161575317383 50.597297668457 49.8206672668457 50.9890480041504 49.5985832214355 50.2441177368164 48.3668060302734 49.2365951538086 48.4567031860352 47.2701568603516 47.9021873474121 48.3348159790039 48.181209564209 49.2706832885742 49.6297340393066 52.1462745666504 50.433048248291 50.6301231384277 48.5193710327148 47.7283592224121 47.4819564819336 46.9753150939941 47.7486686706543 47.7678527832031 47.6041946411133 47.3173027038574 47.1543846130371 46.699520111084 48.1412048339844 48.2485160827637 47.8690185546875 47.9988327026367 48.5233726501465 47.6055068969727 47.6055068969727 48.5382423400879 47.434757232666 47.952392578125 47.864128112793 47.4941940307617 48.0833549499512 47.4695816040039 47.737434387207
50.1158218383789 50.8220748901367 49.7126121520996 49.5808029174805 48.5135536193848 48.6366500854492 47.8893356323242 49.7964515686035 50.524356842041 49.8735771179199 49.7265243530273 51.4027976989746 48.971508026123 51.3440704345703 49.7759857177734 49.2421684265137 48.3123664855957 48.4449157714844 48.6411666870117 50.0499992370605 53.2767028808594 54.0509948730469 50.5234870910645 49.1108322143555 50.397274017334 49.9526557922363 46.614372253418 47.3240966796875 47.3243942260742 47.8960762023926 48.3837814331055 48.0924682617188 47.1784744262695 47.763729095459 48.5926055908203 48.0254783630371 47.2593421936035 48.3748779296875 48.4131050109863 47.6055068969727 47.6645584106445 46.9778480529785 48.1132888793945 47.4820556640625 47.9898490905762 47.9083442687988 48.2557106018066 47.9990310668945 47.5085678100586
50.4412727355957 50.2954635620117 51.3945045471191 50.8675689697266 49.7304534912109 49.2890968322754 48.7210922241211 50.7077407836914 52.226921081543 51.1926956176758 53.1024398803711 53.300178527832 52.1326560974121 52.2372207641602 53.0404624938965 50.8004112243652 51.5824966430664 53.3001365661621 53.1552886962891 55.270133972168 54.3782958984375 52.4028968811035 49.2401313781738 47.9254608154297 48.5565032958984 49.2587394714355 47.8287582397461 47.871940612793 48.4187850952148 47.871940612793 47.821216583252 47.1129302978516 48.6214714050293 48.6633911132812 48.9509353637695 47.6614990234375 47.93359375 47.6981391906738 47.3717384338379 47.1398468017578 46.9867477416992 47.5688133239746 48.1532821655273 47.4796943664551 47.732063293457 48.037181854248 48.1545219421387 48.3585166931152 48.0550804138184
49.4871673583984 51.8806419372559 51.2022743225098 51.4910621643066 51.2966842651367 49.2731971740723 50.5120391845703 51.1642112731934 51.2086906433105 52.8935890197754 52.8935890197754 52.8935890197754 53.6324310302734 54.5093765258789 54.0308647155762 54.789421081543 55.173038482666 55.8469734191895 56.4015007019043 55.5050277709961 52.4670104980469 49.495002746582 48.8504219055176 47.7865180969238 47.821216583252 48.6318511962891 49.35595703125 48.5648574829102 47.7085075378418 47.7085075378418 47.4491348266602 47.0136680603027 47.0136680603027 47.8226356506348 48.0499992370605 47.8138732910156 48.2678146362305 48.625846862793 47.5824851989746 47.6816368103027 46.3751754760742 47.3965339660645 48.2143974304199 48.355770111084 47.8538665771484 47.5767936706543 48.5258750915527 48.7685508728027 49.382007598877
48.2725715637207 50.4412727355957 49.6736183166504 51.2022743225098 53.0233879089355 51.060977935791 52.692554473877 52.507682800293 51.7092781066895 52.194206237793 52.724422454834 53.4365501403809 54.1144180297852 53.572811126709 53.7812156677246 56.6990203857422 56.4524536132812 56.4524536132812 53.4731407165527 54.555233001709 53.5207214355469 51.8250770568848 48.9973335266113 47.6070556640625 48.655200958252 48.3622703552246 48.3458480834961 48.2945518493652 48.9589653015137 48.443229675293 48.443229675293 49.3670501708984 48.6253128051758 48.0891494750977 47.8205184936523 47.9732360839844 48.1982460021973 47.6002426147461 47.7821426391602 48.177734375 47.4948921203613 47.7751617431641 48.0785675048828 48.6308631896973 48.5603561401367 48.2180442810059 48.8715324401855 48.586856842041 48.3748779296875
50.0024871826172 50.0638198852539 49.1150550842285 51.0016021728516 51.1262550354004 50.9606857299805 51.2796440124512 52.0327529907227 52.2951812744141 51.0814170837402 52.1781005859375 53.0943412780762 53.4787178039551 54.373046875 56.0565299987793 55.6364707946777 55.6364707946777 54.5677299499512 52.8933792114258 52.729133605957 50.5389137268066 50.1788063049316 49.096363067627 48.6512298583984 47.6292762756348 47.9898986816406 48.9660377502441 48.2760276794434 48.9754066467285 49.8215980529785 47.9467964172363 47.3566017150879 47.2204055786133 48.2648811340332 48.4646415710449 48.1375923156738 48.2568626403809 48.3385200500488 48.2587509155273 48.9784317016602 47.6764297485352 48.4800643920898 48.4238929748535 48.5358772277832 48.909538269043 48.7042961120605 48.2292556762695 48.4800643920898 49.3735694885254
