model/data/bioclim/bclim8.asc
NCOLS 300 
NROWS 300 
XLLCORNER -125.25 
YLLCORNER 30.75 
CELLSIZE 0.0416666666666667 
NODATA_value -3.4e+38 
[rows 176 to 197 of 300, columns 245 to 293 of 300]
10.1053333282471 11.6426668167114 12.0826663970947 11.9840002059937 11.7386665344238 11.4659996032715 11.275333404541 12.3226661682129 13.2333335876465 12.9333333969116 11.2086668014526 10.9153337478638 11.1946668624878 11.0139999389648 10.4559993743896 10.0706663131714 9.37533378601074 8.86533355712891 8.78733348846436 9.19933319091797 9.88599967956543 8.76000022888184 26.490665435791 26.4740009307861 25.708667755127 23.5393333435059 23.2159996032715 22.2133331298828 22.5799999237061 23.1493339538574 24.2859992980957 28.5993328094482 27.5219993591309 27.2479991912842 27.1066665649414 25.1846675872803 25.7199993133545 23.7733325958252 21.2086658477783 22.8986663818359 26.6686668395996 28.9633331298828 26.2779998779297 20.6940002441406 18.6879997253418 17.9559993743896 17.6666660308838 18.1306667327881 18.7293338775635
11.3746662139893 12.0200004577637 11.9233341217041 11.6726665496826 11.4006662368774 11.0780000686646 10.9173336029053 12.779333114624 13.2873334884644 13.0126667022705 12.0666666030884 11.1000003814697 10.9800004959106 10.6946668624878 10.1866664886475 9.56533336639404 8.60200023651123 7.65866661071777 7.82399988174438 8.38333320617676 9.43000030517578 9.01933288574219 7.94066667556763 25.3673343658447 23.2693328857422 23.5226669311523 22.4160003662109 21.9539985656738 22.3099994659424 23.0959987640381 25.4726657867432 26.953332901001 28.474666595459 29.1580009460449 29.0620002746582 26.738000869751 26.1026668548584 24.25 21.3346672058105 24.7933330535889 27.3486671447754 29.238000869751 25.4733333587646 19.9646663665771 18.767333984375 17.2679996490479 17.8353328704834 18.1613330841064 18.5126667022705
12.0013332366943 11.9000005722046 11.6666669845581 11.0719995498657 10.7546663284302 10.7886667251587 11.0333337783813 12.710000038147 12.9433326721191 12.093334197998 11.8073329925537 10.7453336715698 10.7480001449585 10.539999961853 10.021333694458 9.35933303833008 8.43133354187012 7.35933351516724 25.2786674499512 26.4106674194336 8.88666725158691 9.1453332901001 8.52999973297119 24.9173336029053 22.5033340454102 21.6079998016357 21.5440006256104 22.0440006256104 22.3853340148926 22.6486663818359 23.1760005950928 24.0200004577637 26.6813335418701 28.9139995574951 26.5259990692139 28.7280006408691 26.9839992523193 25.1413345336914 24.4179992675781 25.8853340148926 28.0920009613037 29.0286674499512 24.4039993286133 20.4886665344238 19.4559993743896 17.8846664428711 18.5166664123535 18.7266674041748 18.3740005493164
11.6960000991821 11.6573333740234 11.2233333587646 10.2673330307007 9.92333316802979 10.5213327407837 12.1000003814697 13.2413330078125 13.2506666183472 12.0626668930054 11.3213338851929 10.3166666030884 10.4519996643066 10.5086669921875 10.0846672058105 9.43533325195312 8.61600017547607 7.64066648483276 25.1399993896484 26.1506671905518 8.65799999237061 9.06266689300537 9.03999996185303 8.54800033569336 25.8719997406006 24.3126678466797 22.0526657104492 21.966667175293 22.3073329925537 22.5580005645752 23.3726654052734 25.2053337097168 25.6266670227051 27.3719997406006 24.3193321228027 25.2613334655762 28.8759994506836 28.335334777832 28.220666885376 28.1439990997314 29.6553344726562 26.1726665496826 23.7506675720215 22.4753341674805 20.0053329467773 18.2666664123535 19.1040000915527 19.5340003967285 18.8053340911865
11.1800003051758 11.3159999847412 10.7919998168945 9.36266613006592 9.14266681671143 10.3719997406006 12.3873338699341 13.6906661987305 13.8640003204346 12.6553335189819 11.3726673126221 10.1666669845581 10.1853332519531 10.3466663360596 10.1026668548584 9.68733310699463 8.82066631317139 8.11533355712891 7.44533348083496 26.4419994354248 8.62866687774658 8.98000049591064 9.18866634368896 9.13066673278809 28.6626663208008 27.8486671447754 25.9160003662109 24.1480007171631 22.9440002441406 22.7553329467773 23.5693340301514 23.2040004730225 23.5833339691162 25.2026672363281 25.6100006103516 24.8120002746582 24.7413330078125 24.6520004272461 26.525333404541 26.8633346557617 27.1706657409668 26.3786659240723 24.8506660461426 23.4540004730225 20.1726665496826 18.5366668701172 19.4360008239746 20.1546669006348 19.4673328399658
10.5626668930054 10.8526668548584 10.1799993515015 8.61733341217041 8.68400001525879 10.550666809082 12.2799997329712 13.5873336791992 14.0799999237061 13.050666809082 12.1253337860107 11.046667098999 10.0573329925537 10.1366662979126 9.98133373260498 9.59466648101807 8.66933345794678 8.23266696929932 7.87266683578491 8.31533336639404 8.80000019073486 8.84000015258789 9.26399993896484 8.96733283996582 8.92000007629395 9.07800006866455 28.5086669921875 26.9286670684814 23.6833343505859 22.2493324279785 22.3439998626709 22.8400001525879 23.8033332824707 25.5659999847412 24.3253326416016 23.8899993896484 23.9419994354248 24.1693325042725 24.9513320922852 25.7159996032715 23.9813327789307 23.4393329620361 23.2846660614014 21.9126663208008 19.9726676940918 18.7973327636719 19.4686660766602 20.5580005645752 19.8833332061768
9.52000045776367 10.1319999694824 10.0093336105347 9.3120002746582 8.68333339691162 10.1006669998169 11.8673334121704 13.3506669998169 13.9906663894653 13.510666847229 12.6873340606689 11.239333152771 9.73200035095215 9.77799987792969 9.9660005569458 9.7586669921875 9.04399967193604 8.40999984741211 8.39066696166992 8.35666656494141 7.98799991607666 8.47000026702881 9.28066635131836 8.96266651153564 8.92733287811279 9.06133365631104 28.708667755127 27.0126667022705 24.0986671447754 21.9466667175293 21.9120006561279 22.7353343963623 23.7399997711182 23.2646675109863 23.2253322601318 23.4613342285156 23.4580001831055 23.5599994659424 25.5306663513184 24.492000579834 22.9546661376953 22.0440006256104 21.7360000610352 21.6293334960938 20.8033332824707 19.9099998474121 20.1040000915527 20.8800010681152 19.5813331604004
8.46333312988281 9.46933364868164 9.76266670227051 9.52533340454102 8.91133308410645 9.53533363342285 12.0446662902832 13.1099996566772 13.7946662902832 13.7006664276123 12.8446664810181 11.3333330154419 8.96466636657715 8.89200019836426 9.63266658782959 9.73666667938232 9.5959997177124 9.32533359527588 8.63799953460693 25.5706672668457 24.978666305542 27.0166664123535 9.32466602325439 9.26733303070068 9.12733364105225 9.06799983978271 28.6766662597656 28.291332244873 26.7553329467773 23.6033325195312 22.3506660461426 22.4440002441406 22.1479988098145 22.2259998321533 22.8699989318848 23.2193336486816 23.3786659240723 24.2606678009033 24.9466667175293 23.6766662597656 21.9426670074463 21.6259994506836 21.4300003051758 21.1846656799316 21.253999710083 21.3313331604004 21.4733333587646 21.0860004425049 19.0566673278809
7.90933322906494 8.8033332824707 9.32999992370605 9.3353328704834 9.27866649627686 10.2293329238892 11.9980001449585 13.1193332672119 13.8486671447754 13.6513338088989 12.7506666183472 11.0946664810181 8.47200012207031 8.37533283233643 9.35799980163574 9.56666660308838 9.44999980926514 9.33199977874756 8.75 25.2066669464111 23.7199993133545 26.4346656799316 9.21399974822998 9.29733371734619 9.11600017547607 9.03933334350586 28.4486656188965 28.3740005493164 27.9853324890137 26.3013343811035 24.3680000305176 21.953332901001 20.8379993438721 21.2613334655762 22.3360004425049 22.9633331298828 23.6133346557617 23.9893341064453 23.6886672973633 22.4340000152588 21.7806663513184 21.71266746521 21.521333694458 21.4026660919189 21.441333770752 21.6606674194336 21.7280006408691 20.8393325805664 18.7299995422363
8.29133319854736 8.62800025939941 8.97066593170166 9.0339994430542 9.48400020599365 11.2253332138062 12.2220001220703 13.3553333282471 13.9126672744751 13.6706666946411 13.010666847229 11.7620000839233 9.68400001525879 8.97599983215332 9.39599990844727 9.42933368682861 9.23133373260498 9.01866626739502 8.58199977874756 24.724666595459 22.1059989929199 25.1986656188965 8.76733303070068 9.06533336639404 9.01200008392334 8.93000030517578 28.2146682739258 28.1146659851074 28.0373344421387 27.7493343353271 26.4360008239746 22.771333694458 20.8746662139893 21.8613338470459 23.2346668243408 23.7360000610352 23.6453342437744 23.3819999694824 22.8353328704834 22.0813331604004 21.7806663513184 21.441333770752 21.2333335876465 21.2060012817383 21.3946666717529 21.7593326568604 21.8420009613037 21.6300010681152 20.3033332824707
8.65733337402344 9.01733303070068 9.10066604614258 9.21533298492432 10.1366662979126 11.5633335113525 12.6293334960938 13.3686666488647 13.764666557312 13.6253337860107 13.3906669616699 12.3660001754761 10.3013334274292 9.24266624450684 9.28333377838135 9.34666633605957 9.16133308410645 8.83399963378906 8.09000015258789 24.3519992828369 22.3866653442383 24.2239990234375 26.25 27.5146675109863 28.0766677856445 28.1746654510498 8.86200046539307 27.9753341674805 27.8126659393311 27.6626663208008 26.8153343200684 23.5646667480469 22.7846660614014 23.5893325805664 24.1186676025391 24.1793327331543 23.9253330230713 23.2800006866455 22.0340003967285 21.7159996032715 21.4206657409668 21.2000007629395 20.8199996948242 20.9099998474121 21.0620002746582 21.6853332519531 21.8379993438721 21.8179988861084 21.5646667480469
8.95333385467529 9.40466690063477 9.59466648101807 9.84733390808105 10.2653331756592 11.4906663894653 12.4946670532227 13.2986669540405 13.7526664733887 13.6339998245239 13.4180002212524 12.7846670150757 11.2440004348755 9.77200031280518 9.39933300018311 9.29333400726318 9.05000019073486 8.77400016784668 8.16066646575928 25.2986679077148 23.8473320007324 22.7466659545898 23.6166667938232 25.7940006256104 27.2553329467773 27.753999710083 27.6893329620361 27.8826675415039 27.5846672058105 27.1346664428711 26.8613319396973 25.2299995422363 23.7486667633057 24.4246673583984 24.2339992523193 23.9220008850098 23.5993328094482 23.2700004577637 22.2633323669434 21.2213325500488 20.8439998626709 20.8813323974609 20.8966674804688 20.8913326263428 20.8706665039062 21.2553329467773 21.5066661834717 21.5993347167969 21.6020011901855
9.18133354187012 9.76666641235352 10.0666666030884 10.3559999465942 10.6160001754761 11.0593338012695 11.7133331298828 12.7806663513184 13.550666809082 13.8366661071777 13.510666847229 13.03600025177 12.3946666717529 11.2426671981812 9.80200004577637 9.0446662902832 8.68866634368896 8.77266693115234 8.63666725158691 8.37933349609375 7.90533351898193 22.8619995117188 23.3959999084473 25.0573329925537 26.4506664276123 8.70133304595947 26.9853324890137 27.5526657104492 27.0806674957275 25.8253326416016 25.8279991149902 25.7813339233398 24.236665725708 24.4133338928223 23.3926677703857 23.1019992828369 22.7746658325195 22.439998626709 21.5599994659424 20.4366664886475 20.2626667022705 20.461332321167 20.7740001678467 21.0013332366943 21.0699996948242 20.7726669311523 20.8586654663086 21.0713329315186 21.2706661224365
9.43933296203613 10.1833333969116 10.5246667861938 10.6526670455933 10.7466669082642 10.5980005264282 10.7866668701172 11.7200002670288 12.7086668014526 13.5233335494995 13.8826665878296 13.3706665039062 12.7786664962769 11.7340002059937 10.0766668319702 8.70466709136963 8.31599998474121 8.74666690826416 8.9060001373291 8.84933280944824 8.53400039672852 24.8886661529541 23.3393325805664 25.3446655273438 26.3379993438721 8.5533332824707 27.3120002746582 27.2059993743896 26.6033325195312 25.1986656188965 24.0240001678467 25.0606670379639 25.4946670532227 24.5106658935547 23 22.2000007629395 21.7586669921875 21.0480003356934 20.1626663208008 20.228666305542 20.6093330383301 20.6720008850098 20.9606666564941 20.8713340759277 21.0646667480469 20.8973331451416 20.2719993591309 20.3680000305176 20.5673332214355
9.25333309173584 10.4606666564941 10.9206666946411 10.9186668395996 10.7779998779297 10.3933334350586 9.88000011444092 10.1266670227051 11.2946662902832 12.2740001678467 13.808666229248 13.4913339614868 12.8280000686646 11.8293333053589 10.2773332595825 8.4806661605835 8.94333362579346 9.60599994659424 9.55533409118652 9.34866619110107 9.08800029754639 8.13933372497559 24.0779991149902 7.98066711425781 8.40133380889893 8.52999973297119 8.52666664123535 26.8953342437744 26.4099998474121 25.2446670532227 23.1860008239746 24.1319999694824 25.1466655731201 25.0480003356934 23.4839992523193 21.7046661376953 20.8500003814697 20.8600006103516 20.7346668243408 20.7526664733887 20.8740005493164 20.6626663208008 20.8540000915527 20.8113327026367 20.9933338165283 20.7613334655762 19.8073329925537 20.0020008087158 20.3839988708496
9.04133319854736 10.5773334503174 11.2533330917358 11.2013330459595 10.8286666870117 10.2200002670288 9.28200054168701 8.85866641998291 10.4460000991821 12.0393333435059 13.6640005111694 13.7159996032715 13.1053333282471 12.1026668548584 10.3806667327881 8.53800010681152 9.51800060272217 10.0520000457764 9.93466663360596 9.77533340454102 9.59533309936523 8.88000011444092 24.691333770752 8.04533290863037 8.63333320617676 8.57133293151855 8.38999938964844 26.5573329925537 26.2313327789307 25.3406658172607 23.5226669311523 24.1459999084473 24.9566669464111 25.3066673278809 24.720666885376 23.6380004882812 21.275333404541 21.2413330078125 21.3626670837402 20.9853324890137 20.7306671142578 20.525333404541 20.6000003814697 20.8793334960938 20.9026660919189 20.7266674041748 20.0520000457764 19.8073329925537 20.4273338317871
8.74199962615967 10.6653337478638 11.4393329620361 11.442666053772 11.050666809082 10.4626665115356 9.59799957275391 9.6986665725708 11.0900001525879 12.5906667709351 13.9173336029053 14.0133333206177 13.4113330841064 12.3233327865601 10.8486661911011 9.37133312225342 9.86733341217041 10.2340002059937 10.2593336105347 10.1899995803833 10.1300001144409 9.67199993133545 8.47000026702881 8.69799995422363 8.80666637420654 8.46266651153564 8.20600032806396 25.9540004730225 25.71266746521 25.3400001525879 24.3613338470459 24.7353324890137 24.9179992675781 25.5446662902832 25.1759986877441 23.9720001220703 21.7900009155273 22.1700000762939 22.1580009460449 21.6399993896484 21.3966674804688 20.9973335266113 20.7913341522217 20.9213333129883 20.7226657867432 20.3999996185303 19.6506671905518 19.8013324737549 20.0520000457764
9.10200023651123 10.7620000839233 11.5520000457764 11.6633338928223 11.4053335189819 10.966667175293 10.6719999313354 11.1026668548584 11.9513339996338 13.1333332061768 14.0786666870117 14.3520002365112 13.7113332748413 12.720666885376 11.6046667098999 10.1440000534058 9.83866691589355 10.2873334884644 10.5173330307007 10.5433330535889 10.6040000915527 10.2980003356934 9.16199970245361 9.17266654968262 8.70266628265381 8.1366662979126 25.0686664581299 24.5219993591309 24.4433326721191 24.5126667022705 24.7479991912842 25.2980003356934 25.6019992828369 25.7606658935547 25.6240005493164 23.8759994506836 22.753999710083 22.6979999542236 22.5646667480469 21.9393329620361 21.8759994506836 21.5939998626709 20.7253341674805 20.5126667022705 20.8719997406006 20.4839992523193 19.8553333282471 19.7466659545898 19.5886669158936
9.46199989318848 10.6166667938232 11.546667098999 11.7706670761108 11.6926670074463 11.3059997558594 11 11.5240001678467 12.4986667633057 13.7840003967285 14.3879995346069 14.4273328781128 13.739333152771 12.9146671295166 12.003999710083 10.7266664505005 9.73799991607666 10.2706670761108 10.7320003509521 10.8186664581299 10.8073329925537 10.703332901001 10.2593336105347 9.51799964904785 8.63000011444092 25.1879997253418 23.4486656188965 22.1893329620361 21.2660007476807 22.7813339233398 24.0353336334229 25.093334197998 26.0126667022705 26.4513339996338 25.8946666717529 25.5300006866455 24.2266674041748 22.8980007171631 22.5620002746582 21.5473327636719 21.8199996948242 21.8199996948242 21.2760009765625 20.8613338470459 21.1173324584961 20.9973335266113 20.4886665344238 19.8346672058105 19.6793327331543
9.80000019073486 10.7760000228882 11.5813331604004 11.8593330383301 11.9666662216187 11.7286672592163 11.6973333358765 12.6093330383301 13.6199998855591 14.5433330535889 14.5806665420532 14.2293338775635 13.6180000305176 12.9046669006348 12.1120004653931 11.1513328552246 9.33266639709473 10.1719999313354 11.0046672821045 11.1219997406006 11.0573329925537 10.9446668624878 10.466667175293 9.42066669464111 8.67333316802979 25.0126667022705 22.5946674346924 19.4599990844727 19.7553329467773 22.0573329925537 23.8206672668457 25.1013336181641 26.2253322601318 26.8613338470459 26.2233333587646 24.8753337860107 24.3239994049072 23.2233333587646 22.453332901001 21.7053337097168 21.8713340759277 22.1873321533203 21.8133335113525 21.5820007324219 21.4026660919189 21.2473335266113 20.67799949646 19.8699989318848 19.7740001678467
10.0993328094482 10.8053331375122 11.3079996109009 11.7773332595825 12.2053337097168 12.1793336868286 11.949333190918 12.8959999084473 14.1006669998169 14.5633335113525 14.4653329849243 14.228666305542 13.7153329849243 12.8353328704834 11.7953338623047 11.0900001525879 9.84000015258789 10.1040000915527 11.2199993133545 11.3926668167114 11.3293333053589 11.2160005569458 10.8660001754761 10.2519998550415 26.0400009155273 24.5439987182617 22.3479995727539 19.0393333435059 20.0033340454102 22.4986667633057 24.3439998626709 25.5579986572266 26.6133327484131 26.9833335876465 25.7393341064453 24.2299995422363 23.2933330535889 22.9033336639404 23.0480003356934 22.5246658325195 22.5020008087158 22.3306674957275 21.8553333282471 21.4933338165283 21.3146667480469 21.2840003967285 20.9540004730225 20.2373332977295 20.0306663513184
10.6219997406006 10.9553337097168 10.9353332519531 11.6726665496826 12.3433332443237 12.5466661453247 12.0193338394165 12.4419994354248 14.2273330688477 14.4940004348755 14.3360004425049 14.3446664810181 14.0240001678467 13.3120002746582 12.3299999237061 11.5740003585815 10.0993328094482 10.5220003128052 11.3053331375122 11.5626668930054 11.5093336105347 11.3526668548584 11.1026668548584 10.6266670227051 9.26333332061768 24.2373332977295 23.0893325805664 20.4806671142578 21.1580009460449 23.2000007629395 24.720666885376 26.076000213623 27.1293334960938 26.9400005340576 24.9806671142578 23.8799991607666 23.808666229248 24.1166667938232 24.1893329620361 23.5166664123535 23.1560001373291 21.8426666259766 21.6326656341553 21.3773326873779 21.0526676177979 20.9540004730225 20.8686656951904 20.466667175293 19.9253330230713
