model/data/bioclim/bclim17.asc
NCOLS 300 
NROWS 300 
XLLCORNER -125.25 
YLLCORNER 30.75 
CELLSIZE 0.0416666666666667 
NODATA_value -3.4e+38 
[rows 40 to 79 of 300, columns 178 to 266 of 300]
34 34 46 57 52 42 36 34 36 42 37 36 39 45 42 41 41 40 39 39 39 39 39 41 41 41 41 41 41 42 43 44 44 44 44 45 45 46 47 51 49 52 60 65 71 71 59 56 54 57 59 59 59 59 59 56 54 57 59 58 55 52 52 55 61 70 75 72 64 59 57 57 55 57 60 65 70 61 58 55 51 52 54 55 61 64 64 61 58
33 34 40 52 56 39 33 33 33 33 38 39 41 42 40 38 37 38 38 36 39 39 39 42 41 42 42 42 42 43 44 44 45 46 44 50 53 50 48 53 53 56 59 71 86 74 57 54 54 58 58 54 59 61 58 56 53 53 59 64 55 52 53 53 58 70 76 75 65 60 57 57 56 57 59 65 59 56 52 53 56 59 56 51 51 53 58 58 59
32 34 46 59 52 38 33 31 31 32 33 38 39 38 35 36 34 36 39 36 39 41 40 42 42 42 42 43 43 43 44 46 48 52 48 48 48 48 48 52 50 53 60 78 76 62 57 54 53 56 56 54 54 56 56 53 53 53 59 64 55 52 50 53 55 64 73 74 71 62 57 57 56 57 59 62 55 53 51 52 61 66 60 53 50 50 53 52 60
31 37 54 58 42 35 33 31 31 32 32 33 33 33 33 34 33 33 36 41 42 40 40 42 43 43 43 44 45 46 50 56 53 56 50 54 54 51 50 48 48 48 56 64 71 60 55 53 51 54 59 56 51 51 56 53 59 61 58 58 55 51 51 51 53 56 63 73 72 62 57 55 57 54 54 56 52 52 51 56 61 62 58 54 61 61 58 46 50
31 34 43 52 40 33 31 30 30 32 33 32 32 32 32 33 33 35 38 43 46 44 42 44 44 45 43 46 49 52 51 53 52 56 56 58 58 55 55 49 48 48 51 58 65 62 54 51 51 54 58 57 51 50 51 54 63 68 60 56 56 51 49 51 51 54 57 60 65 60 57 57 60 54 52 52 54 52 54 55 57 57 56 61 65 67 60 44 47
33 34 34 40 39 31 30 30 30 38 36 32 32 32 33 34 33 36 41 50 53 50 47 47 49 46 46 48 48 48 46 47 47 52 57 66 67 63 57 50 48 48 51 65 66 62 54 51 50 50 53 53 49 48 48 56 61 63 60 56 59 53 49 49 50 52 57 56 65 65 59 60 57 54 54 57 57 53 54 56 57 59 59 65 70 63 50 41 41
33 37 36 33 30 30 30 30 31 35 35 32 32 32 34 38 36 36 41 45 53 56 50 49 55 51 49 45 42 43 43 43 46 52 57 65 59 56 50 47 47 48 58 70 65 59 52 51 50 49 50 49 48 48 49 52 54 57 60 59 54 49 49 50 50 50 52 57 70 63 56 56 56 59 60 59 57 54 53 56 58 61 65 70 64 53 44 38 38
33 40 36 30 30 30 30 30 31 36 33 32 32 35 35 38 35 36 38 44 53 56 53 51 53 50 43 40 40 41 43 46 46 48 54 57 56 50 47 47 47 52 59 62 57 53 51 51 49 48 48 49 50 50 49 49 49 52 55 54 49 48 48 50 48 49 50 50 53 60 53 54 55 60 67 61 58 55 55 56 58 61 67 69 60 47 41 37 37
33 43 38 31 30 30 30 30 33 42 33 32 38 43 35 33 33 35 36 39 45 57 61 53 44 42 39 39 40 42 42 42 43 45 49 50 54 50 47 49 55 56 54 54 54 51 49 48 48 47 49 53 56 53 51 47 48 50 50 51 49 48 49 48 48 48 48 49 51 58 58 54 58 60 64 58 57 56 57 56 57 61 70 74 60 44 38 37 37
32 43 37 31 30 30 30 30 36 39 33 37 48 45 35 33 33 33 35 39 42 44 39 39 39 39 39 39 40 44 46 46 43 46 47 49 55 56 53 55 58 52 51 54 53 50 48 50 47 48 51 58 60 54 50 48 47 50 50 48 48 47 47 48 48 47 47 48 53 61 52 56 63 58 56 57 60 62 62 59 57 60 65 69 60 44 41 39 38
30 37 33 31 30 30 29 30 36 35 35 45 51 41 33 32 32 33 33 33 33 33 36 40 38 38 41 42 46 46 46 47 44 46 48 51 57 62 59 59 51 47 48 53 61 53 49 48 49 49 54 58 57 52 48 45 47 50 50 49 48 47 47 47 48 47 47 48 48 50 50 53 61 58 55 55 65 70 71 64 59 59 59 58 53 53 46 38 36
30 32 32 30 30 29 29 29 30 32 36 45 36 32 32 31 31 31 32 33 33 37 39 39 41 43 41 42 44 45 44 45 43 44 47 54 61 61 57 53 48 46 49 56 63 54 49 49 49 54 62 57 50 48 46 44 51 52 48 48 48 47 47 47 48 50 50 51 48 48 52 55 58 55 53 53 58 65 70 64 59 58 57 56 62 69 56 38 34
30 33 30 30 30 29 29 30 30 36 36 32 30 29 30 30 30 31 31 32 33 33 39 45 44 40 38 39 43 41 39 42 42 44 45 51 59 63 59 48 45 45 49 54 53 49 49 49 51 56 59 51 47 45 45 44 49 48 45 45 46 47 48 50 58 71 61 61 51 54 61 68 63 54 51 53 55 68 66 61 56 56 56 61 66 71 49 35 34
34 37 30 28 28 30 29 29 30 36 33 29 29 29 29 30 30 31 31 33 33 35 41 48 41 39 36 37 39 39 39 41 44 43 42 45 53 55 49 45 44 49 54 54 49 46 49 49 54 58 57 47 44 43 44 43 47 46 45 45 47 48 49 56 73 93 70 57 51 54 60 72 68 56 50 50 53 71 71 59 53 53 56 65 69 59 39 32 39
30 33 30 30 33 36 30 28 28 32 30 29 29 29 29 30 30 30 31 32 33 36 41 41 38 36 36 36 37 38 39 41 41 39 41 42 51 48 44 44 44 52 57 51 45 49 52 52 55 54 49 45 43 43 43 43 45 44 45 46 48 49 55 64 81 92 65 54 49 51 56 67 66 56 50 50 55 73 79 59 52 52 56 61 69 52 36 31 39
29 29 30 33 40 45 36 31 30 30 33 33 31 29 30 30 30 31 31 31 33 34 36 36 37 36 36 36 41 39 40 42 38 39 41 44 52 46 43 41 44 49 57 51 45 47 52 55 54 51 43 40 40 42 43 43 43 44 46 46 47 53 63 77 95 92 61 52 49 50 53 57 57 52 50 50 55 77 74 54 51 51 53 55 60 49 32 27 30
30 30 32 40 52 53 42 35 33 34 36 33 31 29 30 30 30 30 31 31 32 33 34 37 39 37 38 37 47 41 43 41 37 37 37 44 50 42 41 40 43 45 48 45 45 49 52 51 46 44 40 41 52 50 44 43 43 44 46 46 49 57 70 80 95 92 60 50 50 50 50 51 51 50 50 50 54 74 64 51 51 51 52 56 59 45 31 25 25
30 30 33 43 52 62 45 36 33 36 33 30 29 30 30 30 30 30 30 32 32 33 35 37 39 39 40 40 41 40 40 37 37 37 37 42 48 42 40 42 43 42 43 40 43 47 50 44 40 40 38 43 46 43 43 43 44 46 46 48 50 58 62 63 73 78 65 50 50 49 49 49 49 49 50 50 51 67 59 51 51 49 51 58 65 56 31 25 24
30 30 31 37 49 49 46 39 36 33 30 30 33 32 32 31 31 30 31 32 32 33 37 44 43 42 43 43 43 37 35 37 37 37 37 39 43 44 42 43 41 40 40 41 44 48 43 39 38 39 43 45 42 43 45 44 46 47 49 50 55 72 69 61 63 73 63 49 49 49 49 49 49 49 50 51 51 63 56 50 51 49 48 54 65 64 37 29 27
30 30 30 34 45 43 52 42 32 32 34 40 42 37 37 34 33 32 32 32 32 33 36 48 47 46 45 43 37 34 35 35 37 37 37 42 47 50 45 41 39 39 39 40 44 41 37 38 41 47 46 41 41 43 45 47 48 49 53 62 73 88 74 60 58 68 58 50 49 49 49 52 54 51 51 51 51 61 56 50 50 50 48 51 67 64 48 33 29
31 30 30 31 37 43 43 36 32 34 42 42 37 35 37 37 36 34 32 32 32 32 34 45 51 45 40 35 34 34 35 36 36 38 39 45 52 56 45 41 38 38 38 39 42 39 43 41 43 44 42 41 43 44 46 49 51 54 62 73 88 86 62 56 58 65 58 51 50 50 51 52 58 51 51 51 51 56 55 50 50 49 47 52 68 71 61 35 27
35 30 30 30 34 43 40 33 33 39 36 36 34 34 37 40 48 43 35 33 32 32 32 35 37 35 35 35 34 36 38 38 37 40 41 45 50 49 44 41 38 41 43 43 43 47 52 42 43 41 41 43 44 45 49 53 61 78 84 91 94 64 57 56 56 59 55 53 52 51 51 52 60 53 51 51 59 72 58 52 50 49 47 51 68 71 53 34 26
37 32 31 31 32 37 38 35 36 39 39 36 34 36 42 52 52 51 40 35 32 33 33 33 33 35 40 43 45 45 42 38 37 38 40 43 46 49 46 43 42 46 50 53 52 49 45 42 42 42 42 44 46 47 55 75 89 86 92 99 80 59 55 55 56 58 56 56 53 52 52 57 63 54 54 56 69 83 66 52 51 49 47 50 68 73 55 36 28
36 32 32 32 32 38 38 37 43 52 42 36 34 37 45 53 54 52 43 37 34 33 33 33 33 36 44 49 44 38 38 37 37 39 39 40 42 43 43 40 43 46 52 55 52 47 42 42 43 47 44 44 48 51 57 72 91 99 105 89 66 56 55 55 55 56 57 58 55 55 56 71 74 63 59 66 80 75 61 52 52 50 48 50 73 65 54 41 27
36 35 35 32 32 34 37 40 51 54 39 34 33 36 41 43 45 43 37 35 33 33 33 33 35 35 41 44 40 38 41 39 38 38 38 38 40 42 44 46 41 46 49 54 50 46 44 47 46 49 44 47 49 50 55 63 74 90 99 74 58 56 54 54 54 55 58 63 57 57 63 77 91 73 70 71 68 61 54 52 51 50 48 52 78 71 49 37 29
39 42 40 35 35 33 36 42 49 43 36 33 33 33 34 37 37 39 34 33 34 34 34 35 35 36 41 46 42 41 39 38 38 38 39 43 46 43 50 51 43 45 55 66 55 49 52 49 49 48 44 45 48 51 63 80 86 93 86 62 54 53 53 54 54 55 59 61 57 57 64 85 80 72 75 68 60 54 52 51 51 49 48 59 79 79 55 41 31
40 46 43 38 37 34 35 45 51 39 33 33 33 33 34 34 34 34 34 34 35 35 37 43 44 44 45 52 47 41 38 38 38 39 42 47 46 42 50 48 42 43 50 60 55 52 54 53 56 48 45 47 48 53 67 86 99 87 71 57 54 53 53 54 55 55 57 55 56 57 60 65 67 63 63 60 56 53 52 52 51 50 48 62 81 78 58 52 37
44 48 40 35 34 34 38 49 53 36 33 33 33 33 34 34 34 34 34 35 35 40 52 56 49 52 52 49 44 39 38 38 39 42 42 42 40 46 51 46 42 42 47 55 65 60 57 53 53 47 45 46 48 53 64 78 94 72 57 54 54 53 54 55 56 55 55 55 56 56 58 60 60 58 57 54 54 53 54 55 52 50 48 48 64 86 66 58 42
41 47 38 34 32 34 44 62 46 35 33 33 33 33 39 36 34 34 34 36 39 48 61 66 52 55 52 44 41 38 38 38 38 39 39 40 43 51 50 45 42 42 51 58 69 63 56 52 50 47 46 47 49 59 70 86 91 62 54 54 54 53 55 56 56 57 59 60 56 57 59 64 60 57 54 54 54 57 65 62 56 51 48 46 50 74 60 46 39
36 47 39 33 32 36 45 56 43 34 33 33 33 36 39 34 34 34 35 37 43 54 61 62 52 49 49 44 41 38 38 38 38 39 42 50 59 58 50 45 42 45 49 55 63 59 54 51 49 49 47 49 51 56 64 73 70 54 54 54 55 55 57 59 59 59 59 65 58 64 64 61 59 57 55 54 55 62 76 69 61 52 49 47 46 53 53 45 36
39 45 40 33 32 39 40 46 40 34 34 34 40 44 41 36 35 34 37 41 47 52 55 60 49 47 46 41 38 38 38 38 39 45 56 61 61 53 47 45 43 45 47 58 66 59 54 50 49 48 49 50 54 59 64 68 65 54 54 54 56 60 65 64 64 62 59 57 60 74 72 64 59 57 54 56 58 64 77 72 68 55 47 46 47 66 63 45 39
48 45 36 33 34 43 42 37 35 36 40 40 43 49 43 38 36 35 38 44 51 55 49 49 47 46 42 38 38 38 38 41 48 54 61 58 52 48 47 45 44 45 48 58 63 65 55 51 49 49 49 52 57 68 79 76 59 55 55 56 57 61 66 75 75 70 60 58 65 83 84 69 58 56 57 58 61 64 66 65 65 53 48 47 52 70 58 47 45
36 37 33 31 34 42 38 33 34 40 46 43 42 40 43 42 38 35 38 46 49 49 44 44 41 44 40 38 38 38 43 53 55 56 59 53 48 47 45 45 45 46 52 55 58 61 54 52 49 49 51 53 58 68 89 86 56 55 59 60 60 60 66 75 83 75 64 61 64 79 85 75 61 58 57 58 62 65 65 66 68 59 56 50 50 54 61 55 51
39 35 31 30 33 38 33 32 35 45 56 49 46 42 39 37 36 36 38 47 52 47 41 41 41 38 38 38 41 47 57 61 55 53 53 50 47 45 45 45 47 51 61 62 54 54 54 54 52 52 52 54 61 73 94 79 56 57 61 70 66 63 66 68 69 73 68 62 62 74 88 74 66 61 58 57 61 64 60 63 71 66 64 59 52 53 61 56 50
42 33 33 30 30 32 30 30 37 48 51 46 49 45 40 36 36 36 41 52 52 46 40 41 43 41 43 45 49 52 64 59 52 48 47 47 46 47 47 47 50 57 66 57 51 51 51 54 54 52 52 57 65 79 85 62 55 56 60 71 71 67 64 66 66 65 64 61 62 69 88 78 80 61 57 57 57 56 57 61 65 69 64 68 51 50 53 53 46
38 31 30 28 28 28 29 33 36 43 44 40 40 40 37 36 37 39 46 57 47 41 41 46 44 44 49 52 49 46 56 53 49 48 48 48 48 48 50 50 55 58 64 54 51 52 52 55 55 52 53 59 67 86 79 57 55 57 59 63 72 71 63 63 65 62 62 61 61 69 93 98 88 64 57 55 54 55 57 58 64 72 69 60 48 48 53 56 47
33 26 26 26 28 29 33 41 37 37 37 37 37 37 37 37 38 43 50 49 41 40 46 52 47 49 58 57 46 46 48 50 49 51 51 51 50 50 50 53 56 58 64 53 52 52 52 63 63 53 55 58 63 76 71 57 58 58 59 66 71 68 62 65 67 62 60 61 62 68 94 92 78 60 54 54 54 59 61 61 66 73 66 56 50 50 58 61 53
26 26 26 26 28 32 45 48 38 36 36 37 37 37 37 37 40 46 47 40 40 41 43 49 49 52 57 55 46 46 46 52 59 61 56 50 50 50 50 53 55 61 61 52 52 52 55 73 68 57 55 57 60 66 66 62 59 58 63 74 66 63 64 69 70 62 60 61 62 68 90 86 67 57 54 53 58 72 76 66 75 83 75 62 52 49 56 54 52
25 26 26 28 29 33 42 45 36 36 36 37 37 39 38 39 42 46 41 40 40 42 43 49 49 49 49 49 46 46 47 54 61 57 53 52 52 53 55 55 56 63 56 52 52 52 52 71 73 60 55 57 60 66 77 74 64 63 71 74 67 61 65 73 68 61 60 62 64 75 101 75 59 54 53 54 66 92 80 69 72 85 92 70 51 45 46 47 47
25 26 26 28 30 32 36 39 37 36 37 37 38 40 43 43 40 43 40 41 43 43 46 52 49 46 46 46 46 46 50 56 63 58 54 58 61 61 63 58 59 61 53 53 53 53 54 63 75 60 58 58 61 66 79 76 68 73 68 64 61 64 69 65 62 60 61 65 69 80 85 63 54 52 53 57 76 86 69 65 69 86 89 65 45 42 42 45 45
