model/data/bioclim/bclim18.asc
NCOLS 300 
NROWS 300 
XLLCORNER -125.25 
YLLCORNER 30.75 
CELLSIZE 0.0416666666666667 
NODATA_value -3.4e+38 
[rows 117 to 155 of 300, columns 176 to 263 of 300]
54 46 41 41 43 47 44 41 41 41 39 39 39 40 43 49 52 52 47 46 46 46 48 52 59 66 72 74 68 58 52 50 52 57 69 69 65 53 49 47 47 50 55 60 57 55 60 57 49 48 48 48 49 49 51 57 72 91 93 78 72 66 62 60 59 59 60 61 61 67 80 75 69 69 75 70 71 84 76 71 69 69 70 74 79 89 96 98
48 43 41 41 43 47 44 41 42 41 38 38 38 40 42 50 60 54 47 45 44 45 47 49 55 57 60 63 57 57 49 49 50 54 67 67 63 53 47 47 47 47 52 62 57 54 57 54 49 48 48 49 49 50 54 62 77 110 94 76 69 64 61 61 59 59 60 62 66 68 71 72 69 75 75 68 69 76 79 73 70 70 74 79 82 93 94 87
46 43 42 41 42 42 42 41 42 39 38 37 37 37 40 45 54 51 47 45 44 44 47 51 56 54 54 53 51 51 48 49 48 52 59 61 57 52 47 47 47 47 51 57 58 54 51 51 49 49 49 49 50 52 59 64 79 109 82 69 64 61 62 61 58 58 61 66 68 66 68 70 73 74 66 65 69 74 78 75 71 71 74 83 96 95 88 84
43 45 43 42 42 44 43 42 39 37 36 37 37 37 39 43 49 49 48 45 41 45 50 56 59 55 51 54 49 48 47 48 48 51 56 60 53 49 47 47 47 47 52 57 57 51 49 49 48 49 49 51 54 69 74 74 85 85 71 63 59 60 67 63 60 59 60 64 65 65 67 70 75 68 63 66 68 75 79 74 70 70 74 80 96 97 87 82
39 43 45 45 45 48 47 42 38 36 36 36 37 37 39 42 46 47 44 41 41 46 51 56 53 54 49 51 51 47 47 47 47 49 53 58 53 48 46 47 49 49 49 50 47 48 48 48 51 51 53 58 68 84 84 83 84 72 65 60 58 60 61 61 60 61 60 60 66 64 67 74 73 65 63 65 70 77 74 71 69 69 72 77 82 91 85 79
38 43 48 47 46 51 44 39 36 36 36 37 37 37 39 40 46 48 42 39 39 43 46 50 51 47 47 53 51 48 46 45 47 49 52 57 55 49 48 48 51 56 52 48 48 48 48 50 53 55 65 78 78 91 79 74 73 65 60 58 58 62 60 58 65 67 64 62 60 62 64 69 66 63 61 64 67 70 71 69 68 68 70 73 78 89 93 84
38 45 49 46 44 44 40 36 36 36 37 38 37 37 39 40 43 45 41 38 37 38 41 45 47 44 43 50 50 48 45 45 48 50 55 60 58 51 48 51 57 60 56 50 48 48 48 53 58 60 70 83 101 83 74 73 65 60 60 57 59 62 57 57 61 68 71 66 64 61 61 65 66 61 61 61 63 66 73 75 68 68 69 70 73 79 86 86
35 40 42 41 41 39 36 36 36 40 42 42 39 39 39 40 44 43 38 37 37 37 38 40 46 43 43 48 50 47 45 45 48 53 58 60 61 51 50 53 61 61 56 50 47 48 48 52 60 67 75 85 84 72 67 65 60 59 58 57 59 57 57 57 59 64 69 79 71 65 61 63 66 62 60 59 61 67 72 88 73 67 67 69 71 74 78 83
35 38 38 37 37 36 36 37 41 49 54 45 42 39 39 40 43 42 38 36 36 36 38 38 40 40 41 43 45 44 45 47 51 60 73 73 59 53 50 53 58 64 58 50 47 47 47 52 62 71 72 81 75 67 64 61 59 59 58 57 59 59 56 56 59 62 68 81 80 68 61 61 65 63 59 58 59 63 71 92 79 69 67 67 69 70 74 76
42 39 37 37 36 36 38 39 42 44 48 44 43 39 37 39 42 42 38 36 35 36 37 38 41 40 40 42 42 42 45 50 55 62 71 73 60 54 53 55 59 65 61 52 47 47 48 54 62 72 67 67 64 63 62 61 59 58 59 61 61 56 56 56 58 63 70 81 81 68 60 63 70 62 58 58 58 62 69 84 82 72 69 66 66 69 71 72
43 41 38 37 37 38 38 42 45 48 46 40 42 37 36 36 38 39 38 37 36 37 37 37 40 40 40 41 42 42 47 52 57 67 68 75 65 58 55 55 57 62 64 53 47 47 49 55 66 65 61 58 57 59 63 71 61 59 61 66 65 56 56 56 59 65 70 70 73 66 59 63 65 62 58 58 58 65 71 84 86 76 75 71 66 66 68 69
40 44 41 39 38 38 38 39 42 44 43 39 36 36 36 36 37 38 38 38 37 37 37 37 39 40 40 42 42 42 44 49 52 57 59 64 69 61 57 56 56 59 68 58 49 49 51 57 63 59 55 54 54 56 64 77 63 61 65 74 67 56 56 57 58 68 70 65 63 62 60 67 64 60 57 57 57 64 70 86 95 76 69 71 70 68 66 67
41 47 48 44 42 39 37 36 36 36 37 38 36 36 36 36 37 37 38 38 37 37 37 38 39 40 40 42 42 42 44 46 49 51 54 56 66 66 58 56 54 58 68 59 50 49 54 59 56 54 53 51 51 53 58 73 63 63 70 78 63 56 56 56 58 66 67 61 59 57 62 69 62 59 57 57 58 62 67 78 83 70 66 66 66 67 66 68
42 44 49 50 49 42 35 34 33 33 36 39 37 38 37 38 37 38 39 39 38 39 39 41 43 43 42 42 42 42 44 46 46 49 51 53 58 68 63 57 54 54 58 54 51 51 53 57 57 53 51 51 51 51 53 69 65 70 70 69 61 58 57 60 59 58 63 57 54 59 64 69 63 58 57 57 59 61 66 70 70 66 63 63 61 66 68 70
47 50 51 50 46 43 37 34 34 34 36 40 40 44 42 41 39 41 41 42 39 39 39 43 47 48 44 43 42 41 44 45 46 48 48 51 55 63 68 58 55 54 54 51 51 52 56 61 58 53 51 50 50 50 55 62 67 71 67 67 62 60 59 62 60 57 55 52 56 61 65 71 64 59 57 57 59 64 66 69 70 66 62 61 61 63 68 72
57 52 60 49 42 37 34 34 34 36 40 42 45 50 47 43 41 42 43 43 40 38 38 43 48 51 48 45 44 43 43 43 46 47 48 50 53 61 65 60 56 54 53 56 53 56 59 57 53 53 50 50 50 52 55 60 67 72 70 72 67 64 62 64 58 59 51 53 57 61 66 70 63 59 58 58 61 68 68 71 78 70 63 61 63 65 70 74
57 50 48 43 40 34 34 34 35 38 42 42 49 52 48 46 43 42 40 40 39 37 37 38 40 45 48 48 45 43 43 43 46 48 46 48 50 60 65 60 55 53 54 58 57 56 59 55 52 50 50 50 50 52 57 62 67 72 74 74 77 74 64 61 54 51 58 58 60 65 71 73 63 60 58 59 63 70 70 70 75 70 61 61 65 67 72 76
45 47 44 42 37 34 34 34 36 38 42 44 47 44 43 43 42 40 39 38 37 35 36 36 36 40 45 52 50 43 43 43 45 45 45 46 50 55 57 55 53 53 53 58 56 55 55 52 50 50 51 50 51 55 66 69 74 76 72 74 84 75 63 56 50 55 56 53 55 60 63 64 62 60 59 61 66 75 72 70 65 63 63 63 65 72 79 82
42 44 45 42 38 37 36 38 38 40 42 47 44 40 40 41 40 38 38 37 35 36 36 36 37 40 45 50 50 45 44 45 47 47 45 46 48 54 57 53 52 50 54 60 60 55 53 52 52 52 52 54 57 57 66 65 68 66 64 70 73 62 55 50 48 53 53 53 56 60 60 60 60 60 63 68 73 77 74 70 65 61 65 65 65 71 76 79
38 42 44 44 43 42 43 43 42 43 45 44 41 39 39 40 39 38 36 36 38 39 40 39 40 40 42 45 47 45 45 47 47 45 45 45 46 52 54 52 50 50 55 64 63 57 54 52 52 54 59 67 61 59 58 56 59 61 59 71 73 62 53 48 46 52 50 55 62 66 62 59 59 62 66 74 81 79 74 67 63 67 72 71 69 71 75 76
36 40 42 42 46 46 51 54 49 47 46 41 39 38 39 39 39 37 36 43 50 49 43 41 42 41 42 44 47 45 45 45 45 44 43 44 45 48 56 50 50 50 55 63 71 62 56 57 57 57 63 74 66 59 54 54 54 54 55 68 64 58 52 48 45 52 52 58 72 74 64 61 59 61 66 77 87 81 74 63 67 76 77 75 75 74 74 74
36 37 39 40 43 45 48 52 52 48 44 44 38 38 40 38 36 34 36 40 48 49 42 40 41 42 43 46 46 45 45 45 44 44 44 45 45 49 54 50 50 51 54 64 68 60 55 52 54 56 62 72 73 63 56 51 50 50 54 63 60 57 54 50 45 46 52 61 90 78 66 62 59 60 66 74 85 81 74 67 63 77 83 81 76 76 76 76
37 36 37 41 43 43 45 48 50 48 42 40 37 37 36 36 36 35 36 36 37 40 38 39 41 42 43 44 43 42 43 43 44 44 45 45 47 52 55 50 50 51 58 68 68 59 54 51 51 54 61 68 82 67 61 52 50 49 50 54 61 62 62 53 46 44 48 60 64 82 64 59 57 59 63 73 76 81 74 70 62 88 95 77 76 77 78 78
35 37 39 43 46 46 45 48 50 45 39 37 37 37 37 38 38 36 36 36 33 37 41 41 40 41 42 44 42 42 44 44 44 45 45 46 51 56 58 52 52 54 68 66 60 56 51 49 49 51 57 64 73 63 59 53 51 49 47 50 57 66 68 57 46 44 46 56 56 70 71 58 57 59 63 73 81 80 73 68 59 66 87 73 68 75 82 82
26 28 35 37 39 42 45 45 42 39 38 37 39 39 43 43 42 39 34 33 33 35 42 41 43 41 42 44 43 44 47 47 46 46 48 50 55 58 61 56 52 59 67 59 54 51 49 47 48 48 53 60 64 59 57 53 51 49 47 47 59 77 76 64 51 44 44 52 52 63 68 56 57 60 66 74 102 94 71 63 55 54 66 66 63 70 78 86
21 22 26 32 42 41 38 36 37 35 39 42 41 43 45 46 43 38 34 32 32 32 38 40 40 41 43 45 46 48 49 49 49 49 53 53 57 60 62 60 58 63 65 58 51 48 47 46 46 46 48 50 51 53 56 53 52 49 47 47 54 68 69 63 60 48 42 47 48 53 56 55 58 62 68 93 93 88 80 60 59 60 54 55 58 68 77 73
21 20 22 24 36 44 33 29 28 30 34 36 39 43 48 46 40 37 34 32 31 31 32 37 37 40 46 48 50 47 50 49 50 51 53 56 58 60 63 65 63 65 62 62 59 51 48 46 46 46 46 47 48 52 56 56 56 51 47 47 47 54 63 60 60 50 44 42 47 54 70 59 68 66 85 92 78 71 55 55 63 57 47 52 59 70 72 65
25 19 20 20 27 38 33 24 24 25 30 36 41 48 46 40 36 33 33 31 31 31 31 35 35 37 39 42 45 44 44 46 48 51 53 55 59 63 64 65 66 64 57 58 53 51 47 47 46 49 48 48 50 52 56 60 61 51 47 45 46 54 57 57 55 54 46 42 42 48 62 75 78 78 83 75 64 49 51 72 56 51 43 49 56 64 64 59
29 18 17 18 24 31 35 28 21 24 27 34 40 43 42 38 34 32 31 31 31 31 31 33 33 33 35 38 41 41 41 42 44 48 50 50 53 59 60 57 65 59 50 47 45 46 49 50 48 54 50 48 50 51 56 57 61 51 47 44 44 54 52 52 51 50 48 42 42 42 49 80 78 73 74 62 46 46 56 54 49 47 41 46 54 56 54 52
28 20 20 18 18 22 29 34 21 19 24 30 36 38 40 38 35 31 34 36 32 31 31 31 33 33 33 35 38 40 40 39 43 47 49 49 49 50 50 52 57 59 49 44 44 46 50 55 50 50 52 50 50 52 53 57 63 57 49 44 44 48 48 52 50 49 49 48 50 40 43 73 75 69 64 45 43 51 49 48 46 43 39 43 48 48 48 48
28 27 23 23 18 18 21 35 25 19 21 27 33 36 34 34 31 34 40 40 35 33 32 32 33 33 34 34 35 36 37 39 43 48 54 53 49 48 47 51 54 53 47 44 43 44 48 52 50 48 49 50 52 55 58 65 65 63 56 46 46 44 43 50 48 48 58 49 44 38 39 66 61 61 44 41 49 68 47 47 41 41 41 45 48 45 46 46
31 32 29 29 20 19 24 35 29 21 19 21 27 28 29 30 34 40 44 40 37 34 33 33 33 33 35 34 35 35 37 39 44 48 55 56 51 46 46 48 50 48 46 43 42 42 46 49 50 48 49 52 57 60 59 65 63 53 53 49 46 48 41 41 40 45 64 55 42 38 37 44 46 43 41 48 50 45 43 41 39 41 48 53 52 48 43 47
31 31 30 33 28 24 30 35 35 23 18 18 18 22 27 30 37 46 50 44 39 37 34 33 33 33 36 34 32 34 37 39 41 44 50 52 49 46 44 48 55 50 46 43 41 41 44 46 48 49 52 52 57 58 56 57 60 48 45 51 50 45 39 39 38 41 61 62 42 35 35 37 38 40 52 52 43 41 37 37 43 52 65 69 60 53 43 42
25 27 29 30 33 29 30 39 39 26 19 21 16 18 21 29 40 46 52 47 41 37 36 35 34 36 38 34 32 33 35 39 42 43 43 46 48 45 50 52 54 47 47 44 41 41 43 44 47 48 54 56 54 50 45 51 56 47 42 44 53 43 38 38 38 41 62 80 44 35 33 35 36 43 56 47 41 37 34 39 50 85 96 90 57 50 45 42
19 19 24 29 33 24 27 43 36 27 27 29 21 16 16 22 31 42 48 50 47 40 39 39 35 38 35 32 31 33 35 36 39 45 48 47 43 44 54 56 56 48 44 48 43 42 43 46 43 46 52 55 52 46 41 43 58 48 39 39 49 52 41 38 38 41 57 69 46 37 33 33 34 43 50 45 39 35 33 38 47 76 93 93 63 51 52 42
15 15 17 22 25 19 30 49 42 29 38 40 26 18 13 16 20 31 39 41 45 43 35 34 32 32 30 29 33 37 36 34 35 40 44 41 39 44 47 46 50 47 44 43 40 40 42 42 40 43 55 56 54 46 39 40 55 47 40 39 46 53 50 52 47 43 53 72 48 40 35 32 34 45 45 45 40 33 33 37 44 51 60 63 53 51 51 42
12 12 14 17 15 16 27 33 37 33 38 41 34 23 13 11 11 18 28 32 34 42 36 32 30 29 27 26 33 41 38 33 33 36 41 37 36 39 41 40 43 47 47 43 40 37 36 36 37 40 48 49 55 52 39 38 57 48 40 39 48 61 61 60 55 49 57 89 53 42 35 32 32 41 44 42 38 33 33 35 39 44 54 55 45 43 42 38
11 10 12 12 14 25 29 25 29 30 39 43 38 25 13 9 9 11 18 28 34 36 38 33 30 28 26 26 26 31 36 30 30 32 37 37 33 34 35 37 40 43 45 42 42 37 36 35 36 40 43 48 55 51 37 35 55 48 40 39 44 55 54 68 61 58 66 94 55 43 36 32 31 35 36 37 36 33 30 33 36 39 43 39 38 38 38 36
12 10 10 9 12 19 24 22 26 29 38 39 35 21 13 9 9 9 9 18 23 30 32 32 32 29 27 26 26 26 28 28 28 30 33 33 31 33 34 35 40 47 47 44 41 36 36 36 42 47 48 48 49 43 34 36 43 47 42 39 44 48 49 61 65 69 78 78 55 45 38 33 32 31 31 33 32 30 30 30 34 36 38 35 34 35 36 36
