model/data/bioclim/bclim16.asc
NCOLS 300 
NROWS 300 
XLLCORNER -125.250000000003 
YLLCORNER 30.7499999999996 
CELLSIZE 0.041666666666667 
NODATA_value -32768 
[rows 78 to 116 of 300, columns 178 to 266 of 300]
52 53 54 56 59 67 83 87 73 73 73 74 77 79 78 80 87 94 85 82 82 85 89 98 99 96 98 97 89 90 92 104 115 106 99 97 96 98 100 100 102 112 100 94 94 94 95 122 127 105 97 99 102 112 127 120 106 103 114 118 109 96 102 114 105 94 92 92 95 109 145 105 86 82 82 84 94 130 110 98 102 116 127 102 85 81 84 84 84
51 53 55 56 59 64 70 76 73 73 74 76 78 84 87 90 84 87 83 84 85 87 92 105 99 92 91 89 89 89 97 105 116 107 102 106 110 109 112 102 105 110 95 94 94 94 94 108 124 105 99 99 103 111 128 123 111 117 110 102 96 99 107 101 95 92 91 97 101 114 122 89 81 81 82 86 105 119 99 95 101 118 122 98 83 80 80 81 81
51 53 56 59 62 62 65 70 73 76 75 76 82 88 93 87 87 84 87 90 87 91 99 109 102 92 90 89 89 89 111 112 112 109 109 122 131 123 115 106 106 109 94 94 94 94 94 105 124 112 100 99 100 108 116 121 109 105 97 94 95 115 104 94 91 91 96 109 103 103 89 83 81 81 83 101 116 99 91 94 103 129 122 86 78 79 80 81 84
51 54 59 61 68 66 69 70 76 76 76 78 84 94 97 97 97 84 91 93 96 102 105 112 101 94 90 89 89 89 111 113 106 112 114 123 130 125 116 109 109 108 95 94 94 94 94 105 133 115 95 93 94 95 107 111 105 96 93 92 99 119 98 91 91 94 103 119 101 97 87 81 81 81 85 104 125 96 89 94 110 117 94 78 78 78 81 86 88
54 61 68 66 69 77 83 77 78 76 76 78 87 94 104 107 97 84 94 102 109 111 116 114 107 95 89 89 89 101 119 111 105 109 118 125 116 120 116 113 107 102 94 94 94 94 94 105 130 107 92 92 92 95 111 111 108 94 92 91 93 103 93 90 90 94 107 122 99 96 101 82 80 81 83 96 112 97 88 91 110 99 84 78 78 81 85 95 107
58 68 77 74 71 78 83 81 84 79 77 79 85 97 97 90 85 90 97 106 111 114 121 114 109 97 89 89 94 113 116 106 102 104 110 114 108 107 107 109 105 99 94 94 94 94 93 105 124 96 92 91 98 102 109 109 101 91 91 89 92 103 95 88 88 96 112 112 99 96 110 96 80 80 83 91 122 105 88 88 95 85 79 78 78 83 93 105 107
67 75 84 79 72 71 71 76 89 81 81 81 88 102 97 84 87 92 100 109 119 125 111 103 97 94 89 89 104 116 113 101 99 99 101 102 101 102 102 102 105 99 93 93 93 92 92 110 114 95 91 91 112 120 108 101 95 91 89 89 104 123 100 90 88 91 106 92 95 112 121 116 80 79 82 94 129 118 87 82 85 81 79 78 82 103 125 111 100
83 87 82 71 67 67 69 77 92 89 87 87 88 104 91 83 89 94 101 109 119 119 106 99 94 94 91 97 107 115 102 98 96 96 96 96 97 98 99 98 102 99 93 93 92 92 95 113 118 93 90 92 115 118 108 101 91 90 89 92 109 119 101 91 87 86 86 87 103 129 134 103 80 79 83 99 126 118 85 79 80 81 85 83 87 101 120 123 116
83 78 68 65 65 66 69 82 103 95 94 90 90 100 87 84 88 96 107 111 115 114 105 100 97 101 101 111 113 111 99 96 95 95 94 94 95 95 95 95 99 109 97 93 92 93 98 110 116 92 89 91 112 112 106 97 91 89 88 92 105 114 103 93 86 84 84 86 103 121 111 87 78 79 83 104 131 113 93 78 76 76 82 90 85 91 99 107 117
81 67 62 63 65 67 71 82 95 94 93 90 93 96 89 84 88 94 107 111 113 112 107 102 103 110 116 115 109 103 95 94 93 93 93 93 93 99 96 93 93 99 99 92 92 95 102 113 129 97 89 88 92 93 93 96 90 88 88 90 94 100 101 93 87 84 84 84 97 99 85 79 77 78 85 114 133 118 94 76 75 75 76 79 81 87 93 96 96
65 62 62 62 65 68 74 80 85 87 90 91 94 93 89 91 86 91 108 111 108 105 104 101 108 119 119 108 98 96 93 93 92 92 92 91 91 94 93 95 99 99 96 92 95 98 105 116 120 93 88 88 88 88 90 99 91 90 88 90 93 98 101 94 89 84 83 83 101 92 79 76 76 78 86 118 128 115 95 74 73 73 73 76 80 89 96 93 89
61 61 62 65 70 83 85 80 80 84 90 94 90 87 84 84 85 91 104 107 103 105 102 98 105 108 101 95 93 92 91 91 91 91 91 90 90 90 92 97 107 108 104 97 100 105 105 111 109 89 87 87 87 87 90 96 93 92 91 91 95 101 105 105 97 86 84 90 105 89 76 76 76 78 88 97 112 144 99 73 71 71 72 77 105 106 102 97 91
61 64 66 72 86 89 81 78 79 82 90 90 84 83 81 81 84 93 106 107 105 102 95 92 101 104 95 92 91 91 91 92 93 95 93 90 89 89 91 98 106 105 108 106 109 107 111 104 94 87 87 87 87 88 90 96 99 95 99 95 98 96 98 100 94 95 101 101 104 100 76 76 76 78 86 87 111 140 105 73 70 70 70 82 124 131 108 99 89
67 80 74 77 91 80 76 75 77 80 92 87 81 81 81 81 83 98 108 109 104 98 88 85 95 94 95 91 91 91 92 97 100 101 93 90 89 88 89 96 105 105 108 117 113 105 110 98 89 87 90 91 87 88 90 93 101 101 101 97 92 88 88 91 94 103 112 116 95 106 90 83 76 77 98 94 123 166 118 74 70 70 70 77 112 141 114 102 91
68 89 89 82 80 75 74 74 75 77 87 82 78 78 78 84 88 105 105 105 95 85 82 82 84 85 92 90 95 93 97 104 116 113 97 88 87 87 88 92 100 101 105 109 101 98 98 95 86 87 90 97 90 89 90 95 105 102 101 99 89 85 85 91 96 103 99 103 91 85 107 83 74 84 96 100 128 172 128 79 69 69 69 71 100 135 124 118 118
66 92 91 81 80 75 72 72 72 75 82 78 75 77 78 85 96 109 113 95 84 81 79 79 79 82 92 88 89 95 102 109 119 109 97 88 86 85 87 88 94 102 98 94 94 91 87 85 85 88 94 97 90 89 91 95 107 101 95 94 89 85 85 85 91 108 95 94 92 83 80 75 74 98 103 108 130 171 136 83 68 68 68 71 98 134 123 114 111
64 80 87 85 81 70 69 69 72 74 84 79 75 75 78 91 106 114 102 85 79 76 76 79 83 89 89 86 87 89 97 103 106 106 92 87 85 84 85 88 93 104 92 85 85 85 84 88 89 89 94 92 88 87 92 95 104 104 95 104 89 84 83 85 90 107 102 90 90 84 78 75 77 103 116 117 152 163 160 95 68 68 68 72 94 135 147 149 122
61 72 78 76 77 67 66 69 69 75 82 82 74 75 82 103 105 116 89 76 73 73 75 79 86 96 89 85 86 86 92 100 99 108 92 84 82 82 85 85 87 91 85 82 82 82 82 85 93 91 92 88 86 89 108 114 112 112 100 107 88 83 83 82 90 102 96 94 89 89 90 77 80 103 133 133 154 124 143 99 68 68 70 77 99 125 150 187 165
60 68 77 72 66 66 66 69 77 79 82 77 73 76 85 103 100 97 78 73 71 71 73 83 89 96 91 84 83 86 98 96 102 100 86 82 81 85 92 87 85 89 82 80 80 81 82 85 90 92 88 87 89 90 111 122 114 117 109 107 90 84 83 83 91 99 87 91 97 99 88 82 82 95 120 120 150 114 96 77 70 69 74 94 113 132 143 165 138
62 68 71 68 65 65 69 79 90 90 83 72 74 80 92 113 104 82 73 70 70 70 77 90 96 96 88 83 82 84 93 92 99 91 87 79 80 93 101 89 85 86 82 79 79 80 82 84 86 86 83 86 91 83 91 105 101 107 115 104 90 85 84 84 88 89 84 87 95 113 99 86 82 88 97 105 124 134 89 74 70 69 76 93 122 115 116 135 126
63 66 65 65 65 66 74 87 97 87 79 70 76 85 96 110 94 73 67 67 67 70 79 99 100 93 86 83 80 80 83 87 102 97 90 82 84 106 105 89 82 80 79 78 79 81 83 84 84 83 80 83 83 80 84 94 95 101 108 102 97 90 87 85 83 83 82 85 102 137 108 91 83 85 94 116 113 131 89 73 69 69 87 101 102 96 90 89 84
59 63 63 63 65 69 84 84 82 76 69 70 79 91 104 93 66 64 64 64 67 71 83 99 99 95 90 82 79 80 81 86 95 102 97 83 88 111 97 83 79 79 78 77 81 87 87 86 84 80 79 79 77 77 83 92 94 114 113 105 105 95 90 85 82 79 81 85 93 130 123 94 85 85 89 107 108 92 83 74 71 73 95 108 96 87 83 76 72
54 62 63 63 64 73 88 78 69 66 66 72 83 91 93 67 61 61 61 64 67 72 80 97 110 103 90 80 77 79 80 84 92 105 102 92 90 103 90 79 76 76 76 78 84 95 93 86 82 76 76 76 76 76 79 86 92 106 106 101 104 93 89 84 85 79 79 79 84 117 131 95 86 84 88 97 110 98 80 73 71 75 107 133 118 109 90 76 67
52 63 63 60 63 68 85 74 66 66 68 73 86 100 78 61 58 58 60 61 67 73 83 99 106 103 83 77 77 78 81 87 96 98 87 92 85 92 89 77 76 75 75 75 82 94 93 84 78 73 73 76 76 73 76 86 95 107 103 98 95 87 85 85 81 78 77 77 81 107 115 93 86 86 89 97 107 89 80 74 72 77 92 125 171 137 103 83 70
58 66 63 60 60 65 71 69 65 66 70 81 105 94 67 58 57 57 58 59 68 80 84 94 97 87 77 74 77 77 84 92 102 87 77 80 80 89 89 76 75 75 75 75 79 83 90 86 77 73 70 73 75 70 74 81 93 118 109 100 93 87 81 82 79 78 75 75 78 97 114 101 88 89 94 106 109 91 81 76 72 73 85 121 201 158 116 97 76
60 66 62 57 57 60 68 68 64 68 75 91 110 83 60 55 55 56 57 62 68 77 88 93 91 78 74 74 77 80 84 97 90 79 74 74 76 90 82 77 82 75 74 75 77 77 80 81 80 72 69 70 72 69 72 79 93 132 106 96 89 85 81 79 78 76 75 75 76 95 133 107 90 94 105 108 116 102 81 76 72 73 80 112 175 155 137 126 97
58 60 57 55 56 62 73 69 65 72 85 110 91 82 58 55 54 54 56 61 68 76 83 84 81 74 71 71 77 86 94 93 78 74 71 72 79 81 76 84 92 77 73 75 77 74 74 79 81 72 67 67 66 66 69 79 95 136 118 102 93 85 81 81 81 75 73 73 76 97 114 106 92 101 117 110 130 101 80 74 73 73 75 100 163 154 129 106 96
60 56 55 54 54 60 66 69 67 75 93 128 97 85 71 53 53 53 56 62 74 85 90 79 71 70 70 71 86 101 104 94 73 71 70 73 89 81 76 92 79 77 71 71 73 71 73 76 82 73 70 66 63 63 67 75 96 120 108 89 91 84 82 81 78 72 72 73 78 101 111 97 94 99 108 108 111 91 80 73 73 72 74 93 150 168 142 112 94
63 56 54 52 54 57 64 69 71 71 78 107 103 113 86 53 50 52 56 66 94 140 104 78 68 68 68 75 92 126 101 84 72 70 69 73 89 77 71 75 74 75 71 72 71 70 71 73 80 76 78 71 63 63 63 68 75 80 83 84 88 87 87 80 79 72 72 73 82 104 107 96 98 99 103 107 100 86 77 73 72 73 73 89 143 136 134 128 92
56 55 52 51 54 60 72 71 68 78 83 87 114 102 81 52 50 52 56 68 93 143 115 84 71 68 69 81 93 123 101 80 70 67 70 74 85 72 68 69 75 76 73 70 70 70 70 78 85 82 78 68 62 61 61 63 68 71 75 92 89 83 79 74 71 71 71 73 92 115 100 94 95 108 108 99 87 81 78 73 73 73 74 86 115 113 110 134 89
50 52 49 49 52 60 71 69 68 81 74 76 81 72 69 52 50 53 56 65 78 105 94 87 75 67 67 77 97 117 102 75 67 66 70 79 82 75 68 66 75 76 71 67 67 67 72 88 82 74 74 68 60 60 60 62 65 69 75 83 87 78 72 71 70 70 71 76 90 101 95 88 96 119 111 89 80 78 78 80 76 75 75 80 95 101 99 114 85
47 49 48 49 52 57 65 61 62 76 76 65 69 70 60 50 50 53 62 73 97 89 80 80 70 65 66 79 88 102 84 71 64 64 73 86 93 82 69 64 68 74 68 66 66 68 74 84 78 71 66 62 59 59 59 62 63 74 73 77 84 75 70 69 69 69 71 88 112 109 94 87 90 113 143 95 79 75 78 89 84 77 76 79 83 88 88 85 76
47 48 47 47 50 53 55 55 58 62 65 60 59 66 57 49 50 53 62 79 96 87 81 70 65 65 66 74 81 87 77 68 63 66 75 94 93 96 66 61 66 71 66 64 66 69 76 76 71 66 61 59 58 59 59 59 64 81 81 78 83 77 71 69 69 69 72 87 113 106 91 86 82 95 135 95 78 76 76 82 92 82 77 77 79 82 81 78 75
50 50 47 46 47 50 52 52 58 58 57 55 53 57 56 48 50 56 65 72 69 67 69 66 63 64 67 75 81 71 71 66 62 70 73 73 77 86 61 59 61 63 63 63 70 73 75 76 68 61 58 56 56 58 58 58 68 87 89 83 83 76 76 71 68 68 69 74 90 99 89 84 82 86 113 85 76 76 76 82 95 89 79 78 78 79 76 75 75
54 51 48 46 45 46 46 49 50 53 53 55 53 50 49 48 52 59 68 69 64 59 62 65 63 65 71 82 67 63 66 69 63 66 70 65 63 60 57 58 60 60 60 63 67 73 73 73 62 56 55 55 56 57 58 61 93 95 89 89 88 84 72 71 68 68 68 71 78 90 95 95 81 83 103 83 76 76 76 79 87 93 80 79 80 83 75 75 75
56 53 48 48 47 44 44 44 45 48 48 48 48 47 48 50 56 62 64 64 59 57 60 64 66 71 82 74 63 59 61 64 62 66 66 57 55 55 55 58 65 61 60 62 66 71 71 63 58 55 55 55 55 56 58 63 91 99 102 89 85 77 70 67 67 68 68 68 76 103 109 87 78 83 100 83 77 77 77 79 90 97 83 82 83 87 80 75 77
49 51 48 47 47 45 42 42 42 45 45 45 45 45 48 54 60 67 62 59 56 56 60 66 66 75 69 64 59 58 63 66 69 74 74 57 52 54 55 58 63 61 61 62 65 66 69 60 55 55 55 55 55 56 57 63 83 105 100 91 78 73 69 67 67 67 67 68 77 108 85 78 78 85 97 83 79 78 78 78 82 85 87 90 88 92 91 80 77
45 45 46 45 44 45 44 41 41 41 42 42 44 45 48 53 59 59 56 54 54 60 67 70 69 72 75 63 58 56 63 64 70 72 70 57 53 52 55 58 66 62 62 62 63 65 65 57 54 55 55 55 55 56 59 71 86 95 105 91 75 70 68 67 67 67 67 70 88 88 79 79 79 88 86 102 85 78 78 79 81 84 98 100 99 92 89 83 80
43 42 44 46 43 43 43 42 41 41 41 42 45 48 49 51 53 53 52 52 54 60 70 78 74 79 79 63 56 55 58 62 74 72 68 56 53 52 53 60 66 63 63 62 64 62 58 54 54 55 55 55 56 58 70 89 101 98 91 80 72 68 66 66 66 67 67 73 90 87 79 79 82 82 82 91 82 79 79 81 82 87 97 107 117 105 92 86 84
