model/data/bioclim/bclim7.asc
NCOLS 300 
NROWS 300 
XLLCORNER -125.250000000003 
YLLCORNER 30.7499999999996 
CELLSIZE 0.041666666666667 
NODATA_value -32768 
[rows 114 to 151 of 300, columns 86 to 171 of 300]
309 307 308 307 307 306 305 304 303 305 306 307 309 312 314 316 319 322 325 328 330 331 330 328 322 318 312 306 304 305 306 306 306 308 311 309 308 305 300 302 305 304 295 301 299 299 300 315 301 315 306 330 354 346 327 315 297 322 358 369 362 373 373 377 387 384 374 355 338 344 374 389 403 405 406 406 402 397 397 395 391 393 401 407 411 410
308 307 307 306 306 305 304 304 304 304 305 307 308 311 312 315 319 322 325 328 330 331 330 327 326 322 315 317 312 305 304 306 308 310 310 309 300 302 310 310 312 310 310 305 310 306 303 305 292 304 297 312 334 345 321 303 288 301 345 368 378 383 383 385 384 384 380 373 356 340 358 377 389 399 402 399 391 392 396 396 385 381 386 399 410 411
306 306 306 305 304 304 304 304 304 305 305 306 308 310 312 315 318 320 324 328 330 331 332 328 323 327 325 320 315 311 304 305 308 309 309 306 310 310 312 311 314 313 302 305 321 311 298 297 290 287 292 306 318 338 318 309 297 303 336 364 363 367 369 371 382 384 382 378 371 365 355 355 367 382 397 391 381 379 389 395 397 399 399 402 407 410
304 304 305 305 304 303 303 303 303 303 305 306 307 310 312 314 316 320 323 327 331 333 334 333 332 330 323 323 320 315 306 306 308 309 309 312 308 303 303 308 310 322 322 323 312 310 296 291 285 288 309 334 338 340 329 325 329 316 341 354 334 336 343 360 370 376 379 376 371 368 363 348 357 374 394 396 386 379 385 394 398 399 397 399 405 411
302 303 303 303 304 304 303 303 303 303 305 306 308 310 311 314 316 319 322 326 330 332 336 336 336 332 325 322 319 314 309 307 308 310 310 311 311 310 310 319 322 317 311 307 306 309 313 291 285 296 314 319 314 327 319 325 346 340 361 353 332 333 339 346 348 360 363 359 354 362 349 340 355 386 392 391 386 381 370 379 380 376 374 387 407 412
301 302 302 303 303 304 302 301 302 303 303 305 307 309 312 314 316 319 321 325 329 333 336 337 336 332 327 326 324 317 310 307 308 310 310 312 312 312 315 321 317 305 297 295 296 295 306 297 289 287 302 302 295 309 298 314 340 359 362 352 341 324 323 336 335 341 342 342 340 362 359 346 357 384 388 376 371 376 378 386 386 379 378 403 411 414
301 302 302 303 303 303 302 302 301 302 304 304 307 310 311 312 316 318 321 325 329 332 335 337 336 330 331 331 331 324 313 309 310 310 311 312 314 315 318 320 313 302 297 292 290 290 291 287 286 288 304 291 285 292 314 321 347 356 359 346 337 316 312 320 332 329 341 357 362 363 358 344 366 373 370 370 370 384 398 405 405 399 394 405 406 408
300 302 303 303 303 303 303 302 302 302 302 305 307 309 311 313 316 318 321 324 327 332 334 337 339 338 336 338 333 325 317 323 328 319 317 315 316 316 318 317 315 304 296 291 291 290 289 287 288 285 291 290 287 297 289 305 340 346 352 343 339 333 329 329 332 349 355 353 361 361 356 349 364 362 372 385 382 381 403 406 406 392 382 402 400 396
300 303 303 304 304 303 304 303 302 302 304 305 307 309 312 314 317 318 322 324 328 332 331 333 339 340 341 339 334 329 329 334 317 316 313 312 314 315 316 312 310 306 302 301 298 295 297 293 287 287 282 284 286 291 305 315 308 324 331 337 333 331 331 343 352 361 361 360 361 360 350 341 353 362 387 391 386 396 398 402 402 402 394 395 400 399
301 303 304 304 305 305 305 304 303 303 304 306 308 310 312 315 316 318 321 324 330 332 331 336 339 340 341 340 339 338 340 335 328 326 316 313 313 315 312 313 310 304 304 307 303 300 298 289 288 290 288 284 286 284 280 283 286 303 313 322 326 335 350 357 361 363 363 362 362 358 347 341 347 375 383 381 387 388 392 388 393 398 384 385 395 407
303 304 305 306 306 306 307 307 306 306 307 309 309 311 313 314 316 319 321 324 330 332 334 336 338 339 342 342 343 344 339 332 321 315 315 314 314 312 313 314 310 308 316 307 305 308 304 295 297 295 292 288 286 284 283 279 284 282 294 319 345 349 356 359 361 362 363 363 357 355 350 351 360 369 369 370 376 380 382 375 384 391 380 362 379 404
303 305 306 307 308 309 310 310 310 310 310 310 311 312 313 315 318 319 322 324 327 333 334 336 338 337 341 344 345 342 339 328 330 324 317 317 315 313 315 316 314 312 318 311 315 310 307 303 299 300 288 297 287 283 290 288 275 288 297 312 347 350 354 357 359 360 360 356 346 351 352 356 354 353 350 350 361 360 366 372 382 387 387 385 395 409
305 307 308 309 310 310 311 312 312 312 312 311 313 313 314 315 317 320 322 324 326 331 334 336 338 340 342 343 345 346 345 341 335 327 328 324 315 313 317 317 316 318 322 323 319 317 315 315 310 301 307 289 284 292 292 281 276 279 279 285 326 349 352 354 356 357 355 337 332 349 356 362 363 364 356 349 346 352 357 366 364 374 387 395 394 389
304 306 308 309 310 311 312 313 314 313 314 314 314 315 315 316 317 319 321 324 326 329 334 336 336 338 341 342 344 346 347 347 341 335 336 324 318 316 318 318 317 319 321 322 323 318 319 326 312 324 322 313 310 292 294 283 275 280 285 303 317 338 347 349 350 348 342 330 333 339 358 365 366 367 360 357 365 372 378 377 347 356 376 392 403 406
303 307 308 310 311 312 314 315 314 315 315 315 315 316 316 317 318 319 321 323 326 328 332 335 337 338 340 342 345 345 346 346 346 344 343 335 332 319 324 324 329 326 323 323 319 312 304 300 304 292 286 282 290 298 294 288 285 284 273 281 315 334 338 327 335 335 328 326 336 343 352 359 362 366 364 380 388 383 367 340 323 344 369 393 409 413
303 306 308 310 311 313 315 315 315 316 316 316 316 317 318 317 318 320 322 324 326 328 330 332 334 338 341 342 343 345 345 346 345 337 333 332 331 338 338 333 323 319 319 320 316 305 302 294 290 291 291 279 286 288 282 284 287 278 275 279 309 326 329 319 320 323 319 314 324 336 343 345 351 359 361 384 389 379 327 293 310 339 368 389 407 416
305 306 309 310 312 313 315 315 316 316 316 317 317 317 318 319 318 321 322 325 326 327 329 331 333 336 339 341 343 344 345 345 344 338 328 324 329 326 328 325 321 320 319 319 316 310 301 291 286 297 289 289 292 281 280 275 275 280 270 270 287 314 318 317 316 317 311 307 310 311 321 328 331 346 364 382 389 380 321 282 303 330 353 390 408 417
306 309 309 311 312 314 315 316 317 317 318 317 317 318 318 319 318 321 322 324 326 327 329 330 332 334 336 339 342 344 344 344 343 342 338 328 326 328 332 328 320 316 315 312 309 302 299 292 289 302 302 304 289 286 282 276 270 273 274 276 290 308 298 309 316 323 321 323 318 313 308 301 313 341 355 374 374 388 355 285 280 311 343 378 408 418
305 310 312 312 313 315 317 317 317 318 318 318 318 318 318 319 319 321 323 324 325 327 328 328 330 332 333 336 339 342 343 345 345 342 344 341 330 328 332 333 328 325 322 316 311 314 314 313 313 320 319 305 296 289 290 278 271 266 273 279 283 281 290 306 319 321 327 334 339 341 338 317 310 335 340 369 381 400 395 337 285 295 318 364 397 418
301 306 311 314 316 317 317 317 318 318 318 318 319 319 318 319 319 320 323 324 325 326 328 328 330 332 334 335 337 340 343 343 345 346 346 344 332 334 336 338 333 332 332 328 333 332 325 302 295 294 299 297 290 275 276 282 274 272 275 273 280 290 291 303 308 315 319 328 337 341 342 336 325 335 335 360 382 400 405 375 309 283 311 342 372 411
301 304 311 314 317 318 318 318 318 319 318 319 319 319 319 319 320 321 323 324 325 326 327 328 329 331 332 334 335 339 340 343 344 345 344 345 343 338 344 339 334 339 339 342 328 322 312 302 293 293 289 287 289 276 270 274 274 276 289 275 280 292 294 289 305 315 321 328 332 338 340 334 331 341 348 357 382 398 406 391 322 278 285 329 361 394
298 299 305 310 316 320 320 320 320 319 319 320 320 319 320 321 322 323 324 325 325 326 327 328 329 330 332 333 334 336 338 340 344 344 345 341 344 344 345 342 343 336 328 328 337 330 326 314 299 287 283 277 278 277 274 275 278 284 296 283 282 298 296 284 287 295 299 317 323 336 339 334 332 338 346 358 386 400 406 392 338 292 277 305 344 375
293 295 302 303 311 318 320 323 323 321 320 320 321 322 322 322 323 323 324 325 326 326 327 329 329 331 331 332 333 334 337 339 342 343 345 345 339 339 334 337 335 336 329 325 330 311 309 320 310 296 287 283 283 282 274 279 287 293 302 304 301 308 291 281 274 274 276 282 293 319 325 331 335 342 346 363 385 401 408 404 349 293 279 293 309 334
297 298 299 303 305 316 318 321 324 325 322 322 323 323 324 325 324 325 326 327 326 327 328 328 329 329 330 331 333 335 336 338 340 343 345 346 344 344 339 335 336 334 335 331 325 316 302 315 319 308 294 287 282 282 282 281 292 299 303 329 303 298 293 286 285 276 271 272 279 278 286 296 336 354 365 378 388 402 409 411 374 318 286 291 307 316
290 300 295 301 304 309 315 318 324 326 326 324 324 324 325 325 326 327 327 327 327 327 327 327 327 328 328 330 332 334 337 339 340 343 344 345 347 346 342 343 342 339 341 339 335 329 329 305 308 305 292 280 280 289 297 295 295 298 326 318 293 283 279 273 277 277 273 272 271 273 284 278 339 376 379 383 394 401 407 411 390 345 310 295 299 311
292 298 302 302 303 312 316 321 324 326 329 327 326 326 327 328 328 328 328 328 329 328 327 327 326 326 328 329 332 335 337 338 339 341 344 345 346 346 343 344 347 344 343 343 338 340 332 317 319 306 301 291 285 292 310 312 304 314 325 312 305 290 276 275 278 276 279 277 275 271 275 276 340 382 389 388 393 400 408 412 404 353 315 298 310 321
291 297 302 305 308 311 315 320 322 326 328 328 327 328 330 330 331 330 330 329 329 329 328 327 326 326 326 328 331 333 336 337 340 340 342 344 346 347 347 346 345 344 345 346 343 340 339 334 330 326 306 292 281 291 318 323 327 332 301 289 302 300 287 288 290 287 277 273 269 268 268 285 334 374 385 390 398 404 409 412 408 368 334 298 309 331
289 294 301 306 310 310 312 321 324 326 328 328 328 329 331 331 331 331 331 330 329 329 328 327 327 327 327 329 331 334 336 336 339 340 342 344 345 347 347 347 345 346 347 347 348 342 342 342 340 334 323 307 301 285 305 330 338 326 309 289 285 298 301 297 291 281 277 271 267 266 274 287 277 340 360 374 391 401 407 411 411 379 332 315 326 358
289 290 298 304 308 310 309 318 323 326 327 327 327 329 331 333 332 331 331 331 330 329 328 328 328 328 329 331 333 335 336 338 339 342 342 344 345 346 347 347 348 347 347 348 346 344 339 334 340 336 330 325 308 289 300 321 331 296 281 275 278 278 286 292 296 280 269 271 268 266 271 270 279 319 337 352 359 371 401 409 411 394 345 333 348 382
291 293 296 303 308 312 316 320 322 324 326 328 326 328 330 332 331 331 332 331 331 330 329 329 329 330 332 334 334 335 337 339 341 342 342 343 346 346 347 348 348 348 348 347 344 345 341 338 333 330 330 335 318 298 298 323 326 279 275 275 276 275 273 273 285 281 273 270 270 274 269 265 274 299 309 299 304 323 377 407 409 401 345 338 348 377
290 295 297 301 308 311 315 319 322 324 326 327 327 326 327 329 330 331 331 332 332 331 331 332 333 333 334 335 337 338 339 340 341 342 343 343 345 346 347 347 348 348 347 346 345 346 342 340 340 340 338 338 336 316 308 329 328 287 280 279 277 276 274 272 274 282 279 281 275 267 268 266 272 284 286 276 286 295 359 402 407 407 385 359 340 350
286 293 297 302 307 310 315 318 321 324 326 328 327 326 323 325 327 329 330 331 332 332 332 333 334 334 334 335 338 338 339 340 341 342 343 344 345 346 346 348 348 348 348 347 347 345 344 340 340 341 339 339 338 333 328 335 321 314 287 276 275 272 272 272 273 272 271 271 272 273 271 264 269 272 277 272 278 284 322 377 403 407 404 388 361 332
277 287 296 300 305 309 313 316 320 323 325 328 326 322 321 323 325 327 329 330 331 333 333 333 334 335 336 336 338 339 340 341 342 342 344 345 345 346 347 348 348 349 348 348 347 346 344 342 342 338 339 340 338 337 336 326 307 295 280 276 274 272 270 274 276 274 276 272 269 269 268 266 264 265 272 267 275 292 321 364 394 404 407 388 365 348
273 280 290 298 303 308 312 314 315 319 325 326 321 324 318 319 322 325 328 330 331 332 333 334 335 335 336 337 338 340 341 342 342 343 344 346 347 347 347 348 348 348 349 349 347 346 345 344 345 338 340 336 336 327 329 321 301 303 290 276 280 274 271 271 276 275 278 275 269 266 264 264 266 274 269 264 271 279 305 346 371 398 405 378 339 333
271 276 283 291 299 305 311 311 310 317 323 322 315 316 315 318 322 324 327 329 330 332 333 334 335 336 337 338 338 341 341 342 343 343 344 346 347 347 348 348 348 349 348 349 349 349 349 345 345 343 341 335 334 327 324 316 307 319 314 290 294 277 274 273 275 282 275 274 273 269 267 268 267 275 276 274 268 267 285 338 375 394 402 391 324 311
263 272 280 283 292 299 303 302 307 318 321 324 320 320 326 326 324 325 327 329 330 331 333 334 335 337 337 339 338 339 341 342 343 343 344 346 347 347 348 348 348 349 348 349 350 350 349 348 346 341 340 337 333 331 330 329 327 327 329 305 298 289 279 277 284 278 272 270 271 270 268 272 282 278 279 270 267 266 274 329 377 394 400 393 341 311
269 272 273 274 276 282 289 298 310 318 324 327 325 321 321 327 326 327 327 328 329 330 333 335 335 337 338 339 340 340 342 343 344 343 344 346 346 347 348 348 348 348 348 349 349 349 349 348 345 344 343 341 339 334 330 330 331 330 330 324 321 307 275 279 293 274 272 272 279 275 273 273 299 303 279 271 269 271 270 305 368 394 400 393 340 307
259 259 263 263 266 271 275 284 303 318 324 327 328 326 327 324 328 329 332 331 329 331 332 333 335 337 337 339 340 340 342 343 344 344 344 346 346 348 348 347 348 347 349 348 347 348 348 347 344 343 342 342 335 332 331 331 331 329 330 327 331 316 286 306 290 274 273 277 287 291 304 294 290 277 269 271 271 268 267 289 351 392 398 398 367 331
