model/data/bioclim/bclim16.asc
NCOLS 300 
NROWS 300 
XLLCORNER -125.25 
YLLCORNER 30.75 
CELLSIZE 0.0416666666666667 
NODATA_value -3.4e+38 
[rows 148 to 184 of 300, columns 168 to 251 of 300]
69 81 154 163 148 148 112 93 70 73 55 54 38 37 39 59 44 38 36 36 39 40 41 41 47 58 67 56 49 45 44 44 43 44 44 44 44 44 46 50 55 62 72 73 64 59 56 59 64 60 57 54 51 53 56 59 61 58 58 60 66 69 70 78 76 62 61 57 53 54 47 47 47 53 77 66 52 49 48 56 59 57 55 65
72 79 137 167 160 183 132 100 76 70 64 70 50 42 49 62 60 38 36 36 35 36 40 43 53 75 86 68 57 50 47 46 44 44 48 44 43 45 49 50 52 55 65 68 63 58 55 61 70 64 56 53 52 53 55 57 60 60 62 62 68 69 66 67 70 56 51 59 57 52 46 45 46 48 74 77 53 47 45 48 51 54 69 68
71 78 142 176 196 183 136 81 60 59 64 66 69 53 53 84 76 42 38 38 36 36 36 42 61 77 94 76 61 54 51 49 46 49 51 46 43 45 48 50 55 54 56 59 63 58 66 68 70 60 60 55 53 53 54 54 58 58 65 67 66 61 55 61 66 55 47 50 61 50 45 47 49 49 76 85 54 46 44 46 47 57 73 65
72 67 110 152 182 186 137 72 49 47 50 62 75 45 53 103 74 44 43 48 38 35 35 37 48 69 85 88 75 61 56 54 51 54 48 45 44 45 48 49 53 59 65 64 57 57 73 76 76 64 56 60 56 58 54 57 53 56 63 67 63 56 50 52 68 56 47 46 55 61 47 47 47 48 68 86 56 47 44 45 47 59 65 61
75 69 81 122 158 151 89 54 49 49 46 49 53 42 60 102 98 53 79 82 45 36 35 35 38 48 64 65 74 65 52 48 47 46 45 43 46 50 51 47 49 53 60 54 53 58 63 61 67 61 57 55 52 51 53 53 50 55 68 69 64 55 47 48 65 55 47 46 52 61 58 62 56 50 64 89 59 50 46 45 46 60 61 60
78 70 67 83 131 154 95 55 55 53 49 47 45 44 56 72 81 63 81 85 59 41 35 33 33 35 43 48 51 66 53 46 44 43 42 41 46 57 52 46 46 50 55 52 49 54 56 54 58 62 60 56 52 50 48 47 48 51 59 61 67 62 47 46 68 56 47 45 55 70 70 71 65 58 70 96 65 53 46 45 44 53 58 58
85 72 66 64 97 178 152 77 57 56 52 49 48 54 63 49 55 57 87 98 74 44 37 34 32 32 36 45 53 54 57 50 44 43 41 41 40 45 51 44 45 47 52 51 48 49 51 52 54 57 58 55 54 51 47 47 46 51 52 58 68 62 47 43 64 55 46 45 50 63 64 81 73 69 81 103 68 53 47 45 45 48 49 53
103 76 69 66 74 171 171 105 58 56 53 50 48 47 53 45 50 54 82 89 67 41 37 33 31 31 31 36 39 48 49 49 49 44 42 41 42 42 44 42 43 45 48 48 46 47 49 51 55 64 62 58 54 51 49 49 53 58 59 59 60 53 43 43 50 53 48 45 49 55 56 71 79 83 97 97 67 55 49 44 46 45 47 48
127 89 74 68 67 138 204 154 82 57 55 52 49 47 45 49 49 61 64 81 56 42 37 33 31 31 30 30 32 37 38 41 50 49 46 43 42 42 42 42 42 44 44 45 46 47 52 55 56 59 56 55 54 55 54 54 56 59 59 62 54 45 42 41 61 53 45 47 52 61 58 68 88 107 114 93 69 58 49 45 49 48 48 48
156 106 84 75 70 92 182 185 120 64 56 55 49 48 46 51 49 59 58 71 60 44 38 35 32 31 30 29 32 33 34 36 46 54 50 44 41 42 42 42 42 43 43 44 46 46 48 51 52 55 55 57 58 58 59 60 63 61 58 54 49 43 42 45 58 46 42 48 60 61 60 77 109 144 121 96 77 64 52 45 54 56 53 51
193 133 105 89 72 69 115 201 160 120 62 54 51 49 47 48 53 66 65 57 61 44 38 36 33 31 30 29 30 31 33 31 33 39 47 44 42 42 43 41 41 42 43 43 44 46 48 51 54 58 58 56 56 56 58 64 65 63 57 50 46 43 42 45 48 40 40 43 60 61 70 91 130 147 122 104 82 62 49 49 57 57 51 50
234 165 123 94 76 71 83 154 175 171 141 77 80 67 50 49 65 90 82 66 55 44 39 36 34 32 31 31 29 29 29 30 31 33 39 44 44 43 43 41 41 42 42 43 43 46 46 46 49 55 58 58 55 57 57 58 55 55 56 52 45 43 43 43 42 40 38 42 54 60 77 114 140 124 110 104 87 63 49 48 56 53 50 48
304 218 146 107 83 74 70 79 115 140 172 123 101 106 94 66 77 111 109 83 60 49 42 38 36 34 38 41 34 30 28 29 29 31 34 42 52 52 47 41 41 41 41 42 43 43 44 44 43 46 49 51 57 60 61 59 57 54 52 49 49 47 44 42 41 43 40 43 48 59 84 128 124 96 95 94 92 74 50 47 50 50 48 48
362 298 221 137 95 79 73 69 70 87 130 163 130 106 97 106 96 91 97 76 57 54 49 40 38 39 63 65 43 33 29 29 28 31 35 44 52 60 59 43 41 41 42 42 43 44 43 43 43 44 46 49 59 64 70 65 63 60 57 55 56 57 53 47 43 40 39 40 42 51 71 109 99 80 84 95 91 65 51 49 45 46 46 48
338 304 278 219 120 81 76 74 69 67 83 130 132 103 90 84 84 53 48 51 59 71 67 47 42 46 67 70 49 37 30 30 29 30 35 43 52 61 66 52 42 42 41 42 41 43 45 45 45 44 46 50 59 69 92 79 74 70 67 65 65 63 61 59 53 46 42 38 38 43 56 81 71 69 84 96 75 58 50 48 45 45 46 48
312 299 287 219 132 84 79 78 72 68 73 125 143 100 88 83 71 51 45 43 46 81 98 62 58 56 75 73 46 36 34 30 30 30 33 37 45 55 55 58 45 43 43 43 42 42 44 46 45 44 47 53 58 63 82 106 108 91 104 82 77 76 74 78 66 57 49 40 36 37 44 52 59 68 75 82 67 57 51 47 45 47 48 48
291 287 292 243 158 88 79 76 71 70 76 99 131 97 83 76 68 52 44 43 42 49 68 79 103 78 71 74 55 41 34 31 29 29 34 36 38 43 56 67 55 46 43 42 42 43 44 44 52 50 52 59 55 58 64 87 118 109 116 130 107 102 96 89 76 69 54 44 37 36 39 43 54 77 72 60 64 59 49 46 46 50 51 51
282 276 284 260 188 92 83 76 76 80 83 82 87 90 88 83 65 50 45 43 41 42 50 74 103 99 74 80 81 57 39 32 29 29 32 40 41 43 48 51 54 52 48 41 40 42 42 43 45 52 52 55 54 52 58 67 96 114 102 132 155 143 126 111 102 80 66 52 42 39 38 37 38 43 47 47 49 51 49 49 50 55 53 54
290 276 272 268 167 93 86 82 90 115 118 94 88 97 97 92 66 55 55 43 41 41 45 65 86 77 81 104 78 58 40 34 31 29 30 38 57 48 55 51 46 46 43 41 40 40 43 47 46 49 52 57 51 47 51 57 74 98 93 123 156 164 172 136 122 91 66 55 49 43 40 39 40 41 41 42 44 45 48 50 51 54 57 60
306 283 294 293 179 97 86 91 105 149 165 132 109 106 104 85 70 68 77 49 43 42 42 51 61 67 80 121 128 84 46 34 31 29 29 33 58 54 54 57 48 44 43 40 40 40 43 56 52 46 51 48 46 47 49 53 62 71 83 114 154 194 151 131 100 81 69 64 62 46 40 40 40 42 41 43 43 43 46 49 50 51 53 57
295 273 277 281 181 114 89 95 109 155 180 159 165 131 105 84 70 83 100 56 44 42 42 44 51 79 99 138 140 84 48 36 31 29 29 32 63 61 55 58 54 50 46 42 41 43 44 52 55 47 48 47 48 47 48 52 58 71 79 94 132 166 174 143 106 90 91 87 67 51 42 40 41 42 42 43 44 44 49 48 47 49 51 53
296 274 264 269 248 144 94 90 102 121 164 169 182 157 118 98 77 87 117 57 46 42 42 42 44 61 107 167 133 69 48 36 31 30 27 30 51 67 68 60 57 58 49 45 42 42 42 49 59 52 46 46 47 46 48 48 50 60 65 78 101 102 132 114 117 107 89 77 60 49 43 41 42 43 43 42 43 47 50 45 46 47 47 50
298 287 276 264 249 155 99 96 124 123 138 141 156 151 126 109 85 101 147 78 48 42 40 40 40 55 111 157 152 84 54 38 32 29 28 29 36 57 82 70 60 63 58 49 48 45 40 45 55 55 49 46 46 46 47 48 48 51 56 64 68 83 98 105 97 97 66 56 51 48 44 44 45 45 44 45 44 46 48 46 44 43 44 45
295 292 272 249 270 176 99 96 123 116 113 112 110 124 129 121 109 119 161 91 51 45 42 40 40 52 91 137 150 84 53 40 34 30 28 28 34 60 80 80 62 62 59 53 59 48 40 42 51 50 62 50 46 45 46 46 48 49 53 55 58 69 84 83 84 102 69 56 59 47 44 45 45 44 45 45 45 45 46 46 47 45 43 45
286 272 243 256 270 182 100 84 88 98 103 84 81 108 119 129 131 122 145 108 53 45 43 41 41 45 79 124 155 91 60 43 34 30 29 28 32 50 62 71 57 54 50 55 56 48 40 43 54 44 50 61 51 48 48 46 48 49 50 51 53 57 65 67 75 87 78 53 56 50 48 47 47 47 47 46 46 46 47 50 54 53 45 45
288 261 228 228 242 226 120 85 80 83 93 76 74 91 108 114 129 123 116 96 61 46 44 41 41 50 94 120 135 103 70 49 37 31 29 28 41 72 65 65 60 52 48 48 51 48 40 38 47 41 42 59 66 48 49 46 46 47 49 50 50 54 59 63 71 81 83 58 53 50 49 47 48 47 48 48 49 49 51 52 57 60 50 48
251 226 222 230 230 241 166 89 81 90 102 68 58 69 87 97 127 133 114 97 64 50 46 42 40 50 96 119 96 70 60 53 40 33 31 28 29 41 55 59 53 58 52 47 44 43 41 36 39 43 41 52 69 52 46 45 46 46 47 48 50 53 56 61 84 105 95 68 58 52 52 49 49 48 50 52 55 58 55 56 59 60 58 54
266 233 224 260 256 248 204 125 84 93 90 60 52 52 56 66 110 131 120 99 79 51 49 44 40 45 85 90 63 58 48 46 41 36 32 29 27 29 37 41 40 42 48 53 46 39 40 37 35 40 40 46 61 51 48 46 45 47 48 48 48 50 54 59 72 100 105 71 61 54 56 54 53 52 53 55 63 59 55 54 51 55 57 57
279 231 238 258 256 225 194 124 77 73 67 58 51 48 51 57 92 116 124 92 63 49 47 50 42 41 71 85 67 70 54 56 46 40 35 32 31 30 29 32 36 39 44 54 51 39 37 35 34 35 37 43 49 47 49 50 48 46 46 46 47 48 54 61 66 87 75 65 72 62 58 57 55 56 58 59 67 58 51 48 49 53 55 60
254 223 221 249 237 214 172 118 75 65 60 56 51 46 44 50 67 79 94 97 57 46 45 49 57 42 46 56 67 63 54 54 45 37 36 38 42 36 31 28 29 36 44 50 54 41 36 35 35 36 38 47 47 44 47 52 55 52 53 48 45 46 47 52 59 72 66 61 68 64 58 55 57 58 59 62 61 52 48 48 52 55 59 63
263 199 225 195 192 212 172 139 78 58 54 50 46 42 42 43 52 62 81 73 49 46 46 47 67 50 41 52 59 51 46 43 39 39 42 53 51 43 36 30 26 29 36 38 48 40 40 39 34 36 40 43 43 44 52 70 64 60 56 52 46 45 45 47 53 61 68 59 56 55 54 53 54 57 61 63 54 49 48 52 58 60 62 64
238 165 180 152 169 211 160 116 74 56 49 47 44 41 39 39 42 53 61 54 46 46 44 43 50 65 44 45 45 44 42 39 42 46 46 53 48 40 40 33 27 26 29 31 33 35 36 35 34 34 41 46 43 48 67 86 77 61 54 49 48 46 45 46 48 55 65 61 53 53 55 55 55 60 60 57 50 50 51 56 63 67 66 56
189 136 125 122 139 199 195 117 79 55 48 44 39 38 38 37 40 45 47 48 45 43 42 41 46 76 51 42 45 45 42 45 57 48 44 44 41 37 41 37 30 27 26 27 29 33 32 32 30 32 37 39 41 46 60 88 97 66 54 54 54 51 45 45 46 52 66 61 53 51 54 58 59 63 63 57 56 54 54 60 70 73 69 56
134 130 164 210 163 177 186 130 89 58 49 45 40 38 38 40 39 40 41 43 42 42 41 41 44 55 55 43 49 66 53 50 54 47 45 43 40 44 47 38 29 28 27 26 27 28 27 28 29 31 32 34 38 42 47 61 60 55 53 56 58 59 54 46 46 48 59 65 53 52 55 61 64 71 71 64 62 59 59 64 77 79 68 57
147 162 210 234 213 183 143 143 89 60 51 45 42 40 36 39 38 39 41 44 42 40 40 41 51 76 73 49 42 50 65 67 75 60 53 50 47 44 41 35 31 30 30 27 27 27 27 29 28 29 30 33 34 38 41 45 46 47 51 52 53 58 61 52 51 54 59 59 53 52 55 68 73 87 81 70 71 67 63 66 74 81 73 61
130 173 224 225 195 161 137 100 77 61 52 49 46 42 39 41 46 45 44 44 42 40 40 43 73 79 61 45 42 47 53 61 70 65 63 51 44 38 39 41 39 37 36 35 33 33 30 30 28 29 31 31 33 38 40 46 50 50 51 52 52 55 58 62 68 62 55 51 51 54 60 74 79 104 95 77 76 75 69 68 71 78 75 58
135 150 187 188 149 115 99 85 71 63 58 54 51 54 55 57 56 54 43 39 40 41 43 42 46 48 44 41 40 42 44 48 58 60 56 48 42 39 39 44 50 52 49 51 63 57 48 36 30 28 29 32 34 38 43 48 54 52 55 53 52 55 63 78 83 61 53 52 52 54 60 70 77 103 95 82 80 79 75 72 73 77 72 58
