model/data/bioclim/bclim8.asc
NCOLS 300 
NROWS 300 
XLLCORNER -125.250000000003 
YLLCORNER 30.7499999999996 
CELLSIZE 0.041666666666667 
NODATA_value -32768 
[rows 160 to 199 of 300, columns 92 to 183 of 300]
99 89 80 80 83 89 90 86 73 66 75 71 75 82 85 88 89 91 89 92 96 99 101 102 102 103 103 103 103 103 103 102 102 103 102 102 102 101 101 101 101 101 101 100 100 100 101 101 101 101 102 102 102 99 98 95 87 92 77 71 84 67 43 27 19 19 7 -5 -31 -51 -48 -37 -24 -45 -57 -59 -41 -1 27 40 50 55 55 44 22 8 -10 12 19 15 23 39
105 100 88 83 85 89 91 90 86 76 71 68 73 80 79 76 76 83 81 81 84 92 98 101 102 102 102 103 104 103 103 103 103 102 103 102 102 102 101 101 101 100 100 100 100 100 101 101 101 102 102 103 101 100 102 97 91 97 85 86 90 64 77 69 48 31 20 -8 -39 -38 -51 -48 -19 -42 -52 -54 -55 -39 -4 29 45 56 56 56 50 36 13 -4 9 18 21 15
108 106 95 91 88 87 93 89 86 83 79 73 65 67 74 80 81 84 80 73 73 83 93 99 101 102 102 103 103 104 103 104 103 103 103 102 103 102 102 102 101 100 100 100 100 100 101 101 101 102 103 104 104 105 104 104 98 99 86 92 94 93 80 48 26 -2 -6 -14 -36 -33 -24 -24 -13 -35 -39 -44 -51 -40 -32 -4 36 57 57 57 56 52 37 13 10 21 26 28
109 109 106 100 93 83 94 92 92 82 82 76 70 69 66 71 75 76 75 73 80 86 90 96 101 102 102 103 103 104 104 104 104 104 104 104 103 102 102 101 101 101 100 100 101 101 101 101 102 103 103 103 105 105 104 106 103 103 96 95 100 86 65 63 43 26 -7 -13 -35 -37 -29 -14 -12 -41 -39 -31 -37 -35 -33 -2 33 56 57 57 57 56 47 17 6 24 30 32
101 108 108 107 101 100 99 97 94 88 84 82 76 69 72 66 62 56 58 66 78 85 88 94 100 102 102 104 104 103 104 104 104 104 104 105 103 103 102 101 101 101 100 100 101 101 101 101 103 103 103 103 105 105 106 107 108 107 102 99 95 88 53 39 10 2 -16 -34 -38 -38 -34 -18 -6 -24 -27 -25 -26 -27 -32 -12 25 56 58 57 57 54 46 31 14 28 35 38
80 102 107 107 107 103 99 95 91 87 85 84 70 67 66 70 62 54 49 50 61 66 76 85 91 99 102 103 105 104 104 104 104 104 105 105 104 103 102 102 101 100 100 100 100 101 102 102 102 102 103 104 105 105 106 107 107 104 96 98 86 81 72 55 34 -2 -11 -23 -17 -18 -38 -18 3 -14 -18 -18 -16 -17 -26 -17 12 55 74 57 54 47 58 41 37 34 33 50
82 88 105 106 107 106 102 97 93 90 90 90 85 71 61 61 66 63 56 56 58 63 65 65 75 89 99 103 105 104 104 105 105 105 105 105 105 104 103 102 102 100 100 100 100 101 101 102 102 102 103 104 105 105 106 105 105 103 99 95 85 59 53 31 19 0 -15 -20 -7 4 -15 -20 5 -22 -28 -32 -16 -14 -17 -20 23 73 74 71 46 44 29 36 53 46 31 32
97 97 101 99 103 106 106 102 100 97 96 95 87 84 76 68 66 65 72 75 75 77 76 73 81 87 97 102 105 105 105 106 106 106 106 105 105 104 103 102 102 101 100 100 101 101 101 102 102 102 104 104 104 105 105 105 104 103 105 101 92 59 72 73 47 8 -4 -13 -2 18 0 -13 14 -10 -15 -20 -23 -14 -23 -28 20 69 72 65 53 19 11 33 30 30 41 52
88 89 94 95 94 104 106 105 102 97 93 88 92 87 77 75 68 69 67 73 79 86 90 91 94 96 98 103 105 106 106 107 107 106 106 106 105 105 103 103 102 101 101 101 101 101 102 102 103 103 103 104 104 105 106 106 105 104 100 98 96 85 94 85 53 26 33 2 6 23 20 14 13 25 7 -8 -13 -5 -13 -20 30 60 70 63 39 28 6 12 8 30 30 55
69 77 94 91 93 96 105 106 104 101 96 92 90 90 86 77 71 73 71 68 67 72 82 94 100 86 102 103 106 106 107 108 107 108 108 106 106 105 104 103 102 102 101 101 101 102 102 102 103 103 104 104 105 106 106 106 106 106 105 102 97 91 98 88 63 57 41 2 -2 9 23 27 23 27 -10 -14 -12 -4 -3 -10 -4 46 67 66 57 46 15 17 2 11 37 47
58 71 76 85 92 98 101 104 105 103 100 96 93 92 86 85 77 67 71 79 75 74 80 91 100 88 104 105 106 106 108 108 108 108 108 107 106 106 105 104 103 102 102 102 102 102 102 103 103 104 104 105 105 106 106 106 107 107 107 105 104 99 99 93 75 54 50 37 16 17 34 38 39 25 -6 -10 -9 -8 -7 -5 -3 43 65 66 49 46 36 23 14 24 35 42
81 79 83 85 82 93 97 99 103 104 103 100 97 96 88 87 85 78 70 72 84 85 86 93 98 100 104 105 106 105 106 108 109 109 108 107 107 106 105 105 104 103 102 102 102 102 102 103 103 104 104 105 105 106 106 106 107 107 105 107 108 108 105 83 49 32 32 15 5 10 26 32 20 22 9 -5 -5 -9 -2 8 -10 33 68 68 50 51 52 49 48 40 35 38
89 87 92 90 89 90 88 89 98 102 102 104 100 94 93 90 86 81 79 70 70 82 90 90 95 99 97 99 104 103 101 104 108 109 109 108 107 106 106 105 104 104 103 103 103 102 104 103 104 103 104 105 105 106 106 107 108 108 108 107 106 107 98 86 79 57 50 19 -2 27 45 31 -7 -5 5 -6 4 7 17 6 -8 34 70 78 71 62 57 66 66 50 41 36
82 77 88 95 94 95 92 84 87 91 97 102 103 98 92 88 85 80 83 79 72 67 71 84 88 91 94 98 100 103 102 99 101 105 108 109 107 107 106 105 104 104 104 103 103 103 103 103 104 104 105 105 106 106 107 107 108 109 108 109 106 105 100 95 75 71 48 11 26 46 52 22 -15 -12 -6 -6 3 13 26 22 10 14 61 79 79 74 65 73 72 60 49 44
77 85 92 94 97 97 96 95 91 85 88 93 103 101 96 92 87 82 88 84 77 74 75 69 70 72 80 87 95 99 102 104 102 101 105 108 108 107 106 105 105 105 104 103 104 104 104 104 105 104 105 106 106 107 107 108 109 109 109 109 109 104 92 82 57 40 24 21 38 51 56 36 9 -15 2 14 25 32 30 23 19 9 41 77 80 70 61 82 89 77 64 55
79 85 88 91 93 96 92 91 97 90 86 91 93 101 96 92 89 89 84 80 77 80 82 83 74 65 64 74 81 87 95 103 105 103 104 106 107 107 106 105 105 105 104 104 104 104 104 104 104 105 105 106 106 107 107 108 109 109 109 107 104 104 102 87 79 62 39 26 26 44 58 27 8 -17 -13 0 16 29 30 8 7 8 25 59 79 68 69 92 78 75 87 77
82 76 85 87 91 90 89 91 92 98 95 96 98 100 98 96 93 92 87 85 82 76 83 88 86 81 75 73 85 90 95 99 104 105 103 105 106 106 106 105 105 105 104 104 104 104 104 104 105 105 105 105 106 107 108 108 109 110 110 109 108 105 98 94 89 77 64 37 14 43 67 44 5 0 -6 9 12 31 24 10 7 20 30 60 85 87 88 92 78 77 74 86
90 76 77 84 87 91 90 91 94 98 99 94 96 101 102 101 96 95 92 90 86 83 79 85 91 90 89 84 81 90 99 101 103 105 105 105 106 106 106 105 105 105 105 103 104 104 104 104 105 105 105 105 106 107 108 109 109 110 110 110 109 106 100 87 87 78 60 35 12 21 55 71 22 -5 1 10 25 34 33 16 18 27 41 63 87 93 93 77 77 78 78 74
97 91 86 90 83 86 86 91 92 94 97 98 95 99 100 100 99 95 92 91 91 88 84 81 88 94 91 88 82 85 91 102 103 103 105 104 105 106 106 105 104 104 104 104 104 104 104 104 105 105 105 106 106 107 108 109 109 110 110 111 109 107 101 94 82 69 53 29 19 38 67 66 34 5 8 13 22 47 32 41 40 28 44 54 86 96 80 81 81 81 81 79
-32768 -32768 95 95 90 87 84 90 90 91 94 96 96 98 102 100 101 98 94 93 91 90 86 85 83 89 95 93 87 84 90 97 102 103 104 103 104 105 105 105 105 104 104 103 104 104 103 104 104 105 106 106 106 107 108 108 109 109 110 109 107 102 88 72 78 71 52 26 28 41 54 83 61 33 27 16 33 63 51 62 52 30 50 67 88 97 81 81 82 81 82 81
-32768 -32768 111 96 91 94 86 88 91 90 92 99 98 94 96 97 98 100 99 98 95 93 90 89 87 86 92 93 86 87 84 90 98 101 104 104 104 104 104 105 104 104 104 103 104 104 104 104 104 105 105 106 107 107 108 108 109 109 110 111 107 102 95 77 79 74 63 56 32 42 63 83 80 58 66 48 56 79 81 77 64 36 34 67 87 97 82 82 82 82 82 82
-32768 -32768 113 111 109 99 93 80 81 91 94 97 94 90 93 94 98 100 99 99 99 97 94 92 91 92 91 87 85 83 94 98 100 102 103 102 102 103 103 104 104 104 104 103 104 104 104 104 103 104 105 105 106 107 108 107 108 109 109 110 108 101 89 77 82 75 62 36 35 52 79 92 87 85 86 88 85 83 60 36 53 44 38 62 81 96 98 81 81 82 82 81
-32768 -32768 -32768 -32768 112 111 103 97 88 87 88 94 94 90 88 89 93 100 99 98 97 96 97 96 96 94 89 86 83 82 88 96 97 100 101 100 100 102 102 103 103 104 104 104 104 104 103 103 103 104 104 105 106 107 108 108 107 107 107 109 108 99 89 79 82 65 52 34 42 63 90 84 92 91 84 89 75 64 39 26 33 43 58 56 81 95 97 98 81 81 82 80
-32768 -32768 -32768 -32768 -32768 -32768 107 106 102 94 88 85 89 91 92 91 96 100 99 98 96 94 92 94 93 95 92 85 83 83 84 87 92 96 98 99 100 101 102 102 103 103 104 103 103 103 103 103 103 104 104 105 106 107 108 108 108 108 107 108 107 101 89 81 88 72 52 47 64 89 92 70 67 63 52 74 81 56 33 31 40 53 61 77 87 93 96 97 80 81 81 79
-32768 -32768 -32768 -32768 -32768 -32768 -32768 107 106 104 99 97 88 92 94 98 100 101 98 98 97 96 92 92 92 92 92 93 90 85 84 87 90 92 94 98 99 100 100 101 102 103 103 104 104 103 103 103 104 104 104 105 106 108 109 109 110 111 110 111 111 104 90 82 82 61 68 85 78 80 63 54 58 39 37 69 77 66 48 45 59 74 81 86 90 92 94 95 95 93 92 89
-32768 -32768 -32768 -32768 -32768 -32768 -32768 -32768 106 107 104 106 99 95 94 95 98 101 98 95 95 96 95 93 92 91 92 90 93 90 86 83 85 83 84 93 97 99 99 101 102 103 104 104 103 103 103 103 104 104 105 106 107 108 109 110 110 111 112 114 115 113 101 86 71 81 74 72 45 73 56 31 31 26 22 45 65 64 46 59 70 82 86 89 91 84 86 88 92 88 88 90
-32768 -32768 -32768 -32768 -32768 -32768 -32768 -32768 -32768 107 109 110 109 107 98 93 94 100 101 95 94 96 93 90 91 90 92 90 91 91 87 82 81 80 77 80 92 96 98 100 101 102 104 104 104 103 103 104 104 104 106 107 108 109 110 111 111 110 111 114 114 113 103 94 93 78 44 34 40 63 45 24 9 11 31 38 54 57 47 61 74 83 86 88 85 68 82 87 86 80 88 89
-32768 -32768 -32768 -32768 -32768 -32768 -32768 -32768 -32768 -32768 -32768 113 113 111 107 99 93 95 100 100 95 92 93 88 86 89 90 90 90 90 87 85 83 81 77 72 81 90 95 98 101 102 103 104 104 103 103 104 104 105 106 107 109 110 111 113 113 114 116 117 118 119 117 99 83 79 60 35 47 69 63 46 16 17 24 33 57 48 49 60 74 82 86 87 84 78 74 91 91 90 91 90
-32768 -32768 -32768 -32768 -32768 -32768 -32768 -32768 -32768 -32768 -32768 -32768 -32768 113 112 107 95 90 97 101 98 92 89 88 84 77 85 88 89 90 90 86 85 84 81 76 71 76 87 95 99 101 103 103 104 104 104 104 105 106 107 108 110 110 112 113 115 116 116 116 117 118 116 110 99 87 73 65 66 72 66 59 51 41 27 36 65 60 57 66 76 86 91 90 87 92 99 84 98 94 91 89
-32768 -32768 -32768 -32768 -32768 -32768 -32768 -32768 -32768 -32768 -32768 -32768 -32768 116 116 115 110 98 94 93 99 96 93 92 91 86 81 82 84 89 91 85 86 87 86 83 78 69 77 87 94 98 101 101 102 103 104 105 106 107 108 109 110 111 113 114 115 116 118 119 120 119 117 112 106 94 86 78 74 67 57 71 74 71 52 51 69 65 64 77 83 89 96 98 104 105 103 100 94 82 81 81
-32768 -32768 -32768 -32768 -32768 -32768 -32768 -32768 -32768 -32768 -32768 -32768 118 115 117 117 115 114 110 95 90 95 95 95 94 93 89 76 72 85 91 88 84 86 88 88 87 81 68 72 85 92 96 99 98 97 99 103 106 107 108 110 111 112 113 114 115 117 118 119 120 119 118 118 113 110 97 96 93 84 78 83 82 77 65 51 66 71 79 87 87 96 101 104 105 103 98 90 80 80 87 90
-32768 -32768 -32768 -32768 -32768 -32768 -32768 -32768 -32768 -32768 -32768 -32768 116 109 107 108 115 119 116 105 92 94 91 86 89 87 90 91 75 77 86 90 86 86 85 88 88 87 81 69 68 83 92 95 98 97 97 98 101 105 108 111 112 113 114 115 116 117 118 119 120 120 120 120 114 103 102 98 84 63 65 74 75 68 64 56 59 73 72 73 84 100 102 103 100 93 89 85 85 89 90 91
-32768 -32768 -32768 -32768 -32768 -32768 -32768 -32768 -32768 -32768 -32768 -32768 110 109 104 103 110 117 119 117 107 96 103 100 95 98 90 84 89 86 75 85 89 88 86 86 89 89 88 84 75 78 88 93 97 100 102 104 106 109 110 111 112 113 115 115 116 117 118 119 119 120 120 120 115 90 58 74 86 74 64 50 52 56 54 47 48 60 72 80 94 99 100 99 95 91 91 90 91 92 92 92
-32768 -32768 -32768 -32768 -32768 -32768 -32768 -32768 -32768 -32768 -32768 -32768 -32768 111 112 112 116 117 116 117 115 110 108 108 104 104 99 92 87 93 89 78 81 85 83 82 86 89 90 89 85 79 78 88 95 99 101 105 107 110 111 112 113 114 115 116 116 118 119 119 120 120 121 117 96 66 45 46 69 71 62 48 50 57 56 51 45 56 74 88 95 96 98 97 96 93 92 92 92 93 93 79
-32768 -32768 -32768 -32768 -32768 -32768 -32768 -32768 -32768 -32768 -32768 -32768 -32768 -32768 -32768 -32768 -32768 116 116 117 116 115 109 107 106 107 101 96 93 97 96 91 81 81 83 79 77 85 88 89 89 87 82 78 86 95 100 104 105 109 112 113 113 114 115 116 117 118 118 119 119 119 118 101 73 58 57 60 55 57 67 63 61 61 62 45 53 72 87 92 94 95 96 96 95 94 78 94 78 78 78 78
-32768 -32768 -32768 -32768 -32768 -32768 -32768 -32768 -32768 -32768 -32768 -32768 -32768 -32768 -32768 -32768 -32768 -32768 119 118 117 111 108 105 109 109 105 98 100 92 94 97 95 91 89 85 80 71 74 84 87 88 88 83 78 84 93 100 107 110 111 112 113 113 114 116 117 117 117 118 118 117 113 104 90 76 64 67 61 57 56 60 63 63 63 61 74 84 89 91 93 94 95 95 94 78 79 79 79 78 91 91
-32768 -32768 -32768 -32768 -32768 -32768 -32768 -32768 -32768 -32768 -32768 -32768 -32768 -32768 -32768 -32768 -32768 -32768 119 118 116 115 114 107 106 110 111 105 96 96 92 83 83 92 97 94 91 82 73 67 80 84 86 87 83 81 84 98 106 108 109 110 111 111 112 114 116 116 115 115 115 116 113 107 100 93 70 46 36 34 26 39 52 59 64 73 82 88 91 91 92 93 92 93 79 94 79 79 79 94 77 77
-32768 -32768 -32768 -32768 -32768 -32768 -32768 -32768 -32768 -32768 -32768 -32768 -32768 -32768 -32768 -32768 -32768 -32768 118 118 117 116 116 115 110 110 114 109 106 105 98 88 78 69 85 93 94 94 89 75 72 77 78 80 81 80 86 95 99 103 105 105 107 106 108 108 108 105 109 111 112 113 112 107 99 87 71 62 49 40 20 36 46 62 75 81 86 90 91 92 92 91 90 77 77 78 78 79 79 79 79 79
-32768 -32768 -32768 -32768 -32768 -32768 -32768 -32768 -32768 -32768 -32768 -32768 -32768 -32768 -32768 -32768 -32768 -32768 118 117 117 117 117 117 116 114 110 95 95 98 95 92 86 74 60 80 87 89 91 91 89 89 87 78 77 77 79 81 85 92 96 97 96 93 89 89 82 94 103 105 108 110 107 93 73 69 58 42 43 48 50 48 58 71 81 83 86 86 91 91 92 91 91 90 76 77 78 78 79 77 77 78
-32768 -32768 -32768 -32768 -32768 -32768 -32768 -32768 -32768 -32768 -32768 -32768 -32768 -32768 -32768 -32768 -32768 -32768 115 115 117 116 116 116 117 117 114 106 101 92 97 96 90 81 74 60 67 76 81 86 88 89 88 88 87 85 79 72 67 77 82 77 76 79 71 72 67 77 91 97 98 101 90 73 62 47 43 40 51 64 70 72 76 81 85 87 87 89 90 90 89 88 89 75 75 76 83 83 76 73 74 89
