model/data/bioclim/bclim16.asc
NCOLS 300 
NROWS 300 
XLLCORNER -125.25 
YLLCORNER 30.75 
CELLSIZE 0.0416666666666667 
NODATA_value -3.4e+38 
[rows 111 to 147 of 300, columns 84 to 167 of 300]
262 257 253 255 252 254 252 252 252 254 255 258 262 272 283 297 313 340 379 383 391 418 428 449 471 494 519 585 631 673 690 681 664 638 608 580 554 530 511 495 474 438 433 412 383 376 350 302 291 239 223 226 175 138 115 118 138 147 155 115 91 104 119 125 80 57 56 56 60 83 111 71 43 40 39 40 40 41 41 44 47 45 47 45
266 262 259 259 255 255 254 254 254 256 258 261 266 273 277 288 309 329 360 359 382 404 431 450 491 523 579 612 650 670 678 673 662 640 615 587 566 533 511 490 459 426 411 398 386 381 366 361 342 288 242 231 205 157 125 143 179 176 160 129 103 105 134 136 88 66 59 57 57 95 149 149 66 40 40 40 40 41 41 41 42 42 42 44
269 265 261 261 255 256 257 256 257 257 258 262 265 272 273 283 300 315 332 344 361 409 439 467 502 520 560 590 619 654 681 686 669 646 623 599 566 535 510 486 453 452 437 409 394 391 372 374 332 314 262 261 254 169 138 139 186 202 222 175 114 111 152 149 108 91 66 59 60 106 142 102 66 46 40 40 39 40 42 44 42 42 44 44
270 264 261 262 256 256 255 256 257 257 259 263 266 270 275 281 290 306 327 346 371 401 428 454 477 506 549 576 615 647 659 642 627 620 600 581 564 537 510 491 474 452 428 412 415 388 379 365 353 304 329 284 298 225 167 176 208 237 284 209 121 98 106 88 86 78 67 68 76 100 131 117 72 55 44 41 40 40 43 44 44 46 47 47
270 264 262 258 253 253 252 254 258 259 260 262 265 271 279 286 290 297 324 346 361 382 419 448 476 508 519 545 588 569 605 642 663 649 637 608 576 547 524 499 474 447 423 407 389 382 358 351 348 327 359 312 325 272 212 174 224 273 321 265 150 99 87 81 77 73 70 67 71 76 98 123 91 65 54 46 43 43 47 47 44 45 50 54
268 261 260 254 251 251 249 251 255 258 258 261 265 271 275 284 289 296 312 336 362 398 430 448 465 503 537 512 516 544 578 590 640 655 646 617 584 553 530 507 481 454 429 408 407 386 339 346 357 354 369 370 346 288 246 196 233 251 285 259 166 107 105 99 92 87 74 69 69 70 76 82 95 94 77 59 46 50 56 59 49 45 45 45
262 256 254 249 248 247 246 248 252 254 256 259 265 267 273 283 295 308 307 321 353 392 425 434 446 468 480 497 533 527 544 567 638 676 652 624 592 567 533 510 488 461 440 408 382 360 360 352 369 376 389 369 292 218 204 188 203 208 192 216 154 124 159 152 135 103 86 78 74 74 78 80 86 104 90 68 50 48 53 59 53 45 44 45
256 249 245 244 243 243 243 246 248 250 255 259 264 268 277 284 287 296 300 316 337 374 397 426 417 437 450 481 528 537 553 585 618 651 662 636 602 575 545 521 492 466 437 414 402 387 372 355 333 376 388 339 281 258 257 219 231 207 154 165 116 126 165 159 141 123 120 98 93 95 100 88 103 114 91 59 53 54 54 59 68 57 56 59
248 243 239 238 235 237 238 241 245 248 255 259 263 268 270 276 285 294 301 313 331 355 379 416 424 429 448 476 509 520 526 563 611 652 660 627 615 582 554 529 501 473 447 433 425 417 397 384 350 357 374 370 311 306 315 266 290 235 170 123 111 128 147 176 172 143 142 126 124 119 122 89 92 106 91 64 58 66 68 63 60 54 52 58
239 234 230 230 229 231 233 237 243 247 253 258 262 266 267 273 276 284 291 301 313 345 375 401 408 407 443 492 488 493 489 524 599 621 605 623 617 596 569 536 495 483 456 442 430 425 416 403 389 393 386 366 306 340 351 323 246 218 158 128 120 142 153 196 203 177 148 150 123 100 91 89 92 109 81 72 75 72 71 57 46 45 43 44
232 225 221 221 221 222 226 230 237 243 249 256 259 261 262 265 270 277 285 298 311 342 354 375 400 397 411 439 458 453 475 521 570 527 492 539 555 559 543 523 514 492 465 444 435 430 412 403 397 388 376 376 344 340 349 303 326 263 173 152 138 149 153 158 160 155 147 118 107 107 96 93 97 103 86 84 73 62 64 61 48 45 43 50
226 214 210 211 211 213 217 223 229 238 246 252 253 255 256 259 266 275 285 289 301 322 342 385 455 443 387 402 415 445 472 501 496 461 551 551 583 583 574 552 527 498 472 451 431 417 402 392 375 371 383 370 383 364 346 320 272 241 247 201 179 163 164 163 157 133 118 104 102 102 98 96 105 113 96 85 67 62 63 55 52 48 45 45
208 201 200 199 201 204 209 212 220 229 239 248 249 247 248 250 256 263 269 275 281 304 355 367 455 422 383 393 416 431 449 455 433 463 487 498 551 574 576 558 531 507 480 459 443 422 400 386 377 389 377 360 359 363 349 347 354 335 321 258 218 189 177 157 131 119 112 107 105 103 100 101 109 113 104 80 73 70 66 63 57 58 53 48
191 190 190 190 191 193 199 204 211 219 228 234 236 236 237 240 244 251 256 263 268 291 347 369 377 419 410 400 390 411 417 405 443 483 533 572 566 576 575 561 538 517 489 468 458 430 406 390 373 373 355 346 345 349 348 346 345 354 325 331 273 198 151 141 130 124 118 113 109 106 108 105 108 104 95 86 84 79 74 69 65 68 59 54
182 180 181 182 182 184 189 193 199 208 216 220 223 224 226 230 235 239 246 252 262 269 293 352 360 368 404 433 384 379 378 423 447 504 487 509 551 545 555 564 542 526 503 486 469 442 427 400 377 364 356 344 360 322 342 348 314 312 363 306 268 218 157 146 139 133 127 122 116 116 120 112 108 102 101 100 100 97 86 85 78 72 62 57
180 175 173 172 173 175 178 183 188 195 201 207 210 211 214 218 222 226 233 237 246 251 267 307 350 339 350 357 373 352 371 402 416 434 455 490 480 501 554 568 532 526 515 499 477 458 435 416 393 371 351 344 322 347 357 313 300 341 363 341 337 300 189 157 149 142 136 129 125 134 138 117 109 102 97 94 98 99 99 91 85 78 78 68
178 171 167 165 165 164 167 170 174 181 186 192 197 200 202 205 208 213 218 224 230 236 245 266 315 340 316 315 336 341 357 373 378 395 426 450 433 498 531 553 518 522 511 502 480 470 447 423 407 396 370 363 337 313 300 318 297 332 359 332 307 242 204 173 160 152 145 140 140 144 138 129 113 105 99 96 98 96 88 80 73 73 94 83
180 167 161 158 156 157 158 159 163 168 172 178 183 187 190 194 197 200 206 212 217 225 231 244 272 313 312 295 312 336 356 343 361 384 382 391 392 438 447 525 492 482 453 461 475 470 460 427 405 390 379 369 366 371 337 304 300 307 314 317 363 310 208 184 174 175 161 155 155 151 139 131 120 113 107 99 99 88 81 78 85 105 126 96
206 175 158 152 151 149 148 150 153 157 161 166 171 175 178 182 185 191 195 201 208 215 223 229 236 254 268 296 314 316 341 335 332 337 378 437 458 462 457 405 412 437 485 501 502 491 466 435 416 402 390 374 361 378 349 331 341 326 303 340 347 316 218 198 188 188 178 170 168 167 152 139 130 124 117 108 103 90 85 84 129 196 149 100
220 209 172 150 145 142 141 142 143 147 150 155 160 164 170 173 176 181 185 191 197 204 213 221 226 232 244 273 301 310 322 324 319 361 362 424 489 508 479 481 470 485 509 512 508 500 480 452 430 413 403 377 369 357 336 353 347 360 355 321 377 368 271 212 203 193 187 179 179 177 171 168 151 138 133 119 105 94 86 85 136 238 168 113
256 245 209 164 146 137 134 133 133 136 141 146 151 157 160 163 166 170 176 181 187 196 202 207 215 228 236 239 250 272 300 309 302 311 388 389 428 490 503 481 457 475 518 534 524 504 483 458 444 422 407 395 380 369 348 340 338 357 392 362 352 331 263 223 225 205 194 183 177 168 171 175 176 182 154 126 114 101 95 84 102 233 242 148
209 236 238 186 159 142 131 128 128 131 135 138 143 148 152 156 159 162 166 172 179 187 194 201 204 208 215 219 224 235 261 290 283 302 344 391 379 406 477 478 457 452 485 498 509 518 502 494 478 456 447 441 423 370 354 347 327 347 375 405 352 312 282 292 242 215 203 193 182 173 162 154 149 161 161 133 125 106 94 75 76 122 219 183
212 223 284 275 223 193 149 129 126 129 132 134 137 142 145 150 153 157 160 166 171 177 182 188 196 200 209 216 221 226 234 258 283 287 308 319 313 380 467 452 439 428 460 468 458 477 462 467 492 450 428 411 404 383 364 379 362 329 357 365 329 343 293 257 242 220 211 201 192 183 171 162 155 149 147 138 132 115 96 76 69 87 155 226
230 239 296 310 254 218 187 157 136 133 132 132 134 138 141 144 149 154 157 161 166 170 175 180 188 193 199 206 212 216 220 241 252 278 297 295 352 338 383 424 386 423 456 418 425 415 481 510 495 465 440 424 407 390 375 376 396 362 353 327 291 320 292 254 246 242 219 210 201 191 181 172 163 156 149 140 132 120 98 78 67 77 134 260
263 266 362 392 355 300 233 210 173 148 138 134 135 135 138 142 145 148 154 156 160 165 169 174 181 191 198 204 208 213 219 224 232 245 286 277 318 388 355 355 360 393 393 450 501 495 445 484 503 491 459 433 416 402 388 375 375 355 336 311 308 293 283 263 250 255 246 229 223 199 190 179 170 163 155 147 137 123 96 78 69 78 118 198
393 319 444 479 423 445 359 252 226 231 174 144 140 137 138 139 141 143 148 151 157 161 165 169 177 186 194 200 206 208 212 215 221 229 264 271 292 343 424 423 450 436 460 454 501 519 488 524 513 506 486 460 433 413 399 380 376 350 339 333 327 311 292 287 259 269 296 296 279 251 216 189 180 170 161 151 141 123 99 80 69 69 108 190
531 549 370 425 481 451 456 327 318 291 224 184 149 140 140 139 141 141 144 149 152 158 162 165 173 180 186 193 197 202 206 210 216 219 230 257 277 302 356 374 429 458 454 464 468 491 517 535 524 516 505 484 457 435 412 393 382 367 366 360 347 336 305 287 276 267 257 286 307 303 257 258 220 202 166 149 134 114 99 80 69 64 93 139
430 520 497 381 531 478 485 433 389 379 262 233 180 149 140 140 140 142 144 147 151 155 159 164 170 173 181 186 189 195 202 209 218 225 227 241 269 275 288 323 402 394 405 425 423 433 470 506 512 522 509 492 473 440 425 429 423 405 393 383 369 344 315 288 285 309 279 277 297 305 296 287 223 248 166 135 124 113 96 82 69 64 82 115
421 510 462 421 414 474 493 380 352 295 269 227 223 170 146 142 141 141 143 145 148 150 156 160 165 169 175 181 189 193 201 211 220 218 216 218 250 259 297 303 369 376 338 371 388 397 443 431 485 531 522 507 494 477 458 449 440 422 414 396 375 363 344 313 303 300 280 278 264 268 269 296 267 264 172 132 118 112 98 84 71 64 69 109
435 458 475 442 401 404 410 395 367 317 329 243 225 181 153 145 143 142 141 142 145 147 151 156 161 166 172 179 183 188 191 197 205 203 204 204 219 233 248 276 298 333 360 376 357 351 385 422 443 481 501 504 507 494 469 466 445 428 412 394 393 372 365 349 309 291 277 263 273 294 317 323 322 236 184 145 124 109 94 80 71 64 66 102
384 427 493 473 399 383 372 418 413 289 291 251 216 185 157 147 143 142 141 141 143 145 149 152 157 162 168 175 179 181 184 187 190 192 195 195 201 210 228 240 263 299 330 336 305 308 296 397 393 408 439 481 506 507 497 481 463 430 407 404 403 388 358 369 354 330 295 274 270 300 332 333 272 228 255 178 157 133 103 86 74 65 63 94
341 373 470 533 441 410 381 408 454 353 264 258 225 179 156 148 142 141 140 139 139 141 144 148 152 156 162 168 173 178 182 183 185 185 187 189 191 198 207 221 242 265 269 279 283 282 316 375 428 476 433 460 487 494 504 501 478 443 418 426 399 363 350 335 338 335 327 289 318 298 327 326 298 302 244 194 181 160 144 121 82 69 64 79
310 335 372 468 481 403 347 340 323 267 302 235 231 197 160 149 142 141 138 136 136 136 139 141 145 149 155 161 167 173 175 176 178 180 180 181 183 186 194 208 224 240 244 235 250 289 338 323 399 438 476 490 494 469 495 503 486 449 427 427 391 381 369 339 326 317 317 297 302 314 306 278 305 332 265 196 193 196 178 164 111 73 67 72
284 300 294 377 425 420 343 343 288 258 256 239 226 202 172 152 142 138 135 133 132 132 133 136 140 144 148 153 159 163 165 167 169 171 172 175 175 176 179 186 205 211 210 234 259 297 313 295 362 401 410 412 446 451 457 497 488 443 430 463 462 435 391 353 332 322 307 308 292 275 278 327 321 329 285 218 215 248 204 193 132 79 69 65
259 269 277 310 392 366 325 344 290 283 271 275 242 223 187 163 141 136 131 129 128 127 128 132 134 138 142 146 150 153 156 159 160 162 165 167 168 169 171 174 182 192 207 214 228 263 270 296 326 387 373 345 400 395 417 452 462 426 444 445 459 437 386 354 340 326 316 308 306 302 296 283 294 345 304 285 246 280 236 213 168 110 73 67
306 276 256 267 316 376 320 347 290 258 267 258 260 236 192 159 142 132 129 126 123 122 124 127 130 133 135 139 141 145 149 150 154 156 157 159 161 162 164 167 170 177 188 198 206 223 269 275 291 323 309 384 363 321 356 376 390 444 476 483 485 452 406 371 351 340 331 311 299 299 316 307 321 332 342 333 283 315 260 199 178 129 85 69
318 303 267 253 267 349 321 349 303 262 231 229 254 231 174 167 139 130 125 123 120 120 119 120 123 126 128 133 136 137 140 144 145 148 149 150 153 154 157 159 161 164 170 180 182 216 249 267 275 273 274 361 322 369 368 461 453 465 496 484 498 487 468 394 359 347 347 324 315 298 312 328 347 347 329 265 305 339 288 245 193 155 117 77
