model/data/bioclim/bclim12.asc
NCOLS 300 
NROWS 300 
XLLCORNER -125.25 
YLLCORNER 30.75 
CELLSIZE 0.0416666666666667 
NODATA_value -3.4e+38 
[rows 216 to 251 of 300, columns 162 to 242 of 300]
386 391 396 405 421 430 432 435 464 601 594 465 490 445 408 366 372 374 454 652 782 822 843 719 444 326 331 473 603 700 831 839 889 884 841 837 815 803 791 787 767 756 744 706 627 581 474 385 321 250 228 210 187 165 153 137 124 110 107 113 109 103 96 95 118 128 129 173 119 107 113 135 109 91 82 80 88 97 103 91 96
383 390 392 397 410 437 450 462 466 462 481 454 482 432 412 400 406 389 504 562 598 630 583 529 463 320 308 301 311 326 350 386 615 776 786 739 771 785 780 779 793 789 780 749 687 598 463 365 335 285 245 217 184 158 146 142 127 117 109 108 104 102 96 94 92 93 97 121 142 118 124 149 143 106 89 81 87 97 131 110 97
400 399 398 402 421 411 443 474 493 477 454 431 429 421 419 418 417 412 401 392 383 374 366 353 343 332 321 315 310 306 306 319 371 434 413 591 803 821 831 810 795 776 771 747 693 573 460 382 322 297 244 213 181 162 151 153 140 131 119 116 112 107 98 93 91 89 90 92 95 116 115 132 136 122 102 89 88 93 111 143 109
420 404 411 399 403 410 422 447 453 432 417 404 398 403 409 418 426 426 423 414 403 385 368 355 350 343 331 324 315 308 306 308 304 314 401 568 705 817 832 875 871 808 759 651 597 483 351 282 287 273 265 283 233 225 231 233 188 219 188 142 150 123 108 99 95 99 97 97 100 108 121 130 133 121 106 96 89 93 115 124 102
367 359 353 355 372 390 403 423 426 414 395 395 399 402 414 429 427 423 417 411 400 378 365 353 348 345 334 325 318 315 319 329 319 317 351 397 635 812 828 822 806 724 581 474 406 301 234 223 266 318 359 362 344 270 285 293 300 348 281 186 207 193 130 135 112 109 124 135 122 126 120 117 124 129 146 117 99 93 106 114 107
331 333 340 349 359 373 384 389 390 399 390 428 407 404 418 413 424 431 406 395 383 374 362 350 348 348 334 323 332 339 340 335 330 327 335 378 501 604 638 695 722 677 562 327 272 224 206 200 263 246 325 392 409 389 351 305 312 317 297 240 228 200 163 161 135 126 119 129 112 127 123 104 105 140 182 158 111 96 106 124 130
316 313 325 348 352 362 369 375 381 382 386 431 441 437 422 429 440 438 408 380 373 363 354 347 342 337 328 330 349 370 365 362 340 334 336 355 383 413 414 377 410 442 452 356 238 197 173 164 180 194 219 258 324 370 371 334 337 317 300 248 213 182 157 157 165 136 110 102 96 96 94 93 94 101 119 154 113 94 94 106 124
-3.4e+38 314 314 325 349 353 358 364 368 371 370 382 397 407 416 422 436 443 430 400 365 358 353 360 347 335 335 345 351 352 345 348 339 338 338 344 349 342 334 297 278 263 237 221 211 185 168 156 152 154 160 193 198 299 292 373 363 272 263 242 192 145 124 113 135 120 100 98 97 95 92 93 93 94 97 130 108 92 88 94 104
-3.4e+38 312 316 320 330 336 344 355 359 362 360 364 380 385 384 385 392 404 412 387 365 355 351 351 343 345 348 358 361 349 340 342 341 319 316 332 343 335 343 367 304 286 284 228 206 177 164 154 150 151 147 139 148 157 172 219 291 308 248 234 220 181 135 120 115 112 110 109 111 120 121 142 114 91 90 109 105 88 84 85 92
-3.4e+38 -3.4e+38 319 318 325 329 334 345 352 351 352 356 362 365 367 366 374 381 392 403 442 387 368 355 370 362 362 362 363 352 338 338 334 318 310 309 332 346 403 467 494 533 701 467 467 254 174 158 146 147 134 132 125 127 137 170 226 276 308 263 254 201 205 203 156 135 126 127 124 134 152 128 96 86 85 91 119 88 81 87 88
-3.4e+38 -3.4e+38 328 322 322 327 336 338 340 344 342 343 353 356 353 357 375 392 412 437 482 500 425 365 358 366 382 385 381 359 337 331 326 332 344 308 305 361 364 405 486 709 765 850 769 453 210 162 149 138 125 115 110 115 126 116 136 188 244 252 232 237 253 215 181 159 153 148 151 161 168 136 96 86 83 83 84 81 80 80 93
-3.4e+38 314 379 383 337 316 318 327 332 326 331 339 345 350 351 354 361 380 402 406 446 513 518 437 351 386 416 411 398 352 334 327 339 366 348 312 306 300 299 312 459 593 738 791 773 507 211 175 166 144 129 118 107 98 97 93 96 124 163 195 203 216 225 203 189 207 193 170 178 156 148 135 98 86 82 83 80 80 82 80 101
-3.4e+38 -3.4e+38 327 360 346 314 313 321 -3.4e+38 321 319 328 336 338 340 341 338 348 375 412 415 475 633 613 455 373 350 371 367 343 339 327 328 337 324 314 313 315 312 315 329 470 609 665 696 462 252 192 208 174 133 122 110 98 89 84 86 98 125 153 172 215 244 205 182 224 242 174 173 135 138 123 93 87 87 85 82 83 81 82 89
-3.4e+38 -3.4e+38 -3.4e+38 -3.4e+38 -3.4e+38 306 -3.4e+38 -3.4e+38 -3.4e+38 -3.4e+38 312 317 323 327 327 323 328 338 352 377 397 428 513 544 614 508 361 324 334 333 332 328 327 327 320 321 313 335 352 352 379 454 556 529 568 622 465 241 276 205 151 144 115 99 89 87 83 86 103 119 133 134 142 135 127 140 133 112 97 95 96 97 105 104 95 97 90 87 85 81 82
-3.4e+38 -3.4e+38 -3.4e+38 -3.4e+38 -3.4e+38 -3.4e+38 -3.4e+38 -3.4e+38 -3.4e+38 -3.4e+38 -3.4e+38 321 318 320 318 320 334 344 343 355 373 379 395 465 541 512 443 343 312 348 358 341 332 327 337 361 355 345 378 435 385 433 534 584 495 591 621 332 347 304 199 173 126 105 94 88 81 81 89 108 118 113 100 106 114 115 115 126 114 114 111 104 127 152 137 131 113 95 90 87 84
-3.4e+38 -3.4e+38 -3.4e+38 -3.4e+38 -3.4e+38 -3.4e+38 -3.4e+38 -3.4e+38 -3.4e+38 -3.4e+38 -3.4e+38 -3.4e+38 -3.4e+38 311 307 339 372 363 350 350 358 362 369 383 433 451 479 511 386 331 344 351 329 326 338 344 359 377 394 432 475 477 454 582 583 518 604 392 359 359 298 296 176 113 96 88 83 80 80 86 93 98 98 131 158 146 134 123 119 114 111 109 126 150 164 160 127 112 96 89 88
-3.4e+38 -3.4e+38 -3.4e+38 -3.4e+38 -3.4e+38 -3.4e+38 -3.4e+38 -3.4e+38 -3.4e+38 -3.4e+38 -3.4e+38 -3.4e+38 -3.4e+38 -3.4e+38 -3.4e+38 313 338 352 335 334 343 342 339 360 448 468 428 438 426 369 326 322 323 326 332 338 353 368 372 413 451 483 411 416 420 506 526 488 535 504 418 482 339 163 125 94 88 82 79 78 76 81 84 95 127 162 133 113 101 102 106 114 123 147 177 186 153 127 103 97 91
-3.4e+38 -3.4e+38 -3.4e+38 -3.4e+38 -3.4e+38 -3.4e+38 -3.4e+38 -3.4e+38 -3.4e+38 -3.4e+38 -3.4e+38 -3.4e+38 -3.4e+38 -3.4e+38 -3.4e+38 -3.4e+38 -3.4e+38 332 336 333 325 331 332 350 424 390 412 450 427 393 368 331 322 327 331 333 373 351 363 381 420 417 420 415 399 464 431 512 647 695 649 434 296 196 145 106 91 82 77 77 74 71 75 75 76 85 87 90 99 113 119 124 126 130 140 151 150 132 113 103 98
-3.4e+38 -3.4e+38 -3.4e+38 -3.4e+38 -3.4e+38 -3.4e+38 -3.4e+38 -3.4e+38 -3.4e+38 -3.4e+38 -3.4e+38 -3.4e+38 -3.4e+38 -3.4e+38 -3.4e+38 -3.4e+38 -3.4e+38 -3.4e+38 319 312 325 338 332 342 363 395 453 435 365 345 348 362 335 326 330 346 337 330 341 370 410 447 503 532 442 390 355 350 471 472 415 450 433 281 212 136 96 87 78 76 75 73 70 73 69 73 75 85 126 142 143 134 133 133 139 144 142 138 125 123 111
299 298 293 -3.4e+38 -3.4e+38 -3.4e+38 -3.4e+38 -3.4e+38 -3.4e+38 -3.4e+38 -3.4e+38 -3.4e+38 -3.4e+38 -3.4e+38 -3.4e+38 -3.4e+38 -3.4e+38 -3.4e+38 -3.4e+38 -3.4e+38 305 323 316 323 347 414 491 397 318 348 340 336 366 361 355 436 448 394 371 364 409 477 547 557 554 467 378 293 315 299 293 286 352 411 402 191 115 95 83 76 75 73 71 69 72 71 72 74 102 109 127 114 115 117 120 133 136 131 126 123 118
281 327 341 296 -3.4e+38 -3.4e+38 -3.4e+38 -3.4e+38 -3.4e+38 -3.4e+38 -3.4e+38 -3.4e+38 -3.4e+38 -3.4e+38 -3.4e+38 -3.4e+38 -3.4e+38 -3.4e+38 -3.4e+38 -3.4e+38 -3.4e+38 298 307 326 323 368 386 352 315 323 324 340 350 354 349 450 557 555 483 492 429 402 453 522 584 620 495 388 257 251 236 198 169 183 352 283 161 118 100 80 77 73 72 70 72 72 70 71 74 80 87 90 93 102 104 119 124 127 121 116 109
285 322 344 333 284 -3.4e+38 -3.4e+38 -3.4e+38 -3.4e+38 -3.4e+38 -3.4e+38 -3.4e+38 -3.4e+38 -3.4e+38 -3.4e+38 -3.4e+38 -3.4e+38 -3.4e+38 -3.4e+38 -3.4e+38 -3.4e+38 -3.4e+38 302 341 353 332 316 321 304 328 329 324 311 322 315 340 459 646 691 685 634 503 451 474 525 605 597 475 287 254 190 196 177 137 184 310 218 133 100 83 78 76 73 72 69 70 69 70 68 68 73 77 79 86 94 113 112 120 116 111 104
268 288 293 325 325 -3.4e+38 -3.4e+38 -3.4e+38 -3.4e+38 -3.4e+38 -3.4e+38 -3.4e+38 -3.4e+38 -3.4e+38 -3.4e+38 -3.4e+38 -3.4e+38 -3.4e+38 -3.4e+38 -3.4e+38 -3.4e+38 -3.4e+38 -3.4e+38 -3.4e+38 303 310 322 294 306 326 313 308 328 345 363 347 345 443 599 679 614 495 449 407 443 555 690 601 459 299 181 161 171 142 141 161 177 133 101 90 83 78 76 72 70 70 68 68 68 67 70 73 76 76 81 98 114 111 110 104 104
-3.4e+38 -3.4e+38 -3.4e+38 -3.4e+38 -3.4e+38 -3.4e+38 -3.4e+38 -3.4e+38 -3.4e+38 -3.4e+38 -3.4e+38 -3.4e+38 -3.4e+38 -3.4e+38 -3.4e+38 -3.4e+38 -3.4e+38 -3.4e+38 -3.4e+38 -3.4e+38 -3.4e+38 -3.4e+38 -3.4e+38 -3.4e+38 284 289 303 300 298 307 307 323 338 358 368 392 374 362 429 464 513 492 402 402 416 507 630 638 536 317 174 156 148 147 153 139 128 116 102 92 86 80 76 74 70 72 71 69 69 68 70 70 73 75 78 86 100 103 104 105 103
-3.4e+38 -3.4e+38 -3.4e+38 -3.4e+38 -3.4e+38 -3.4e+38 -3.4e+38 -3.4e+38 -3.4e+38 -3.4e+38 -3.4e+38 -3.4e+38 -3.4e+38 -3.4e+38 -3.4e+38 -3.4e+38 -3.4e+38 -3.4e+38 -3.4e+38 -3.4e+38 -3.4e+38 -3.4e+38 -3.4e+38 -3.4e+38 -3.4e+38 282 286 293 295 308 329 361 366 384 386 385 390 416 481 540 515 512 414 426 460 459 537 593 509 303 187 158 147 143 134 126 118 110 99 92 88 82 79 76 73 71 74 71 69 68 67 70 71 73 76 80 85 100 109 112 112
-3.4e+38 -3.4e+38 -3.4e+38 -3.4e+38 -3.4e+38 -3.4e+38 -3.4e+38 -3.4e+38 -3.4e+38 -3.4e+38 -3.4e+38 -3.4e+38 -3.4e+38 -3.4e+38 -3.4e+38 -3.4e+38 -3.4e+38 -3.4e+38 -3.4e+38 -3.4e+38 -3.4e+38 -3.4e+38 -3.4e+38 -3.4e+38 -3.4e+38 -3.4e+38 291 296 303 318 335 362 377 383 402 397 412 420 434 430 487 534 531 530 610 549 511 485 475 438 276 188 165 149 142 131 115 106 99 93 89 88 85 78 73 72 71 70 69 67 69 71 70 73 74 77 80 85 100 111 114
-3.4e+38 -3.4e+38 -3.4e+38 -3.4e+38 -3.4e+38 -3.4e+38 -3.4e+38 -3.4e+38 -3.4e+38 -3.4e+38 -3.4e+38 -3.4e+38 -3.4e+38 -3.4e+38 -3.4e+38 -3.4e+38 -3.4e+38 -3.4e+38 -3.4e+38 -3.4e+38 -3.4e+38 -3.4e+38 -3.4e+38 -3.4e+38 -3.4e+38 -3.4e+38 -3.4e+38 291 298 317 336 351 360 365 365 372 414 415 410 360 464 462 512 506 634 723 475 395 356 310 277 229 193 172 152 131 116 107 99 94 91 87 84 77 76 73 72 69 70 69 69 72 71 71 74 77 78 79 84 87 90
-3.4e+38 -3.4e+38 -3.4e+38 -3.4e+38 -3.4e+38 -3.4e+38 -3.4e+38 -3.4e+38 -3.4e+38 -3.4e+38 -3.4e+38 -3.4e+38 -3.4e+38 -3.4e+38 -3.4e+38 -3.4e+38 -3.4e+38 -3.4e+38 -3.4e+38 -3.4e+38 -3.4e+38 -3.4e+38 -3.4e+38 -3.4e+38 -3.4e+38 -3.4e+38 -3.4e+38 -3.4e+38 296 308 337 377 381 369 360 342 354 370 372 367 424 430 451 474 571 662 526 347 353 311 316 252 231 253 219 169 120 105 99 93 90 84 80 76 76 74 73 71 74 72 73 73 71 72 72 74 76 80 78 81 83
-3.4e+38 -3.4e+38 -3.4e+38 -3.4e+38 -3.4e+38 -3.4e+38 -3.4e+38 -3.4e+38 -3.4e+38 -3.4e+38 -3.4e+38 -3.4e+38 -3.4e+38 -3.4e+38 -3.4e+38 -3.4e+38 -3.4e+38 -3.4e+38 -3.4e+38 -3.4e+38 -3.4e+38 -3.4e+38 -3.4e+38 -3.4e+38 -3.4e+38 -3.4e+38 -3.4e+38 -3.4e+38 299 309 316 342 375 345 332 348 377 391 391 387 420 444 456 461 588 689 581 445 485 333 330 373 339 280 274 246 150 109 102 95 90 87 82 83 81 79 77 74 74 74 73 72 72 72 72 74 76 75 79 77 80
-3.4e+38 -3.4e+38 -3.4e+38 -3.4e+38 -3.4e+38 -3.4e+38 -3.4e+38 -3.4e+38 -3.4e+38 -3.4e+38 -3.4e+38 -3.4e+38 -3.4e+38 -3.4e+38 -3.4e+38 -3.4e+38 -3.4e+38 -3.4e+38 -3.4e+38 -3.4e+38 -3.4e+38 -3.4e+38 -3.4e+38 -3.4e+38 -3.4e+38 -3.4e+38 -3.4e+38 -3.4e+38 293 305 308 314 334 355 349 362 429 405 393 395 397 433 416 474 581 726 770 573 419 359 331 381 438 338 237 215 157 125 120 107 92 90 86 85 83 81 78 76 74 74 74 72 72 72 73 72 75 75 76 80 80
-3.4e+38 -3.4e+38 -3.4e+38 -3.4e+38 -3.4e+38 -3.4e+38 -3.4e+38 -3.4e+38 -3.4e+38 -3.4e+38 -3.4e+38 -3.4e+38 -3.4e+38 -3.4e+38 -3.4e+38 -3.4e+38 -3.4e+38 -3.4e+38 -3.4e+38 -3.4e+38 -3.4e+38 -3.4e+38 -3.4e+38 -3.4e+38 -3.4e+38 -3.4e+38 -3.4e+38 -3.4e+38 -3.4e+38 296 303 310 335 365 357 357 418 428 388 386 418 382 363 458 555 772 794 698 453 305 286 248 231 220 195 158 140 135 143 153 135 91 87 88 84 81 79 77 74 74 75 77 73 72 73 73 74 75 74 76 82
231 -3.4e+38 -3.4e+38 -3.4e+38 -3.4e+38 -3.4e+38 -3.4e+38 -3.4e+38 -3.4e+38 -3.4e+38 -3.4e+38 -3.4e+38 -3.4e+38 -3.4e+38 -3.4e+38 -3.4e+38 -3.4e+38 -3.4e+38 -3.4e+38 -3.4e+38 -3.4e+38 -3.4e+38 -3.4e+38 -3.4e+38 -3.4e+38 -3.4e+38 -3.4e+38 -3.4e+38 -3.4e+38 302 304 312 325 345 347 355 375 380 375 406 456 364 416 446 549 766 737 741 633 400 289 270 258 202 174 160 143 128 129 130 109 91 86 86 84 81 79 77 76 74 74 72 72 75 72 72 74 74 74 75 76
293 279 -3.4e+38 -3.4e+38 -3.4e+38 -3.4e+38 -3.4e+38 -3.4e+38 -3.4e+38 -3.4e+38 -3.4e+38 -3.4e+38 -3.4e+38 -3.4e+38 -3.4e+38 -3.4e+38 -3.4e+38 -3.4e+38 -3.4e+38 -3.4e+38 -3.4e+38 -3.4e+38 -3.4e+38 -3.4e+38 -3.4e+38 -3.4e+38 -3.4e+38 -3.4e+38 -3.4e+38 302 307 312 323 338 356 349 349 327 380 371 408 379 410 435 511 614 699 709 700 638 403 359 274 228 173 149 140 127 114 109 98 91 86 83 81 80 76 75 75 73 75 73 73 71 72 72 73 75 73 74 75
236 279 247 221 -3.4e+38 -3.4e+38 -3.4e+38 -3.4e+38 -3.4e+38 -3.4e+38 -3.4e+38 -3.4e+38 -3.4e+38 -3.4e+38 -3.4e+38 -3.4e+38 -3.4e+38 -3.4e+38 -3.4e+38 -3.4e+38 -3.4e+38 -3.4e+38 -3.4e+38 -3.4e+38 -3.4e+38 -3.4e+38 -3.4e+38 -3.4e+38 -3.4e+38 303 311 316 319 324 343 315 310 312 314 367 384 422 493 464 548 553 617 583 677 675 627 409 328 250 181 149 144 129 118 116 101 92 88 84 78 76 74 72 72 71 74 73 71 71 71 71 71 74 74 73 74
-3.4e+38 201 205 214 -3.4e+38 -3.4e+38 -3.4e+38 -3.4e+38 -3.4e+38 -3.4e+38 -3.4e+38 -3.4e+38 -3.4e+38 -3.4e+38 -3.4e+38 -3.4e+38 -3.4e+38 -3.4e+38 -3.4e+38 -3.4e+38 -3.4e+38 -3.4e+38 -3.4e+38 -3.4e+38 -3.4e+38 -3.4e+38 -3.4e+38 -3.4e+38 -3.4e+38 303 299 309 319 303 318 338 312 314 353 379 381 422 424 456 491 530 558 572 632 642 605 535 398 272 193 185 169 150 144 149 111 92 88 81 76 71 69 70 70 70 71 72 70 69 71 70 72 76 72 72 74
-3.4e+38 -3.4e+38 -3.4e+38 -3.4e+38 -3.4e+38 -3.4e+38 -3.4e+38 -3.4e+38 -3.4e+38 -3.4e+38 -3.4e+38 -3.4e+38 -3.4e+38 -3.4e+38 -3.4e+38 -3.4e+38 -3.4e+38 -3.4e+38 -3.4e+38 -3.4e+38 -3.4e+38 -3.4e+38 -3.4e+38 -3.4e+38 -3.4e+38 -3.4e+38 -3.4e+38 -3.4e+38 -3.4e+38 278 271 289 295 301 312 323 329 313 316 340 380 417 444 448 445 530 569 556 509 542 489 490 392 320 224 218 192 155 133 118 103 92 88 80 74 72 70 67 67 67 70 71 69 69 71 72 73 74 73 72 72
