model/data/bioclim/bclim7.asc
NCOLS 300 
NROWS 300 
XLLCORNER -125.250000000003 
YLLCORNER 30.7499999999996 
CELLSIZE 0.041666666666667 
NODATA_value -32768 
[rows 152 to 189 of 300, columns 172 to 257 of 300]
327 326 371 402 410 411 412 402 396 413 390 349 349 392 368 362 402 419 423 422 416 395 375 372 365 372 388 392 395 396 399 401 396 387 386 393 391 383 375 382 385 377 373 374 369 373 377 378 382 384 380 382 384 381 369 368 372 380 390 390 372 382 389 391 385 379 382 380 384 390 381 364 385 396 401 404 402 391 390 392 396 404 404 399 396 390
348 328 371 404 410 411 412 412 413 414 392 373 364 383 365 358 383 409 422 425 425 419 402 394 390 371 387 396 400 402 404 405 393 378 385 395 394 388 380 386 390 384 380 381 378 372 373 377 382 385 387 388 388 384 376 374 369 374 390 392 370 380 388 391 382 370 370 373 377 383 376 359 381 391 399 402 403 395 391 394 396 402 403 399 397 393
373 314 328 383 409 410 412 413 412 396 384 398 389 388 361 349 369 404 421 425 426 426 418 399 386 385 380 391 399 402 404 406 404 397 386 399 397 393 386 387 392 390 387 385 381 377 375 378 379 384 387 388 388 384 380 376 368 373 391 395 373 380 388 391 386 375 375 365 370 374 366 354 377 389 396 401 402 398 397 395 396 401 405 400 397 395
388 322 318 361 405 410 413 413 413 406 394 403 396 392 364 358 376 410 420 424 425 426 426 417 410 395 393 392 394 400 403 406 406 406 400 403 401 398 393 392 394 394 390 387 381 371 372 374 379 383 386 385 380 375 375 374 373 381 393 394 384 379 386 389 385 381 381 370 366 365 358 358 377 387 393 399 400 401 401 398 399 400 404 403 398 397
394 345 299 331 379 408 411 412 414 414 411 400 400 385 379 365 388 408 420 424 424 424 426 425 422 413 412 405 391 393 398 404 407 407 406 404 403 400 399 398 397 394 386 382 381 377 378 378 378 379 380 379 375 373 374 371 379 390 394 395 373 380 389 388 382 376 378 371 359 351 348 360 375 382 390 398 394 395 398 398 402 402 402 403 400 397
394 375 315 311 351 396 411 412 414 414 414 400 400 388 386 373 384 404 418 423 424 424 424 425 425 423 422 419 399 383 392 401 407 407 407 407 406 403 402 401 399 396 391 388 385 382 379 378 377 375 374 374 370 372 375 378 386 392 394 389 374 388 392 386 375 374 376 365 347 332 344 357 368 376 388 395 387 385 391 393 398 402 400 402 401 398
391 391 359 303 326 350 395 406 410 412 413 404 395 381 380 388 383 404 417 421 423 423 424 425 426 425 425 424 422 409 397 399 405 407 405 407 407 406 405 403 401 397 393 389 384 379 377 379 378 377 375 368 369 369 375 382 388 393 394 389 383 393 396 391 374 374 369 356 336 329 342 352 365 378 388 389 383 383 389 394 397 399 400 400 399 399
389 390 380 333 317 320 338 377 375 386 404 403 381 361 368 379 391 405 414 419 422 423 424 424 425 425 425 426 425 422 412 402 401 404 404 408 407 406 406 404 403 399 398 397 393 383 379 379 382 380 377 376 378 378 379 382 390 392 393 391 393 396 396 391 378 375 363 343 333 340 347 350 360 376 387 389 382 385 391 394 396 397 396 393 393 397
383 388 390 381 356 339 317 347 359 354 363 383 375 349 349 367 385 398 409 417 421 421 414 407 419 424 425 426 425 425 421 406 390 390 398 408 408 407 407 406 405 404 401 402 401 397 395 391 382 377 375 376 379 381 384 385 387 388 390 392 395 397 395 390 386 375 360 337 339 352 353 354 356 366 385 391 387 388 392 393 394 395 391 387 389 391
375 386 389 390 387 373 344 324 342 355 359 353 359 361 358 372 390 392 397 413 417 410 381 376 404 421 424 424 425 424 419 401 391 381 382 405 409 408 407 407 406 405 404 405 405 403 401 396 380 371 366 370 373 375 377 379 377 376 380 386 392 395 396 395 390 381 366 343 350 359 357 354 357 372 386 387 393 393 392 391 392 391 388 383 387 389
362 385 387 389 389 387 373 344 341 357 365 368 367 394 400 397 387 374 378 399 408 401 376 372 396 416 423 424 424 424 419 405 390 380 374 391 408 408 408 408 408 407 406 406 406 405 403 396 381 367 351 359 362 366 367 369 367 370 371 373 380 386 392 397 397 390 376 358 364 365 357 352 364 377 385 389 394 394 392 390 389 387 384 381 384 387
354 383 385 387 388 389 382 347 335 359 367 369 377 397 409 413 405 367 355 380 386 386 369 371 401 418 421 423 424 424 423 418 403 388 387 383 404 408 408 409 408 409 406 404 403 404 401 392 384 374 358 344 344 351 346 357 359 360 361 359 366 374 382 394 400 398 388 380 373 366 362 359 369 377 383 389 394 391 388 387 385 383 380 377 380 382
342 381 383 385 386 385 378 363 343 361 369 374 379 395 412 413 413 399 376 368 351 369 374 370 389 409 420 423 423 423 419 418 414 405 389 374 388 401 407 410 409 410 409 407 396 397 395 383 391 385 373 356 339 342 340 335 345 347 349 352 359 365 376 389 398 399 395 389 378 359 363 372 370 374 383 389 391 386 383 382 380 377 370 372 375 377
325 377 382 383 382 377 373 372 368 367 367 368 381 398 409 413 414 410 397 373 352 354 370 366 365 387 414 421 422 423 421 408 408 407 398 395 388 394 399 409 410 411 409 408 406 397 397 390 394 396 384 370 350 341 347 332 321 328 335 341 345 357 366 380 390 395 397 398 395 389 384 384 381 380 382 385 384 378 379 377 373 372 372 376 378 374
337 376 379 379 371 355 353 364 368 362 362 363 381 392 393 409 413 413 404 380 363 370 366 351 372 387 411 420 421 422 422 414 387 400 389 395 401 404 406 410 410 411 408 404 406 403 398 389 400 406 399 384 363 348 351 336 322 319 315 330 335 351 367 375 382 389 395 397 397 397 395 393 391 391 387 385 382 378 374 371 365 366 373 376 378 381
330 372 376 372 362 339 330 345 355 357 357 368 379 380 371 400 410 412 410 396 383 378 367 342 339 365 404 419 421 421 422 419 385 391 391 388 399 404 408 410 412 411 407 391 395 407 400 405 408 409 404 391 376 365 356 341 322 306 324 333 347 356 364 368 369 386 394 396 396 397 397 397 397 395 392 387 384 379 377 373 368 367 372 376 380 381
330 361 372 367 359 335 323 331 329 344 356 369 378 369 357 390 407 411 411 408 394 368 355 335 334 366 399 418 420 420 421 419 381 381 390 386 393 398 403 408 411 409 407 397 391 407 406 407 410 410 408 396 383 366 359 352 334 319 315 328 344 352 351 353 364 380 392 395 395 396 397 398 398 395 385 385 388 385 380 375 375 374 375 373 374 371
300 346 368 370 361 352 331 327 320 331 349 360 372 366 348 388 405 410 413 411 407 384 351 321 339 376 397 417 420 419 420 419 395 378 376 384 388 387 398 404 409 410 411 401 386 398 410 409 410 411 411 406 398 381 371 360 347 348 333 341 339 343 352 359 371 383 389 391 393 395 396 398 397 390 380 388 389 389 384 380 380 380 372 373 376 377
299 341 365 366 352 350 342 340 332 334 346 354 366 359 334 371 401 411 413 414 414 394 351 325 330 367 392 414 419 419 419 419 413 388 366 374 384 381 388 400 403 406 412 408 393 392 404 410 411 411 410 409 404 393 383 372 368 358 350 345 349 348 368 375 380 383 387 389 392 393 393 395 394 391 383 386 390 391 389 385 386 384 384 382 376 387
291 330 366 367 351 354 355 355 355 347 344 348 353 349 329 363 396 409 413 414 414 396 363 337 331 365 392 411 417 418 419 419 415 385 366 368 383 383 387 393 386 402 411 410 399 402 382 400 409 409 409 407 404 397 391 384 378 367 355 356 355 345 366 374 370 383 386 388 389 390 391 391 392 391 388 388 385 387 389 389 387 386 372 369 368 383
292 329 365 375 370 362 359 369 369 355 349 344 343 346 335 353 393 405 411 413 414 405 371 343 329 362 385 406 416 417 418 419 417 397 383 375 387 394 398 394 390 401 411 407 394 409 401 383 400 408 408 406 402 399 395 391 386 379 369 366 359 353 359 377 373 380 384 385 386 386 387 387 387 388 386 380 368 372 386 387 386 369 360 359 365 377
305 310 355 376 377 373 365 374 374 364 354 351 344 346 349 359 383 404 409 412 413 398 361 348 341 357 377 397 413 416 418 417 406 374 380 380 385 394 400 400 396 400 411 411 403 409 408 389 376 403 407 406 402 399 396 394 388 382 376 370 362 355 353 372 376 378 380 382 383 383 383 381 380 377 376 373 362 360 376 382 382 370 357 355 364 372
312 305 335 372 376 368 359 382 391 379 366 359 345 343 350 359 381 396 407 412 412 398 360 348 362 376 385 393 408 415 416 416 417 407 389 386 392 387 393 400 404 405 408 412 410 407 408 395 372 395 403 404 403 400 397 394 389 384 379 373 354 343 347 362 371 375 376 379 379 380 378 374 368 364 366 364 361 359 361 368 383 371 359 353 361 371
301 303 320 352 375 364 365 392 397 395 389 379 353 343 348 358 370 393 397 408 412 405 367 365 381 387 397 401 408 413 415 416 416 416 409 407 407 405 399 394 401 408 408 413 412 409 409 402 381 395 400 399 399 398 395 394 390 386 381 373 362 346 343 360 366 371 369 371 373 375 373 369 360 362 365 369 372 367 365 363 379 374 366 355 361 371
300 312 322 350 380 383 385 392 398 397 393 386 362 350 346 363 381 396 400 395 409 409 378 368 378 377 390 389 400 407 413 415 415 415 416 415 412 408 402 392 394 407 411 412 412 411 408 405 395 400 398 393 394 395 393 393 390 388 380 372 366 351 358 364 358 364 366 369 370 368 365 364 356 362 372 376 373 370 366 360 369 382 376 360 361 370
308 316 331 353 380 390 392 394 395 397 398 393 375 368 361 361 384 402 404 395 389 409 400 387 379 382 389 389 401 410 411 408 403 412 414 415 415 410 401 395 390 405 411 411 411 411 407 397 396 401 396 388 384 384 382 389 391 390 386 380 372 359 363 367 361 362 368 371 367 365 364 360 359 369 376 375 369 364 360 356 376 382 380 368 364 367
325 316 331 343 380 394 396 398 398 399 400 398 387 380 368 371 393 406 407 398 377 397 408 390 384 392 398 402 407 406 402 390 393 401 410 413 414 413 409 406 396 404 405 405 410 409 405 401 400 398 389 368 371 374 378 381 389 389 388 385 377 368 360 367 370 370 371 372 369 366 361 359 367 374 375 370 361 357 357 355 371 376 368 366 360 364
334 317 336 352 380 395 397 399 400 399 400 399 396 384 378 386 401 406 407 404 392 377 401 398 399 400 404 406 402 396 397 390 395 405 405 410 413 413 413 411 410 409 408 407 409 408 402 397 399 393 371 357 360 371 378 383 385 387 388 387 382 373 362 364 372 373 370 370 368 362 361 365 371 372 370 363 354 353 354 363 375 376 365 360 356 360
344 321 321 352 377 396 398 399 398 399 399 399 398 391 392 391 404 406 405 406 397 370 392 403 400 400 401 398 385 393 398 398 402 405 404 406 411 412 413 412 412 408 410 410 410 408 405 400 399 393 375 356 349 366 376 377 374 379 384 384 384 375 361 364 372 374 370 365 364 359 359 364 365 366 366 359 350 349 352 365 379 382 368 358 353 357
332 326 323 344 368 394 398 397 398 398 398 395 398 397 398 400 403 404 405 404 401 384 385 402 394 377 388 390 387 393 395 399 402 399 395 403 411 411 411 411 411 410 411 410 410 409 407 405 401 395 390 374 374 376 377 374 370 368 373 382 381 379 366 360 372 373 368 361 357 352 350 357 358 361 361 354 346 345 352 364 376 383 371 363 357 355
315 323 338 338 366 391 395 396 395 396 396 394 396 398 398 397 400 404 403 402 390 370 373 392 400 390 379 378 374 382 389 392 393 396 400 405 408 409 409 410 410 410 411 409 409 408 407 403 402 399 396 390 387 384 379 377 374 369 362 372 373 371 364 364 371 372 367 354 350 342 346 351 351 354 355 354 349 345 350 359 375 382 377 368 357 352
320 331 340 357 373 385 391 391 392 393 393 390 385 389 390 395 399 401 401 397 371 369 379 393 398 394 387 380 376 378 379 390 395 401 400 399 400 403 403 403 405 406 406 408 408 407 406 405 402 398 395 387 381 380 377 376 375 371 366 362 358 360 366 372 371 368 361 349 346 335 338 345 345 348 351 351 350 346 346 362 371 380 380 370 357 346
334 350 360 367 375 380 383 385 384 381 379 376 376 378 391 397 398 396 394 396 390 388 392 397 398 397 394 391 384 383 385 390 397 399 399 396 390 387 390 388 380 385 393 401 405 407 405 403 399 396 391 384 375 375 372 373 373 370 361 352 347 360 368 370 369 367 360 352 346 335 338 342 343 344 347 348 349 346 349 361 372 379 379 368 355 343
343 358 365 371 375 364 367 371 377 370 371 375 384 389 394 394 393 392 391 392 394 395 393 394 391 390 392 382 370 374 377 380 381 389 388 382 376 378 376 371 364 361 361 386 401 405 405 400 394 387 384 378 372 370 370 371 371 367 356 337 342 357 363 368 369 367 363 355 349 339 338 342 344 345 344 346 345 345 355 362 373 380 380 371 360 347
347 358 364 368 363 345 359 365 365 357 366 370 370 379 386 388 384 386 389 389 385 382 389 387 381 383 385 384 379 377 381 385 380 376 376 378 377 377 382 377 375 369 363 376 397 403 403 401 396 387 378 369 366 363 365 367 367 364 358 354 351 352 356 363 366 366 363 358 352 344 339 338 342 344 345 345 344 347 355 364 372 379 381 375 364 350
344 355 361 365 361 352 349 372 371 370 371 369 359 357 371 377 382 385 380 378 376 372 372 374 372 380 381 382 380 381 383 384 384 384 380 370 374 379 381 382 384 381 382 388 397 402 402 398 394 388 378 366 367 363 360 362 363 362 359 356 345 344 347 354 363 364 362 357 351 345 338 338 342 344 346 347 346 346 355 363 372 379 380 378 369 355
346 360 370 370 365 372 384 388 384 377 367 365 362 367 372 365 379 378 373 370 363 368 374 370 365 372 375 380 383 379 379 381 382 384 383 381 384 383 385 385 386 389 389 394 399 401 400 398 393 385 376 372 373 365 359 358 359 357 356 353 349 342 344 355 360 360 358 353 347 341 336 338 341 343 347 348 348 348 352 357 366 374 379 379 371 363
354 365 376 379 386 388 388 384 375 356 354 355 361 378 380 377 377 370 364 370 363 367 375 378 377 376 375 378 382 381 373 372 380 383 387 389 391 392 391 391 391 392 391 393 399 400 399 399 397 391 385 382 376 369 362 354 354 353 351 349 345 340 347 354 357 355 352 346 338 335 335 338 338 344 347 349 350 351 350 351 359 366 374 379 373 368
