model/data/bioclim/bclim16.asc
NCOLS 300 
NROWS 300 
XLLCORNER -125.250000000003 
YLLCORNER 30.7499999999996 
CELLSIZE 0.041666666666667 
NODATA_value -32768 
[rows 117 to 155 of 300, columns 178 to 266 of 300]
41 41 43 47 45 43 43 43 41 41 41 42 46 53 56 56 51 51 51 51 52 57 65 72 83 84 72 63 55 55 56 62 75 76 70 57 53 52 52 55 62 68 66 63 69 66 55 54 54 55 55 56 57 66 87 117 120 95 84 76 72 67 66 66 66 67 69 74 97 87 79 79 87 79 82 102 90 80 80 81 83 86 90 110 119 123 100 89 86
41 41 43 48 43 43 43 43 40 40 41 41 45 54 67 59 51 50 50 50 52 55 60 63 66 68 63 63 55 55 55 59 74 74 69 59 51 51 52 53 59 71 63 60 65 61 55 55 55 56 56 57 62 73 95 135 120 92 81 73 69 72 65 65 67 68 74 76 84 83 79 89 87 77 79 89 95 84 80 82 86 93 98 115 116 104 107 103 97
42 42 43 43 43 42 43 41 38 39 39 41 44 49 61 56 52 51 48 50 52 56 61 60 60 58 55 56 52 55 54 59 65 67 63 56 51 50 51 53 56 64 67 63 59 58 55 55 55 56 57 60 68 78 101 132 104 85 75 70 72 69 66 66 68 75 77 76 79 81 86 87 77 76 80 86 94 87 82 83 87 100 122 120 107 100 104 97 102
43 42 43 44 46 43 41 38 38 39 39 39 42 48 54 54 54 51 47 51 56 62 64 60 58 60 55 54 52 53 53 56 62 67 59 53 51 51 51 53 57 67 66 59 56 55 55 55 55 58 64 85 93 94 111 109 90 76 70 70 81 74 69 66 67 73 76 73 78 84 90 78 74 75 81 90 95 89 82 83 87 97 122 125 107 97 94 94 97
45 46 46 50 50 43 38 38 38 39 39 40 42 46 52 52 50 47 47 52 58 63 59 61 55 58 57 52 52 52 52 53 58 64 59 51 51 52 54 55 55 56 53 53 54 56 58 59 62 73 88 108 107 106 107 93 81 71 68 72 71 71 69 71 69 69 76 72 78 90 87 75 72 75 83 94 91 86 81 81 85 92 101 115 105 97 91 89 94
49 49 49 54 46 40 38 38 38 39 39 41 42 46 51 54 48 45 45 50 54 58 58 54 53 60 58 53 52 51 52 53 58 62 62 53 52 53 57 65 60 55 53 54 56 56 62 67 81 99 102 121 102 97 96 84 75 68 68 77 70 67 76 81 76 70 68 70 74 79 78 72 72 75 80 83 85 83 81 81 84 87 95 112 119 102 92 88 88
51 48 46 46 42 38 38 38 39 41 41 41 43 46 49 52 47 45 45 45 47 52 54 52 50 57 57 53 51 51 53 56 61 69 64 56 53 57 66 69 65 57 54 54 56 62 72 77 90 108 124 109 97 96 86 76 72 68 71 77 67 67 72 83 88 79 72 68 70 75 75 70 69 70 73 76 88 93 82 80 83 84 88 96 107 107 93 86 88
43 42 42 39 38 38 38 43 46 45 43 42 44 46 50 49 45 43 43 44 45 47 52 50 49 55 57 52 50 51 53 59 64 69 70 58 55 61 70 72 66 57 54 54 56 62 75 85 98 111 111 95 88 86 77 73 71 68 73 68 66 66 69 75 84 103 88 75 68 72 76 70 69 69 70 80 88 114 90 81 80 83 86 89 95 101 97 89 89
39 39 39 37 37 38 44 53 59 49 45 43 43 46 48 49 45 42 42 43 44 44 47 47 47 49 50 49 49 52 57 67 87 87 67 58 58 61 69 78 69 58 54 54 55 64 79 92 94 107 99 91 87 80 76 73 70 69 71 71 66 66 69 75 85 105 102 84 69 71 77 72 67 67 68 74 88 121 101 85 80 80 83 86 89 92 95 90 94
39 37 37 37 38 41 45 48 52 49 48 43 42 44 49 49 45 42 42 42 43 44 47 47 47 47 48 48 50 56 61 71 87 90 70 61 59 63 69 80 74 59 54 54 57 66 81 94 89 89 85 85 82 80 75 73 72 75 76 67 66 66 69 78 87 107 106 82 69 74 85 72 67 66 67 73 85 110 108 91 85 80 80 83 86 88 84 89 96
39 39 38 39 41 44 49 53 51 45 46 42 40 42 43 46 44 42 42 42 43 44 47 47 45 46 47 48 52 57 66 83 83 94 77 66 63 65 68 77 80 64 55 55 58 69 86 86 80 74 74 75 84 97 78 74 79 86 84 66 66 66 72 81 90 87 94 82 68 76 77 71 66 66 66 77 91 113 115 100 98 88 80 80 83 83 83 89 94
43 40 39 40 41 43 45 48 47 43 41 39 39 40 42 45 43 42 42 42 44 44 44 44 45 46 46 48 50 54 60 66 69 80 83 73 67 65 65 73 86 71 57 58 61 72 81 77 70 67 67 69 83 107 81 78 86 100 87 67 66 67 71 87 93 81 78 75 71 82 76 68 66 65 65 74 88 114 130 100 88 91 88 80 77 80 85 88 97
52 46 44 41 39 39 39 39 41 41 39 39 40 40 42 43 43 42 42 42 44 44 44 44 46 46 46 47 49 51 56 58 63 67 80 80 70 67 65 70 87 74 60 60 65 75 72 69 65 64 64 66 75 99 83 83 92 106 81 68 68 68 69 84 87 75 70 67 74 85 76 68 65 65 66 72 83 103 114 90 79 77 80 80 77 82 88 91 99
59 59 56 44 38 36 36 36 39 43 40 43 42 43 43 43 46 46 43 46 44 47 49 49 47 46 46 47 49 51 54 56 59 64 71 85 77 68 65 66 72 66 61 62 66 72 73 67 64 62 63 63 66 95 87 93 93 92 78 71 69 71 72 70 81 69 62 70 79 85 76 68 65 65 68 72 82 92 94 81 73 72 71 77 80 85 94 104 108
66 63 50 46 39 35 36 36 39 43 45 48 48 46 43 46 47 48 46 44 44 49 53 54 50 49 47 47 48 51 53 55 57 61 67 79 85 70 67 64 64 63 63 64 69 78 73 67 62 61 61 63 68 81 90 96 90 89 79 75 73 77 75 69 64 61 64 73 82 91 79 68 65 65 68 78 80 86 91 79 72 71 71 74 80 89 97 108 108
79 59 45 40 36 36 36 39 43 45 48 57 53 48 46 47 50 49 46 43 44 48 55 59 54 50 48 48 50 50 53 53 56 58 64 76 80 73 69 67 64 69 67 69 75 72 66 65 60 61 61 64 71 78 90 97 93 96 88 83 79 81 71 72 60 61 67 75 85 91 79 70 65 66 72 86 86 92 106 87 72 69 73 77 84 92 103 103 97
62 46 41 37 36 36 39 41 46 48 56 64 54 51 49 47 46 45 43 41 41 42 46 52 54 56 52 48 50 50 53 55 54 56 61 73 82 76 67 65 67 74 71 71 75 69 63 60 60 60 61 65 73 81 88 97 99 99 103 97 84 77 65 60 69 70 73 82 91 97 79 71 68 68 77 89 92 91 99 89 72 72 77 83 90 96 100 100 97
52 43 38 37 36 37 39 41 45 48 52 49 47 47 47 44 43 43 41 39 39 39 41 44 52 63 57 50 50 50 53 53 53 55 59 69 73 69 66 64 66 73 71 68 69 66 63 60 60 61 63 70 88 93 101 105 96 99 115 100 82 70 59 66 69 64 67 73 79 82 77 73 71 74 83 98 95 88 81 77 75 76 80 90 101 109 106 103 100
56 45 40 40 39 40 41 44 47 54 51 45 45 46 45 43 41 40 39 39 39 41 41 44 50 59 60 53 51 53 56 54 53 53 57 67 72 66 63 63 67 75 75 70 68 65 63 63 64 66 71 74 89 87 90 90 84 93 97 79 67 60 54 63 63 63 68 74 73 73 73 73 77 86 95 101 97 87 78 72 80 78 78 89 98 103 103 100 97
59 55 50 46 47 46 46 48 53 49 45 43 43 45 43 42 39 39 42 44 44 44 47 47 50 53 56 54 53 56 56 54 53 53 54 63 66 63 61 62 69 83 83 74 68 67 67 69 76 88 81 77 74 72 75 78 76 94 98 79 62 57 54 63 60 67 78 85 76 73 73 76 83 96 108 106 95 85 72 85 91 90 87 89 98 100 95 97 97
48 51 59 62 73 82 63 58 54 45 42 42 43 44 44 39 39 49 63 61 51 48 48 47 49 54 57 55 54 54 54 52 52 52 54 58 72 60 60 61 69 83 95 80 71 74 74 74 83 100 87 75 68 66 66 68 70 91 84 74 62 56 53 63 64 72 96 97 79 76 73 76 83 102 120 110 95 75 81 100 104 98 98 95 97 95 94 97 99
42 47 53 60 71 79 76 63 55 50 43 43 44 43 39 39 41 48 58 61 50 47 48 50 51 55 56 54 52 52 52 52 52 53 54 60 68 62 60 62 68 83 92 77 71 66 68 71 82 96 101 81 70 64 61 62 68 82 78 70 66 59 54 54 63 78 106 105 85 76 72 74 83 100 116 109 97 85 75 104 114 110 104 100 100 103 99 100 105
44 51 57 55 60 70 73 66 51 44 42 41 40 40 39 39 40 41 44 47 45 46 48 49 52 54 52 52 52 52 52 53 53 55 56 66 69 62 62 62 73 92 91 74 68 63 64 68 80 91 114 89 78 65 61 60 61 67 79 81 79 65 54 51 57 78 83 94 82 73 71 74 80 95 101 109 97 91 75 97 108 105 101 106 104 105 109 105 106
49 62 71 70 64 71 80 61 47 42 42 41 42 44 44 41 41 41 38 44 49 49 49 49 50 53 52 52 53 55 54 53 55 56 62 71 76 65 62 67 89 89 79 70 63 61 62 65 74 85 100 84 77 67 63 59 59 61 73 88 91 71 57 51 54 69 70 76 76 72 70 73 80 96 111 106 94 87 72 83 98 98 89 101 112 112 114 105 97
46 48 53 60 64 63 55 48 44 44 47 47 51 54 51 46 41 38 38 41 50 49 52 50 52 54 53 56 57 59 57 56 59 62 71 77 82 73 65 75 90 76 70 64 60 59 59 60 68 80 89 78 72 68 63 60 59 59 75 106 103 83 63 54 51 64 64 67 73 70 70 74 84 96 120 109 94 81 69 69 87 86 83 95 109 121 120 106 91
39 41 67 59 48 46 44 44 49 53 53 55 59 63 56 46 41 38 38 38 46 50 49 50 53 56 57 61 62 62 61 62 68 70 74 80 82 78 75 82 85 76 65 60 58 58 58 59 59 62 65 69 72 67 64 61 59 56 68 91 94 83 77 59 51 57 58 64 70 70 74 79 87 108 107 99 87 75 75 78 70 72 78 90 106 102 97 93 86
41 39 54 75 43 38 38 38 43 46 49 57 69 66 52 46 42 38 38 38 40 45 45 49 61 61 66 61 65 64 64 67 70 74 77 81 85 85 83 88 81 82 79 64 61 58 57 57 58 59 60 66 72 73 70 64 59 56 58 67 82 77 77 62 52 51 58 67 76 76 88 86 93 105 85 77 71 72 82 75 63 68 79 95 99 90 89 87 82
42 41 41 55 46 37 37 37 40 49 56 71 66 53 45 40 40 37 37 38 40 43 43 45 48 53 58 57 55 58 63 67 70 73 79 84 88 90 90 86 75 78 68 65 59 58 58 62 59 59 62 66 72 77 80 64 59 55 56 67 73 73 71 68 57 51 52 60 64 82 88 87 93 80 68 63 65 78 74 67 58 66 75 89 90 84 83 84 86
45 43 41 46 50 43 38 37 39 46 56 63 58 49 43 40 40 40 39 39 40 40 42 42 44 48 54 52 52 54 58 61 64 67 70 79 81 76 88 80 64 60 57 56 62 63 59 70 64 60 62 65 72 73 79 64 56 53 55 67 65 65 64 63 60 54 51 51 61 94 87 81 83 66 58 58 71 70 65 63 56 63 74 78 77 76 78 81 81
45 44 43 41 45 53 38 38 37 41 50 54 55 52 46 40 43 46 41 40 39 41 41 42 42 45 49 50 51 50 55 59 64 64 64 64 65 69 78 78 63 55 55 58 63 71 65 64 66 62 65 65 69 72 84 73 59 53 54 60 60 66 63 60 60 60 63 48 53 82 84 76 70 58 56 66 65 64 61 60 56 61 68 68 69 72 75 80 81
46 43 43 43 41 55 41 38 38 40 45 50 45 45 42 44 54 54 45 42 42 42 42 43 43 43 45 46 47 50 55 64 73 71 64 61 61 66 72 68 60 55 53 55 62 68 65 61 62 63 68 70 77 88 87 83 71 56 56 54 53 62 59 59 75 60 56 48 48 73 67 64 56 53 62 74 62 63 57 56 56 63 66 64 66 69 74 76 81
56 56 44 43 43 58 46 39 38 38 41 41 41 42 46 58 65 55 49 45 43 43 42 43 44 43 44 44 47 53 57 65 76 76 67 61 59 61 67 63 58 55 53 53 58 63 64 61 62 66 74 78 78 87 85 68 67 62 58 60 48 49 49 54 84 69 51 48 45 57 58 55 52 63 66 60 57 56 53 56 66 74 74 67 63 69 72 72 73
65 68 52 46 50 60 59 41 39 38 38 38 41 43 52 71 81 66 55 49 46 44 44 44 47 44 43 44 48 51 54 57 69 72 67 61 57 62 73 66 59 54 53 52 55 59 62 62 66 68 74 77 72 75 78 61 55 65 62 55 47 47 47 49 82 84 54 45 43 46 48 51 67 67 58 53 51 51 59 72 90 95 84 77 65 64 66 68 67
65 65 67 54 54 80 75 43 40 40 38 38 38 42 61 77 91 73 60 52 49 47 45 48 51 45 42 44 47 50 57 57 58 61 66 60 69 69 73 63 63 56 53 53 55 56 61 62 70 73 71 64 57 64 73 58 50 53 68 52 45 45 47 49 82 93 54 44 41 44 46 56 73 63 53 50 47 53 67 96 111 104 79 72 66 62 61 61 63
56 62 73 49 54 95 73 46 46 49 39 37 36 38 46 68 84 85 74 60 54 53 49 53 47 44 41 44 48 48 52 60 66 66 57 58 76 77 77 63 57 63 57 54 55 58 55 59 67 72 67 57 51 54 75 61 49 47 62 66 48 47 47 48 72 93 57 45 41 41 44 56 64 59 52 46 45 52 65 87 110 108 88 74 75 63 60 59 59
54 56 56 47 60 98 95 54 76 80 46 38 36 35 37 47 65 65 73 63 50 47 45 44 42 41 45 51 51 46 48 54 60 54 52 58 63 61 69 63 58 58 52 51 55 54 52 55 73 76 69 59 49 48 72 58 50 47 56 67 63 66 59 52 67 97 60 48 43 41 42 58 59 59 53 45 45 52 59 70 82 87 77 72 75 62 58 56 56
58 53 52 50 57 71 80 60 79 83 57 43 36 33 33 35 44 47 50 66 51 45 42 41 40 39 45 58 52 45 45 49 56 50 48 52 55 55 56 64 62 56 52 49 48 47 47 52 62 64 72 68 48 47 75 61 50 47 59 77 78 75 70 61 72 105 66 51 44 40 40 51 56 54 52 45 45 49 55 62 74 77 65 62 62 58 56 53 56
60 58 53 58 64 53 57 57 83 96 73 44 37 33 31 31 35 45 54 54 57 48 43 41 40 38 38 44 51 42 43 45 52 49 46 46 49 50 53 58 60 56 55 49 46 46 46 52 55 61 73 67 46 44 70 61 50 47 53 71 69 87 78 73 86 111 71 54 45 40 39 44 46 49 48 45 41 45 51 55 60 58 58 58 58 56 54 51 55
62 59 56 52 58 50 53 54 80 86 67 42 38 33 31 31 28 35 39 47 48 48 47 42 40 38 38 38 42 41 41 43 46 46 44 45 48 49 54 65 63 59 55 49 48 48 53 61 62 62 64 56 43 44 53 58 52 48 53 59 60 76 84 88 103 103 69 56 47 41 40 39 41 45 43 42 41 44 48 51 53 51 51 52 53 53 50 49 49
