model/data/bioclim/bclim5.asc
NCOLS 300 
NROWS 300 
XLLCORNER -125.250000000003 
YLLCORNER 30.7499999999996 
CELLSIZE 0.041666666666667 
NODATA_value -32768 
[rows 152 to 189 of 300, columns 172 to 257 of 300]
253 251 313 361 383 388 384 359 347 383 339 276 277 341 305 295 363 404 422 416 395 355 319 316 303 317 346 354 360 364 371 376 366 352 351 365 362 348 334 349 356 342 333 337 325 336 346 349 359 364 355 358 363 354 325 322 332 349 365 364 329 348 361 364 352 339 345 341 350 361 342 308 352 372 383 390 388 363 363 367 377 395 396 386 376 361
285 255 316 370 395 400 396 387 393 392 344 314 300 329 302 292 331 382 422 432 430 409 371 355 349 317 345 362 370 376 381 384 364 336 350 370 370 361 346 359 368 357 351 354 348 335 339 351 363 368 371 372 371 363 344 339 327 336 366 369 326 346 361 365 349 325 325 329 337 349 335 300 345 366 382 390 392 376 368 374 381 395 399 391 385 376
323 236 256 339 402 408 407 409 397 354 333 355 341 338 298 279 310 371 419 437 440 436 410 366 343 343 335 355 370 378 383 387 385 373 354 379 377 371 358 363 373 371 368 365 359 350 345 353 359 369 374 375 373 364 356 345 327 336 369 374 334 347 361 366 357 335 337 315 326 334 319 293 340 364 379 390 394 387 385 382 387 397 405 398 392 387
349 249 242 304 392 412 415 415 409 379 352 368 355 348 303 294 324 386 418 437 442 444 442 409 392 362 359 358 362 375 382 388 390 390 380 386 384 380 372 372 378 378 373 370 360 336 339 348 360 371 374 372 361 347 345 344 340 355 374 374 357 348 359 364 357 349 348 328 320 317 302 302 341 361 376 389 392 396 396 393 396 400 406 405 398 395
362 285 215 262 336 406 415 416 417 409 392 366 364 339 330 307 345 383 419 441 443 444 446 440 426 402 398 385 359 363 374 385 392 393 393 390 389 385 384 383 383 380 367 361 360 352 358 360 364 366 366 362 352 345 346 338 353 370 375 376 337 349 364 362 352 340 345 331 307 291 283 308 339 355 373 389 382 386 395 395 404 406 407 410 404 399
365 333 242 234 293 371 414 416 417 415 408 370 367 346 343 322 340 377 414 438 443 445 446 447 440 430 425 417 376 347 363 382 393 395 395 396 394 390 390 389 387 384 377 373 371 367 364 363 361 354 352 348 338 341 349 354 366 374 376 368 341 364 369 359 341 339 343 321 284 250 276 305 329 346 369 387 371 368 382 390 400 408 408 411 410 406
364 362 309 222 258 293 372 396 404 409 408 383 360 336 335 349 340 380 414 430 441 445 447 448 448 443 439 439 427 396 374 379 391 395 392 397 397 396 394 392 390 385 380 375 369 360 358 366 368 366 356 336 336 338 348 361 370 375 375 367 358 372 375 368 339 340 330 304 262 247 274 296 323 352 373 377 365 367 382 393 402 407 410 411 411 411
362 364 345 271 245 249 275 334 331 351 384 381 339 306 317 335 355 384 406 425 441 444 445 446 448 450 451 450 443 430 406 385 384 390 391 399 398 397 396 394 393 388 387 386 381 368 362 366 372 371 363 358 360 359 358 362 372 374 374 371 372 376 376 368 349 343 321 279 257 272 287 295 315 349 373 379 367 374 390 397 403 407 408 402 404 411
355 363 365 347 306 280 245 290 307 299 314 345 330 289 289 317 347 372 394 418 432 431 410 393 425 447 454 455 453 445 427 394 365 366 380 400 400 399 398 397 396 394 391 392 391 387 384 380 370 360 353 356 360 363 366 367 368 368 370 372 375 377 375 367 361 345 315 265 271 300 303 304 309 332 373 385 379 385 393 398 403 406 403 395 400 407
344 363 366 366 358 334 289 256 283 303 309 298 307 311 305 327 357 361 371 406 416 400 343 336 388 434 454 455 456 447 424 386 367 349 352 394 401 400 399 399 398 396 395 395 395 393 390 384 363 343 332 340 346 350 354 355 352 349 356 363 371 375 376 374 368 356 329 282 296 318 314 305 312 347 376 381 393 396 397 399 403 404 400 390 402 407
325 362 365 366 366 361 335 289 284 307 319 323 322 368 380 374 355 332 340 377 395 381 337 329 373 416 448 455 456 450 428 393 367 348 339 370 401 401 400 400 400 399 397 396 396 394 391 383 363 334 299 316 323 331 333 337 334 338 339 343 354 363 370 377 377 369 348 315 329 331 314 304 332 360 377 386 398 400 399 400 401 400 395 391 400 407
316 361 364 365 366 366 352 296 276 313 324 328 340 376 402 410 392 322 302 345 356 356 326 329 384 423 440 452 456 452 439 422 391 363 362 356 393 400 401 401 401 401 396 392 391 392 387 376 365 348 314 284 283 300 288 313 317 319 321 316 332 346 358 374 381 379 368 357 347 335 328 322 344 362 377 389 399 398 395 396 396 395 389 384 395 402
299 359 363 364 365 361 349 322 290 318 331 338 346 375 411 414 413 383 340 326 297 326 335 328 364 402 434 453 455 454 431 424 414 394 366 340 366 388 398 403 402 402 400 396 380 381 378 362 372 364 345 310 274 282 276 268 288 292 296 303 318 330 349 368 380 382 378 372 356 323 332 351 348 358 379 391 396 391 389 391 389 384 366 372 382 390
274 355 362 363 359 349 342 339 332 329 328 331 351 382 405 413 415 404 378 335 299 303 330 324 322 361 415 446 454 454 441 403 402 399 382 377 366 376 384 402 403 403 400 397 393 379 378 370 373 376 361 339 299 279 291 261 240 253 268 282 291 315 334 357 371 378 384 387 385 378 373 374 373 373 380 387 388 381 385 384 375 375 378 390 396 387
294 357 360 357 343 317 313 329 334 323 322 324 353 372 375 406 414 412 392 349 319 331 325 299 334 362 409 438 451 454 450 417 363 385 367 377 388 392 396 403 404 403 396 389 390 385 378 366 379 384 376 360 327 296 302 271 241 236 228 260 271 305 336 351 361 372 382 389 391 392 392 391 390 391 389 389 387 383 379 375 359 362 385 394 400 404
286 351 357 348 330 292 277 300 316 317 316 334 352 352 337 387 407 413 407 379 356 347 328 283 278 324 395 435 450 453 453 437 361 371 371 366 385 393 399 403 405 404 395 370 375 390 379 384 387 386 380 367 349 330 313 282 244 211 249 267 296 317 331 340 342 370 384 390 392 394 396 397 397 398 397 394 393 389 388 383 372 370 387 398 404 406
288 336 352 343 327 289 267 279 273 297 317 337 351 336 315 370 402 411 410 402 378 331 308 272 269 326 387 429 446 451 452 440 354 355 369 363 374 382 391 400 404 401 395 377 369 389 386 386 388 386 382 371 357 332 320 305 269 238 231 258 291 309 307 312 336 363 384 391 393 395 397 398 399 399 391 394 400 400 396 391 393 393 397 394 397 389
238 313 347 348 334 317 282 274 261 278 307 324 344 333 302 369 399 410 416 412 403 360 302 248 279 346 384 427 446 450 451 443 379 349 346 360 366 365 382 392 400 402 402 384 362 377 391 388 388 386 384 380 373 354 341 323 298 299 270 287 282 292 311 325 349 369 382 388 393 396 397 399 400 395 387 400 405 407 403 401 403 404 393 396 400 401
238 307 344 345 320 316 302 297 283 285 304 315 336 323 278 342 393 412 419 422 422 381 302 256 264 331 375 421 441 449 450 446 417 368 328 343 360 355 366 384 389 394 406 395 371 369 383 390 389 387 385 384 380 369 359 344 338 320 305 295 304 304 343 355 365 372 381 387 393 396 397 400 401 400 394 400 409 412 411 409 412 411 412 410 401 417
226 291 347 348 321 324 325 323 322 309 302 308 316 307 271 330 384 408 419 423 423 385 326 279 267 329 377 414 434 446 449 449 430 363 331 334 359 359 365 375 363 388 405 400 379 383 356 378 388 388 386 384 381 375 368 362 355 338 317 319 317 299 340 356 350 375 384 389 393 396 398 399 402 403 403 405 404 409 414 415 415 414 395 393 390 413
228 291 348 362 353 340 334 348 348 324 312 303 300 305 284 314 380 402 414 421 423 402 341 291 264 326 365 402 430 444 448 448 435 384 360 346 367 377 383 376 370 386 406 397 373 395 382 357 378 388 388 386 381 378 374 371 366 357 343 339 327 315 327 362 358 372 381 387 391 394 397 398 400 403 403 398 387 393 412 414 414 392 375 375 388 406
253 260 334 363 364 357 344 358 357 340 323 316 303 306 310 327 367 400 411 419 422 390 326 300 287 316 352 387 423 441 447 447 408 346 356 355 364 378 387 387 380 386 406 408 388 399 395 365 348 384 389 388 384 380 378 376 370 363 355 347 334 321 319 356 365 372 379 384 389 393 395 394 395 392 395 394 382 377 402 410 411 397 371 358 387 401
267 252 302 359 364 351 337 370 381 364 344 332 306 301 314 329 364 389 406 419 422 392 325 302 326 353 368 381 409 430 440 445 443 408 373 366 376 368 377 388 395 397 401 411 404 396 398 376 343 375 386 388 387 384 381 378 373 368 361 352 319 298 307 340 358 369 373 382 386 390 391 387 379 374 383 385 383 383 388 395 414 400 380 357 381 400
248 250 278 330 363 347 348 384 391 387 379 365 322 304 311 328 348 384 390 411 422 406 338 334 363 372 389 396 409 423 435 442 444 440 415 406 405 401 389 378 391 405 403 415 414 404 402 388 357 376 383 383 385 385 381 380 377 373 366 355 336 305 302 337 351 364 364 370 377 384 385 380 362 373 386 391 398 394 393 391 410 405 395 370 385 400
247 267 284 330 371 374 376 384 391 390 385 376 339 317 310 338 367 389 396 389 416 416 360 341 359 356 378 377 395 410 425 434 436 441 441 432 420 408 396 377 380 405 412 416 417 413 406 397 379 387 383 376 379 382 381 382 380 379 367 354 344 318 333 347 336 352 359 368 374 373 371 372 355 376 396 402 401 398 395 388 399 415 409 384 387 399
263 277 300 335 372 383 384 387 388 390 392 386 363 352 338 336 374 399 403 390 380 416 398 375 362 366 378 377 399 417 420 414 403 423 435 441 439 416 396 383 374 402 414 415 416 414 406 384 383 391 383 372 366 368 367 378 384 385 381 372 358 335 345 356 343 351 366 374 370 369 370 363 366 391 402 402 397 393 388 381 408 417 414 399 392 396
295 278 303 321 371 387 390 392 393 394 395 393 380 370 351 357 388 406 408 395 363 394 413 382 372 384 395 401 411 410 402 380 384 399 418 435 442 436 417 408 386 402 404 404 415 412 403 394 393 390 375 343 349 354 361 369 384 386 387 384 371 354 341 358 367 370 375 380 378 375 367 365 386 400 402 398 387 383 383 380 404 409 400 397 387 392
313 281 312 338 373 388 391 393 394 394 395 395 391 377 370 380 399 408 409 405 387 364 402 397 398 400 406 409 403 392 393 380 389 406 408 423 438 440 433 426 420 414 412 411 415 414 399 389 393 383 349 324 331 351 365 374 380 386 388 388 383 369 346 354 374 379 376 379 379 368 370 383 396 399 398 389 375 372 376 394 409 411 396 389 380 385
330 290 288 339 370 389 392 393 393 394 395 395 394 387 388 387 405 408 408 409 396 353 388 407 400 400 401 397 375 387 397 396 403 411 405 413 432 438 438 435 430 417 424 424 424 419 409 400 397 387 358 323 312 344 364 365 363 373 385 388 388 375 346 357 377 383 378 372 373 365 366 383 388 392 393 384 363 360 372 397 415 419 401 385 373 380
313 301 293 329 361 387 391 391 392 393 394 392 395 395 396 399 405 407 408 408 403 377 378 404 391 364 381 385 379 390 393 399 405 398 392 409 431 436 437 437 435 432 433 430 428 424 419 413 405 394 385 359 360 365 368 363 356 354 367 386 387 384 362 351 380 385 378 365 360 348 348 369 376 384 386 375 351 350 374 396 413 422 406 394 383 376
282 297 322 320 361 385 389 390 390 392 393 391 394 398 398 397 402 407 407 407 388 355 359 390 402 386 367 364 356 371 383 387 390 395 401 415 425 428 428 432 435 434 434 430 430 427 423 414 412 404 398 389 385 382 374 372 368 360 347 370 374 371 360 363 381 385 377 350 344 323 336 356 359 370 377 375 364 352 369 390 412 422 415 402 384 370
292 312 326 352 370 381 386 387 388 390 391 388 384 388 390 395 401 404 404 399 360 354 372 393 400 393 382 370 362 366 367 385 395 405 403 401 405 410 412 413 419 420 423 426 430 428 424 420 414 406 399 387 377 378 374 374 374 367 359 349 340 350 369 382 385 380 369 340 335 307 318 343 346 355 368 372 369 357 360 395 408 420 420 405 384 356
319 344 356 365 373 378 381 383 383 381 379 376 376 378 391 398 400 398 395 397 390 387 393 400 402 400 395 389 377 375 379 388 399 402 402 396 386 382 386 383 368 377 392 412 424 429 426 420 411 403 394 383 369 372 367 370 373 368 350 330 322 355 374 383 385 381 370 352 340 309 320 337 341 347 358 366 367 361 369 393 409 420 419 403 380 346
335 356 364 370 374 363 367 371 378 372 373 377 385 390 395 396 395 393 392 394 396 397 395 395 391 390 392 376 354 361 365 369 372 386 384 373 363 365 362 354 340 335 336 383 415 427 428 415 401 389 385 376 367 365 367 370 371 365 341 302 312 349 369 381 386 385 379 363 351 324 326 338 346 352 354 360 360 362 383 395 412 422 421 408 390 361
342 356 363 368 363 338 360 367 368 358 371 374 373 381 388 390 386 388 391 390 386 380 390 387 376 380 383 380 371 367 374 380 371 364 364 367 366 366 374 366 363 352 341 366 407 424 426 420 410 392 377 364 358 354 359 366 367 363 352 340 332 336 355 373 383 385 382 374 363 345 333 331 347 356 360 361 359 368 385 400 412 421 423 414 398 368
340 354 361 365 361 351 346 375 374 374 376 375 361 356 374 380 385 387 380 378 374 365 364 367 362 375 377 379 375 376 378 381 380 380 373 352 360 370 375 377 380 377 378 389 409 425 426 418 408 396 380 360 362 356 352 359 362 362 358 350 325 325 333 357 381 385 382 375 364 349 333 333 348 358 364 367 366 366 385 399 412 422 424 420 406 381
343 360 370 370 366 373 385 389 386 381 374 372 367 371 376 366 382 380 373 367 352 361 369 361 350 363 368 376 380 373 373 376 378 382 380 376 380 380 385 384 386 392 394 405 417 425 423 420 409 393 378 374 377 365 354 354 358 357 355 350 339 325 333 363 378 381 378 371 356 343 331 338 350 359 367 372 373 374 381 390 405 416 423 422 410 396
353 365 377 380 388 390 390 386 379 360 359 359 365 383 384 381 380 370 360 367 354 359 373 376 374 372 368 373 381 377 361 360 375 382 388 392 395 398 398 398 399 401 400 406 421 425 423 424 420 409 398 394 385 373 362 348 352 351 349 345 336 324 347 367 375 374 368 358 339 329 331 341 346 363 371 376 378 380 378 379 393 405 416 423 414 404
