model/data/bioclim/bclim4.asc
NCOLS 300 
NROWS 300 
XLLCORNER -125.250000000003 
YLLCORNER 30.7499999999996 
CELLSIZE 0.041666666666667 
NODATA_value -32768 
[rows 210 to 244 of 300, columns 160 to 239 of 300]
5236 5329 5494 5716 5953 6149 6251 6411 6480 6544 6561 6550 6485 6600 6571 6658 6673 6700 6674 6695 6680 6722 6734 6734 6732 6764 6763 6769 6786 6778 6783 6809 6793 6803 6824 6828 6817 6857 6857 6887 6919 6960 6954 6996 7035 7050 7103 7161 7199 7179 7295 7367 7436 7421 7433 7428 7397 7371 7409 7521 7709 7746 7800 7820 7944 7973 7982 8018 8016 8025 8042 8062 8060 8061 8067 8048 7846 8017 7977 7901
4901 5065 5264 5496 5554 5883 6098 6190 6296 6408 6448 6424 6350 6446 6399 6317 6485 6532 6480 6459 6456 6533 6570 6594 6622 6642 6682 6683 6699 6688 6720 6704 6696 6721 6714 6738 6755 6771 6796 6818 6826 6849 6887 6921 6987 7040 7075 7103 7147 7197 7187 7225 7423 7443 7257 7406 7468 7509 7441 7479 7592 7712 7800 7806 7881 7910 7945 7953 7983 8018 8016 8029 8024 8054 8054 8070 8041 8056 7997 7948
4859 4928 5172 5358 5637 6101 6162 6181 6196 6148 6144 6190 6071 6063 6193 6056 5979 6105 6178 6111 6058 6040 6221 6422 6487 6521 6544 6569 6608 6611 6608 6619 6603 6612 6626 6604 6579 6642 6695 6703 6734 6765 6815 6812 6882 6932 6998 7063 7102 7160 7174 7233 7338 7396 7388 7359 7454 7578 7624 7473 7589 7537 7697 7742 7746 7861 7748 7765 7932 7964 7998 7971 7991 8025 8029 8037 8068 8059 8030 7975
5065 5046 5405 5724 5791 5872 6042 6113 6086 6025 6137 6209 6082 6034 5995 5793 5917 5888 5703 5675 6097 5873 5891 6134 6368 6458 6478 6490 6489 6497 6508 6511 6514 6516 6491 6415 6326 6200 6348 6445 6463 6554 6506 6668 6775 6836 6878 6951 6978 7011 7083 7169 7264 7329 7397 7432 7506 7596 7658 7524 7479 7419 7463 7560 7430 7599 7610 7678 7866 7916 7947 7939 7945 7996 8038 8022 8050 8056 8009 8010
5241 4967 4737 4795 5110 5303 5739 5751 5933 6044 6111 6143 6189 6044 6116 5916 6163 6151 5914 6045 6210 5934 5592 5968 6244 6380 6380 6385 6400 6428 6401 6426 6425 6457 6461 6321 6238 6091 6030 5976 5967 6051 6224 6392 6364 6533 6572 6694 6736 6812 6954 7112 7158 7227 7300 7381 7489 7602 7638 7606 7446 7555 7531 7637 7644 7522 7527 7526 7754 7866 7890 7910 7902 7939 7972 8000 8043 8014 7950 8023
4466 4463 4390 4432 4496 4666 4964 5621 5843 5859 6003 6004 6034 6055 6111 6090 5980 6051 6147 6187 6104 5972 5667 5744 6070 6272 6232 6272 6299 6314 6346 6345 6307 6337 6357 6289 6178 6049 5964 6007 6007 6033 6108 6139 6173 6302 6412 6443 6546 6638 6811 7018 7089 7129 7215 7301 7393 7481 7566 7593 7578 7609 7658 7698 7702 7625 7429 7560 7676 7752 7812 7842 7800 7839 7910 7947 8013 8034 7982 7975
4163 4153 4128 4154 4173 4318 4909 5143 5136 5325 5680 5912 5983 5942 5952 5904 5820 5434 5792 5870 6106 6111 5971 5763 5899 6149 6143 6021 5959 6140 6231 6279 6230 6271 6213 6120 5976 6067 5949 5956 5981 5923 5967 5965 5976 6113 6300 6355 6511 6653 6754 6910 6962 7061 7150 7245 7323 7413 7511 7562 7604 7598 7622 7670 7712 7711 7631 7613 7627 7466 7672 7767 7720 7640 7797 7874 7965 7976 7976 7931
4055 3958 3888 3876 3871 3860 3969 4565 4511 4522 4580 4875 5371 5252 5538 5598 5334 5348 5689 5670 5962 5970 6008 6018 5996 5955 5939 5664 5581 5544 5639 5829 6040 6124 6236 6199 6140 6205 6142 6140 6125 6033 5839 5799 5824 5945 6153 6311 6506 6630 6692 6817 6900 7000 7119 7234 7303 7380 7450 7516 7581 7575 7616 7641 7681 7678 7723 7732 7728 7635 7562 7653 7669 7552 7615 7782 7892 7938 7940 7923
4173 4161 3944 3842 3724 3735 3883 3726 3928 4175 4170 4157 4192 4211 4328 4439 4506 4646 5049 5092 5281 5325 5281 5251 5244 5227 5190 5294 5311 5296 5322 5384 5525 5766 5995 6113 6154 6200 6103 5860 5705 5776 5800 5893 5881 5963 6116 6301 6444 6583 6679 6755 6864 6973 7101 7197 7279 7308 7382 7435 7497 7539 7572 7592 7638 7666 7689 7719 7719 7734 7729 7674 7658 7607 7614 7675 7820 7874 7918 7919
4227 4116 4005 3683 3715 3531 3535 3577 3693 3825 3923 3959 4006 4016 4081 4173 4235 4321 4482 4603 4715 4831 4844 4818 4840 4883 4955 5033 5095 5132 5177 5260 5346 5434 5598 5823 6035 6159 6127 5908 5766 5487 5475 5730 5940 6147 6236 6372 6534 6685 6709 6759 6808 6808 6927 6990 7001 7026 7176 7125 7224 7404 7374 7497 7572 7616 7636 7652 7669 7663 7669 7665 7636 7597 7587 7683 7750 7818 7870 7885
3434 3315 3044 2960 2985 3100 3249 3410 3519 3649 3756 3827 3834 3916 3965 4027 4132 4274 4346 4398 4475 4541 4607 4637 4666 4728 4784 4872 4956 5011 5099 5197 5264 5377 5520 5721 5870 5982 6100 5974 5859 5826 5839 6002 6196 6286 6388 6535 6653 6727 6702 6662 6597 6625 6669 6859 6861 6858 6846 6748 6944 7231 7162 7233 7470 7447 7570 7581 7540 7489 7537 7547 7571 7635 7608 7615 7574 7680 7814 7856
-32768 2712 2680 2788 2930 3071 3174 3290 3404 3488 3590 3684 3756 3934 3899 3950 4062 4113 4229 4405 4311 4381 4467 4493 4566 4629 4730 4857 4875 4931 5065 5235 5375 5373 5559 5633 5741 5863 6046 6075 6082 6047 6019 6071 6167 6354 6452 6545 6661 6752 6669 6746 6629 6519 6541 6569 6673 6814 6818 6816 6868 7052 7079 7170 7313 7339 7439 7484 7517 7489 7574 7525 7536 7635 7652 7567 7413 7510 7720 7802
-32768 -32768 2636 2759 2920 3055 3167 3239 3347 3432 3524 3591 3656 3878 3942 4024 4000 4104 4249 4355 4266 4267 4323 4404 4480 4561 4638 4749 4785 4874 5149 5409 5476 5526 5507 5591 5647 5735 5858 5962 6034 6070 6130 6145 6202 6292 6421 6579 6732 6828 6832 6839 6813 6772 6649 6612 6617 6708 6735 6799 6863 6990 7112 7256 7329 7336 7322 7424 7513 7574 7580 7606 7620 7646 7670 7666 7626 7510 7680 7786
-32768 -32768 -32768 2840 2953 3034 3171 3224 3325 3378 3473 3536 3583 3651 3742 3807 3916 4010 4214 4348 4361 4284 4265 4319 4439 4569 4640 4708 4781 4952 5103 5221 5284 5392 5446 5513 5611 5654 5686 5768 5869 5955 6047 6148 6275 6372 6470 6597 6739 6822 6915 6952 6964 6921 6934 6729 6746 6619 6649 6890 6936 7002 7144 7338 7403 7448 7417 7452 7514 7539 7549 7558 7590 7634 7646 7657 7677 7585 7682 7780
-32768 -32768 -32768 2901 2973 3021 3110 3216 3286 3367 3444 3486 3530 3549 3619 3690 3716 3791 3874 4029 4213 4161 4205 4285 4387 4535 4605 4718 4840 5064 5173 5184 5251 5341 5406 5429 5546 5617 5669 5716 5837 5971 6025 6124 6196 6340 6474 6596 6722 6820 6918 6954 7025 7095 7089 7088 7079 6958 6788 6811 6943 7008 7080 7197 7353 7419 7434 7445 7470 7470 7487 7473 7472 7443 7529 7623 7700 7643 7671 7796
-32768 -32768 -32768 -32768 2947 3023 3105 3184 3282 3349 3413 3440 3432 3463 3505 3529 3602 3692 3764 3877 4054 4310 4731 4437 4449 4518 4744 4852 4954 5078 5159 5200 5236 5324 5380 5417 5490 5562 5650 5729 5903 5972 6004 5991 5890 6083 6106 6412 6692 6794 6903 6951 7040 7097 7156 7188 7188 7087 6966 6865 6797 6922 6988 7115 7139 7146 7281 7377 7386 7419 7420 7408 7383 7461 7567 7633 7700 7676 7598 7741
-32768 -32768 -32768 -32768 3034 3049 3090 3166 3235 3318 3389 3385 3379 3405 3430 3458 3504 3566 3685 3847 4123 4495 4911 5015 4789 4547 4711 4912 5053 5161 5210 5237 5232 5281 5346 5424 5501 5542 5622 5739 5801 5890 5955 5852 5832 5561 5764 6149 6556 6789 6868 6945 6990 7068 7137 7196 7205 7265 7211 7062 6924 6925 7023 7013 6994 7107 7223 7268 7333 7349 7329 7338 7346 7430 7555 7618 7679 7732 7720 7805
-32768 -32768 -32768 2877 3229 3313 3152 3126 3180 3273 3312 3299 3308 3319 3317 3342 3404 3503 3566 3728 4007 4135 4605 5011 5110 4884 4627 4933 5118 5171 5197 5221 5233 5272 5349 5440 5476 5533 5586 5674 5772 5827 5914 5892 5835 5749 5803 6071 6515 6681 6790 6898 6959 7043 7115 7174 7229 7288 7319 7282 7134 7067 7081 7047 7041 7138 7191 7171 7195 7288 7280 7342 7365 7411 7523 7604 7648 7708 7755 7782
-32768 -32768 -32768 -32768 3011 3264 3176 3102 -32768 3207 -32768 3244 3227 3240 3234 3272 3306 3387 3457 3527 3739 4145 4335 4788 5262 5259 4988 4890 4979 5084 5161 5213 5239 5268 5329 5397 5438 5509 5571 5652 5747 5812 5878 5929 5867 5867 5901 6105 6391 6629 6632 6794 6936 7006 7099 7142 7207 7276 7306 7322 7260 7181 7165 7068 6992 7117 7202 7092 7055 7269 7263 7347 7367 7414 7527 7574 7624 7667 7719 7753
-32768 -32768 -32768 -32768 -32768 -32768 -32768 -32768 -32768 -32768 -32768 -32768 3194 3162 3166 3185 3216 3255 3325 3390 3516 3799 4151 4468 4859 5037 5250 5126 4963 5068 5170 5191 5219 5265 5303 5344 5386 5489 5544 5646 5711 5796 5897 5949 5921 5968 5959 5955 6121 6470 6451 6701 6912 6967 7061 7117 7183 7246 7293 7318 7320 7276 7247 7254 7260 7303 7316 7280 7300 7355 7375 7387 7430 7451 7467 7514 7566 7573 7643 7697
-32768 -32768 -32768 -32768 -32768 -32768 -32768 -32768 -32768 -32768 -32768 -32768 -32768 3108 3122 3116 3117 3161 3235 3350 3382 3597 3874 4092 4372 4822 5027 5060 5025 4995 5083 5130 5184 5215 5252 5295 5374 5468 5543 5624 5714 5815 5868 5941 5921 5945 6013 5993 5989 6298 6324 6451 6743 6872 7043 7092 7152 7235 7267 7312 7330 7302 7287 7307 7340 7341 7323 7317 7334 7342 7352 7369 7384 7418 7422 7392 7429 7470 7551 7663
-32768 -32768 -32768 -32768 -32768 -32768 -32768 -32768 -32768 -32768 -32768 -32768 -32768 -32768 -32768 3027 3035 3189 3427 3395 3368 3439 3654 3872 4090 4383 4709 4881 5002 5129 5030 5028 5092 5152 5190 5231 5323 5399 5498 5584 5678 5803 5863 5915 5972 5944 5979 6048 6017 6243 6302 6346 6479 6534 6879 7075 7117 7189 7225 7251 7303 7333 7348 7339 7335 7269 7232 7249 7298 7295 7347 7387 7393 7430 7422 7381 7331 7371 7494 7576
-32768 -32768 -32768 -32768 -32768 -32768 -32768 -32768 -32768 -32768 -32768 -32768 -32768 -32768 -32768 -32768 -32768 3031 3193 3310 3251 3342 3501 3649 3779 4117 4678 4841 4849 4935 4973 4989 4908 4982 5070 5157 5233 5343 5456 5555 5649 5759 5845 5895 5963 6003 6053 6052 6062 6135 6109 6201 6312 6271 6528 6946 7054 7133 7185 7243 7252 7303 7353 7374 7387 7366 7294 7223 7291 7352 7381 7379 7404 7420 7428 7379 7312 7305 7407 7518
-32768 -32768 -32768 -32768 -32768 -32768 -32768 -32768 -32768 -32768 -32768 -32768 -32768 -32768 -32768 -32768 -32768 -32768 -32768 3234 3235 3288 3333 3499 3639 3952 4527 4527 4728 4884 4910 4940 4934 4887 4935 5046 5150 5262 5423 5508 5599 5713 5805 5893 5939 5997 6051 6092 6140 6126 6039 5943 6031 6339 6570 6823 7032 7141 7153 7168 7227 7263 7307 7320 7382 7384 7423 7415 7424 7412 7400 7380 7383 7385 7416 7415 7414 7396 7414 7474
2818 2580 -32768 -32768 -32768 -32768 -32768 -32768 -32768 -32768 -32768 -32768 -32768 -32768 -32768 -32768 -32768 -32768 -32768 -32768 3079 3141 3292 3488 3552 3748 4044 4407 4694 4701 4514 4551 4697 4876 4838 4907 5042 5219 5323 5400 5509 5659 5759 5878 5937 5961 6044 6099 6167 6246 6213 6240 6332 6352 6394 6638 6803 7057 7125 7150 7180 7222 7298 7289 7354 7360 7414 7439 7482 7433 7337 7340 7340 7370 7385 7421 7420 7406 7440 7468
2911 2765 2740 2711 2642 -32768 -32768 -32768 -32768 -32768 -32768 -32768 -32768 -32768 -32768 -32768 -32768 -32768 -32768 -32768 -32768 -32768 3162 3306 3343 3497 3818 4335 4690 4404 4056 4423 4474 4573 4846 4937 5052 5325 5454 5458 5528 5606 5721 5843 5903 5949 5993 6068 6149 6304 6339 6394 6472 6530 6496 6456 6484 6888 7098 7136 7156 7186 7243 7261 7319 7348 7391 7391 7440 7443 7395 7401 7364 7413 7428 7452 7469 7458 7436 7489
-32768 -32768 2658 3007 3087 2665 -32768 -32768 -32768 -32768 -32768 -32768 -32768 -32768 -32768 -32768 -32768 -32768 -32768 -32768 -32768 -32768 -32768 3143 3255 3454 3504 3926 4122 4029 3901 4075 4206 4439 4604 4777 4868 5252 5511 5598 5598 5688 5714 5783 5862 5943 5989 6026 6097 6193 6405 6476 6560 6727 6827 6846 6563 6689 7002 7117 7140 7132 7174 7220 7274 7307 7353 7410 7422 7473 7493 7488 7488 7507 7523 7507 7518 7478 7501 7498
-32768 -32768 2729 3013 3136 2982 2580 -32768 -32768 -32768 -32768 -32768 -32768 -32768 -32768 -32768 -32768 -32768 -32768 -32768 -32768 -32768 -32768 -32768 3191 3492 3629 3534 3517 3656 3662 3906 4023 4158 4240 4456 4593 4842 5254 5665 5802 5860 5840 5804 5845 5920 5985 6036 6066 6150 6314 6462 6669 6687 6775 6903 6879 6637 6852 7083 7125 7124 7155 7193 7254 7296 7306 7358 7385 7430 7455 7494 7515 7537 7564 7559 7574 7521 7538 7511
-32768 -32768 2487 2694 2882 2979 2865 -32768 -32768 -32768 -32768 -32768 -32768 -32768 -32768 -32768 -32768 -32768 -32768 -32768 -32768 -32768 -32768 -32768 -32768 -32768 3230 3335 3473 3411 3551 3747 3812 3916 4203 4450 4703 4769 4878 5282 5623 5789 5780 5753 5792 5857 5928 6018 6009 6096 6181 6348 6653 6741 6769 6863 6935 6965 6927 7060 7080 7112 7145 7175 7233 7291 7295 7333 7366 7426 7452 7471 7486 7542 7556 7600 7605 7575 7523 7550
-32768 -32768 -32768 -32768 -32768 -32768 -32768 -32768 -32768 -32768 -32768 -32768 -32768 -32768 -32768 -32768 -32768 -32768 -32768 -32768 -32768 -32768 -32768 -32768 -32768 -32768 -32768 3169 3262 3343 3403 3546 3648 3871 4103 4373 4631 4838 4931 4995 5309 5478 5607 5697 5733 5813 5907 5975 6041 6069 6141 6322 6641 6678 6761 6838 6897 6949 6980 7033 7056 7085 7129 7151 7197 7229 7293 7288 7352 7408 7416 7461 7505 7516 7562 7575 7595 7628 7571 7583
-32768 -32768 -32768 -32768 -32768 -32768 -32768 -32768 -32768 -32768 -32768 -32768 -32768 -32768 -32768 -32768 -32768 -32768 -32768 -32768 -32768 -32768 -32768 -32768 -32768 -32768 -32768 3129 3141 3233 3329 3452 3636 4002 4192 4456 4588 4710 4857 5096 5347 5526 5583 5661 5704 5779 5875 5948 6018 6067 6139 6293 6556 6641 6695 6753 6822 6856 6922 6951 7000 7030 7082 7086 7155 7212 7237 7276 7319 7381 7380 7428 7474 7504 7536 7561 7595 7610 7632 7590
-32768 -32768 -32768 -32768 -32768 -32768 -32768 -32768 -32768 -32768 -32768 -32768 -32768 -32768 -32768 -32768 -32768 -32768 -32768 -32768 -32768 -32768 -32768 -32768 -32768 -32768 -32768 -32768 3114 3166 3280 3399 3573 3868 4119 4297 4542 4650 4844 4990 5138 5264 5471 5619 5714 5767 5869 5927 5983 6052 6123 6186 6368 6570 6647 6710 6772 6802 6868 6906 6956 6989 7033 7090 7151 7189 7198 7254 7291 7350 7365 7414 7467 7487 7518 7568 7602 7621 7627 7646
-32768 -32768 -32768 -32768 -32768 -32768 -32768 -32768 -32768 -32768 -32768 -32768 -32768 -32768 -32768 -32768 -32768 -32768 -32768 -32768 -32768 -32768 -32768 -32768 -32768 -32768 -32768 -32768 -32768 3125 3198 3363 3541 3753 3971 4109 4273 4429 4751 4855 5006 5002 5338 5473 5629 5693 5831 5928 5941 6002 6081 6184 6300 6415 6551 6656 6739 6774 6781 6848 6883 6941 6993 7055 7105 7121 7168 7246 7284 7304 7339 7392 7455 7496 7503 7524 7559 7602 7605 7642
-32768 -32768 -32768 -32768 -32768 -32768 -32768 -32768 -32768 -32768 -32768 -32768 -32768 -32768 -32768 -32768 -32768 -32768 -32768 -32768 -32768 -32768 -32768 -32768 -32768 -32768 -32768 -32768 -32768 -32768 3170 3271 3500 3804 3963 4083 4181 4248 4425 4631 4759 4921 5197 5357 5490 5610 5770 5853 5897 5930 6012 6144 6208 6335 6433 6485 6570 6696 6732 6779 6831 6885 6943 6997 7058 7106 7150 7190 7249 7277 7338 7363 7382 7451 7498 7549 7567 7593 7609 7629
-32768 -32768 -32768 -32768 -32768 -32768 -32768 -32768 -32768 -32768 -32768 -32768 -32768 -32768 -32768 -32768 -32768 -32768 -32768 -32768 -32768 -32768 -32768 -32768 -32768 -32768 -32768 -32768 -32768 -32768 3156 3253 3373 3581 3847 3883 3977 4153 4419 4618 4714 4862 5069 5280 5406 5528 5729 5831 5868 5924 6010 6080 6160 6240 6325 6419 6493 6570 6722 6740 6777 6834 6900 6955 7030 7094 7149 7181 7213 7248 7314 7355 7384 7430 7455 7496 7536 7573 7597 7641
