model/data/bioclim/bclim1.asc
NCOLS 300 
NROWS 300 
XLLCORNER -125.25 
YLLCORNER 30.75 
CELLSIZE 0.0416666666666667 
NODATA_value -3.4e+38 
[rows 198 to 219 of 300, columns 196 to 244 of 300]
17.8729991912842 17.8363342285156 18.2588329315186 18.5536670684814 18.1656665802002 17.5781669616699 18.2018337249756 19.4741668701172 19.7668323516846 19.8028335571289 19.8738327026367 19.980167388916 20.0178337097168 20.025333404541 20.0408325195312 19.2728328704834 19.1613330841064 20.083833694458 20.7001667022705 20.9228324890137 21.2608337402344 21.3703327178955 21.1966667175293 20.9235000610352 20.5256671905518 20.4486656188965 20.1580009460449 20.6106662750244 21.0176658630371 20.8546657562256 20.6059989929199 20.4288330078125 20.3476657867432 20.219165802002 19.8901672363281 18.9481678009033 17.025333404541 15.441499710083 17.3928337097168 17.7679996490479 18.4156665802002 18.6178340911865 18.7866668701172 18.783166885376 18.8316669464111 18.7993335723877 18.97483253479 19.150333404541 19.1936664581299
18.3943328857422 18.5368328094482 18.4764995574951 18.9981670379639 19.28733253479 19.1066665649414 18.5286674499512 19.390832901001 19.7245006561279 19.7716674804688 19.7411670684814 19.7523326873779 19.65016746521 19.69700050354 19.5364990234375 18.8083343505859 18.5893325805664 19.1698341369629 19.7333335876465 20.2528343200684 20.8111667633057 21.1868343353271 20.4158325195312 19.8656673431396 19.1471672058105 19.8505001068115 19.8188343048096 19.7771663665771 20.3059997558594 20.8311672210693 20.7150001525879 20.3980007171631 19.7574996948242 19.5621662139893 19.4386672973633 18.6569995880127 16.3611660003662 15.7121667861938 17.9931659698486 18.953332901001 19.0741672515869 19.1901664733887 19.341667175293 19.417667388916 19.4663333892822 19.4519996643066 19.4498329162598 19.5265007019043 19.5211658477783
18.4673328399658 18.6959991455078 18.8336658477783 18.878833770752 19.1988334655762 19.2959995269775 19.2724990844727 19.3751659393311 19.4661674499512 19.4876670837402 19.511999130249 19.6319999694824 19.6643333435059 19.5776672363281 19.3854999542236 18.7411670684814 18.1995010375977 18.0960006713867 18.5464992523193 19.7846660614014 20.5226669311523 20.9376659393311 19.90016746521 19.3554992675781 19.2150001525879 19.4570007324219 19.1620006561279 19.9873332977295 20.6803321838379 20.7814998626709 20.5345001220703 19.9923324584961 19.2781658172607 19.1145000457764 19.0193328857422 18.3601665496826 16.4085006713867 16.8426666259766 18.548999786377 19.503833770752 19.6259994506836 19.7771663665771 19.9219989776611 20.0056667327881 20.0623340606689 20.0231666564941 19.9109992980957 19.8733329772949 19.5911674499512
17.7743339538574 17.8503341674805 18.2746658325195 18.4886665344238 18.7210006713867 18.8248329162598 19.0555000305176 19.2273330688477 19.3081665039062 19.3556671142578 19.5076675415039 19.6936664581299 19.795166015625 19.6019992828369 19.6700000762939 19.3053340911865 18.5431671142578 17.8465003967285 18.5944995880127 20.0249996185303 20.9166660308838 21.3218326568604 20.9468326568604 20.5510005950928 19.8374996185303 19.4373340606689 19.2591667175293 19.7928333282471 20.4893341064453 20.5836658477783 19.9998340606689 18.8811664581299 17.8010005950928 17.3541660308838 17.7124996185303 17.2861671447754 16.1921672821045 18.0281677246094 19.3678340911865 20.0423336029053 20.1806659698486 20.3341674804688 20.4664993286133 20.492000579834 20.5313339233398 20.496000289917 20.3780002593994 20.140832901001 19.7859992980957
17.6818332672119 17.5849990844727 17.3619995117188 17.4328327178955 17.4441661834717 17.5711669921875 17.9305000305176 18.1396675109863 18.1510009765625 18.5408325195312 19.5068340301514 19.6989994049072 19.7674999237061 19.8713340759277 19.9438343048096 19.8188343048096 19.6321659088135 19.3888339996338 19.25950050354 19.8083343505859 20.7986660003662 21.4039993286133 21.4361667633057 21.2401657104492 20.6141662597656 19.7228336334229 19.6768341064453 19.9053325653076 20.0830001831055 20.03733253479 19.4148330688477 17.0561676025391 15.441333770752 14.8325004577637 16.2388324737549 17.1376667022705 17.976167678833 19.2063331604004 20.0540008544922 20.3786659240723 20.4025001525879 20.6176662445068 20.8888339996338 20.880500793457 20.8780002593994 20.8059997558594 20.4965000152588 20.0786666870117 19.6653327941895
17.1399993896484 17.33766746521 17.2561664581299 16.8478336334229 16.5668334960938 16.3881664276123 16.2175006866455 15.922833442688 16.0903339385986 17.6184997558594 18.6135005950928 18.9928340911865 19.2054996490479 19.591833114624 19.7840003967285 19.8093338012695 19.804666519165 19.7733325958252 19.3306674957275 19.2919998168945 20.2000007629395 21.1119995117188 21.2954998016357 21.0358333587646 20.2521667480469 19.8618335723877 19.4484996795654 19.2905006408691 19.6191673278809 19.3889999389648 18.8931674957275 18.3618335723877 16.9095001220703 16.5301666259766 17.3761672973633 17.988166809082 18.9729995727539 19.7101669311523 20.1056671142578 19.9925003051758 19.5346660614014 20.1851673126221 21.1498336791992 21.183666229248 21.0903339385986 20.8334999084473 20.1598339080811 19.3099994659424 18.9816665649414
16.7180004119873 17.0240001678467 16.9990005493164 16.6335010528564 16.246000289917 15.9654998779297 15.5226669311523 15.798999786377 16.2983341217041 16.6765003204346 16.6861667633057 16.7819995880127 17.4596672058105 18.3390007019043 18.8761672973633 19.3241672515869 19.6231670379639 20.0289993286133 19.8910007476807 19.8945007324219 20.2660007476807 20.6555004119873 20.7730007171631 20.8013324737549 20.4181671142578 20.4088325500488 20.3729991912842 20.0699996948242 19.8560009002686 19.5983333587646 19.3506660461426 19.0384998321533 18.9874992370605 19.0108337402344 18.8721656799316 19.1743335723877 19.7796669006348 20.2385005950928 19.9403343200684 19.6976661682129 20.0779991149902 20.980167388916 21.4366664886475 21.3236675262451 21.0558338165283 20.6816673278809 19.550666809082 18.4750003814697 18.8481674194336
15.5404996871948 16.1206665039062 16.3566665649414 15.6960000991821 15.4978332519531 15.4526662826538 14.1861667633057 15.1536664962769 15.6931667327881 15.4559993743896 15.3056669235229 15.3926668167114 16.2730007171631 16.6891670227051 17.3815002441406 18.2196674346924 18.9624996185303 20.0398330688477 20.0225009918213 19.6206665039062 19.4971656799316 19.7644996643066 20.058500289917 20.4020004272461 20.8141670227051 21.0440006256104 21.0948333740234 20.8994998931885 20.7106666564941 20.6983337402344 20.0036659240723 19.9871673583984 20.1378326416016 20.1988334655762 20.0036659240723 19.8605003356934 20.369499206543 20.7714996337891 21.0241661071777 21.3155002593994 21.5354995727539 21.7731666564941 21.6648330688477 21.1485004425049 20.6735000610352 20.1259994506836 19.3843326568604 18.8771667480469 19.4290008544922
15.5831670761108 16.4686660766602 16.4556674957275 15.537166595459 14.8561668395996 15.4763336181641 15.4359998703003 14.7193326950073 15.9365005493164 15.7243328094482 14.91100025177 15.1638336181641 16.2374992370605 16.6165008544922 17.0526657104492 17.470832824707 18.3549995422363 19.8758335113525 19.8293323516846 19.5063343048096 18.9898338317871 19.0393333435059 20.2560005187988 21.1241664886475 21.5741672515869 21.8034992218018 21.8196678161621 21.650333404541 21.5258331298828 21.5926666259766 21.7283325195312 21.1870002746582 20.8228340148926 21.1656665802002 21.3190002441406 21.0475006103516 21.019832611084 21.4384994506836 21.8666667938232 22.2495002746582 22.3026657104492 22.1268329620361 21.5370006561279 20.7445011138916 20.0874996185303 19.4169998168945 18.9395008087158 19.0303325653076 19.4781665802002
15.1218338012695 15.5450000762939 16.7509994506836 16.5661659240723 16.3328342437744 16.1674995422363 15.8059997558594 16.4016666412354 16.5125007629395 16.0358333587646 16.3911666870117 16.7940006256104 16.8431663513184 17.5388336181641 18.0839996337891 17.6706676483154 18.5446662902832 18.9891662597656 19.003833770752 18.8819999694824 18.8178329467773 19.1001663208008 20.3368339538574 21.5178337097168 22.0925006866455 22.328332901001 22.4276676177979 22.574499130249 22.6788330078125 22.7306671142578 22.796667098999 22.7863330841064 22.24049949646 21.8560009002686 22.1363334655762 22.4636669158936 22.2586669921875 22.0669994354248 22.2415008544922 22.4715003967285 22.4728336334229 22.1298332214355 21.4376659393311 20.2875003814697 19.0748329162598 18.4939994812012 18.4633331298828 19.11549949646 19.8798332214355
15.7760000228882 15.2674999237061 16.4476661682129 17.1381664276123 17.0034999847412 16.8215007781982 16.5674991607666 16.8328342437744 16.5298328399658 16.4906673431396 16.9333324432373 17.298999786377 17.7708339691162 18.1598339080811 18.3719997406006 18.3111667633057 17.9858341217041 17.52516746521 17.3436660766602 17.613166809082 18.4663333892822 19.3675003051758 20.1426658630371 21.0631675720215 21.8271675109863 22.3526668548584 22.683666229248 22.9823341369629 23.1138324737549 23.103666305542 23.1536674499512 23.3026657104492 23.316499710083 23.1468334197998 22.7696666717529 22.8824996948242 23.1048336029053 23.0786666870117 22.6298332214355 22.5214996337891 22.3571662902832 22.0623340606689 21.4559993743896 19.9326667785645 17.6951675415039 17.0676670074463 17.9603328704834 18.9640007019043 20.0104999542236
15.3376665115356 15.5443334579468 16.6611671447754 16.8656673431396 16.8784999847412 16.9821662902832 16.8851661682129 16.7498340606689 16.704833984375 16.9475002288818 17.4956665039062 17.6003341674805 17.4358329772949 17.951000213623 18.0046672821045 18.007999420166 18.1506671905518 17.8023338317871 18.0450000762939 17.8443336486816 18.0953330993652 18.7293338775635 19.3041667938232 20.4101657867432 21.2391662597656 21.853666305542 22.5209999084473 23.013334274292 23.1579990386963 23.0749988555908 23.0686664581299 23.253833770752 23.2534999847412 23.1813335418701 23.0178337097168 22.9536666870117 22.9248332977295 22.8891658782959 22.7934989929199 22.5869998931885 21.8278331756592 21.8448333740234 21.4141674041748 20.5874996185303 19.1483325958252 18.013334274292 17.6569995880127 18.7828330993652 20.1865005493164
15.4980001449585 16.3596668243408 16.6706657409668 16.6984996795654 16.6666660308838 16.7393341064453 16.4068336486816 16.6614990234375 17.16233253479 17.2021656036377 17.486665725708 17.8645000457764 17.8815002441406 17.8663330078125 18.3746662139893 18.7434997558594 18.9653339385986 18.7096672058105 18.6051654815674 18.8668327331543 18.869499206543 18.6861667633057 18.6101665496826 19.1973323822021 20.2361660003662 20.9371662139893 21.3859996795654 21.7409992218018 22.7859992980957 22.9405002593994 23.003999710083 23.2121677398682 23.2548332214355 23.1840000152588 23.0601673126221 22.9526672363281 22.878833770752 22.7880001068115 22.8568325042725 22.5686664581299 21.2303333282471 22.0365009307861 21.642333984375 21.0241661071777 19.5756664276123 18.095832824707 19.0673332214355 19.1354999542236 20.7501659393311
16.0984992980957 16.4230003356934 16.5104999542236 16.5531673431396 16.541166305542 16.5723323822021 16.6281661987305 16.7290000915527 17.0621662139893 17.4516658782959 17.6148338317871 17.7363338470459 17.7486667633057 17.9763336181641 17.8956661224365 18.1133327484131 19.0594997406006 18.9798336029053 17.7173328399658 18.5555000305176 19.1119995117188 19.3409996032715 18.7361660003662 18.9601669311523 19.6923332214355 20.5815010070801 21.3173332214355 21.6784992218018 22.2584991455078 22.6406669616699 22.7239990234375 22.753833770752 23.0963325500488 23.232666015625 23.1758327484131 22.9838333129883 22.8236675262451 22.8400001525879 22.9500007629395 22.9990005493164 22.6693325042725 22.4276657104492 22.128833770752 21.6186676025391 20.405834197998 19.441333770752 19.8514995574951 20.8008327484131 21.6881675720215
13.9581670761108 14.8806667327881 15.4513330459595 15.6931667327881 15.8439998626709 15.9351663589478 16.0524997711182 16.2303333282471 16.6693325042725 17.1908340454102 17.4794998168945 17.6056671142578 17.6111660003662 17.9308338165283 17.920166015625 18.2744998931885 18.8199996948242 18.94700050354 18.6439990997314 18.4764995574951 18.9743328094482 19.6816673278809 19.7638339996338 19.1538333892822 19.5701656341553 19.4618339538574 20.570333480835 20.8353328704834 20.9428329467773 21.6986675262451 21.1703338623047 21.2401676177979 22.5558338165283 23.0098342895508 23.1651668548584 22.6840000152588 22.5454998016357 22.8176670074463 22.9211673736572 22.9916667938232 22.9200000762939 22.7123336791992 22.4586658477783 22.113000869751 21.2778339385986 19.9506664276123 20.7224998474121 21.6434993743896 22.0265007019043
11.9574995040894 11.2585000991821 12.2384996414185 12.9288330078125 13.0308332443237 13.6466665267944 13.5001668930054 14.8500003814697 15.7740001678467 16.3439998626709 16.8414993286133 17.1188335418701 17.1744995117188 17.0873336791992 17.5336666107178 18.1041660308838 18.496166229248 18.6921672821045 18.7819995880127 18.9213333129883 19.4091663360596 19.8561668395996 20.0908336639404 19.2626667022705 19.0983333587646 18.7735004425049 18.9818325042725 19.5090007781982 18.943000793457 19.8303337097168 20.019832611084 20.486499786377 21.9301662445068 22.6184997558594 22.7744998931885 22.4348335266113 22.3596668243408 22.7243328094482 22.8703327178955 22.9029998779297 22.8486671447754 22.6878337860107 22.4344997406006 22.4258327484131 22.0179996490479 20.4781665802002 21.378833770752 22.2413330078125 22.4953327178955
11.3656663894653 10.3056669235229 9.68483352661133 9.2383337020874 8.94066619873047 9.49616622924805 10.9221668243408 12.3865003585815 12.5290002822876 13.8559999465942 14.2496671676636 14.9819993972778 15.448166847229 15.8636665344238 16.8330001831055 17.6446666717529 17.9141674041748 18.228666305542 18.594165802002 18.8056659698486 19.324499130249 19.8161659240723 19.9968338012695 19.7005004882812 19.1731662750244 19.50950050354 19.5123329162598 20.0943336486816 20.1046657562256 19.4071674346924 19.3299999237061 19.6003341674805 21.2171669006348 22.0791664123535 22.3481674194336 22.2721672058105 22.0868339538574 22.3523330688477 22.6019992828369 22.7784996032715 22.8279991149902 22.6399993896484 22.3158340454102 22.6521663665771 22.6498336791992 22.1203327178955 22.429500579834 22.7993335723877 22.8495006561279
10.474666595459 9.56983280181885 8.64333343505859 8.45616626739502 8.37849998474121 8.56283378601074 9.17233371734619 9.81666660308838 10.110333442688 11.1105003356934 12.5799999237061 13.2876663208008 14.2218332290649 14.9595003128052 16.1753330230713 17.1844997406006 17.5683326721191 17.9636669158936 18.3360004425049 18.5893325805664 18.9633331298828 19.423999786377 19.7173328399658 20 19.9093341827393 20.212833404541 20.5936660766602 20.8969993591309 21.0646667480469 20.650333404541 19.4311656951904 19.9645004272461 20.6298332214355 21.0391674041748 21.5003337860107 21.7245006561279 21.591833114624 21.6428337097168 22.1273326873779 22.5431671142578 22.7703342437744 22.7481670379639 22.4438323974609 22.5381660461426 22.7864990234375 22.7819995880127 22.71266746521 22.6336669921875 22.69700050354
9.51016712188721 9.79166698455811 9.00349998474121 8.62800025939941 8.63783359527588 8.41683292388916 8.31833362579346 8.11316680908203 8.18683338165283 9.26000022888184 11.5060005187988 12.9875001907349 14.2321662902832 15.166166305542 16.0273342132568 16.9395008087158 17.207332611084 17.6016674041748 18.0690002441406 18.5166664123535 18.8141670227051 19.2663326263428 19.6620006561279 20.070333480835 20.3588333129883 20.4249992370605 20.6933326721191 20.986665725708 21.3493328094482 21.5378341674805 21.1205005645752 20.8133335113525 20.4473342895508 19.3194999694824 20.4088325500488 20.9456672668457 20.9013328552246 20.3183326721191 21.1961669921875 22.0659999847412 22.5433330535889 22.7013339996338 22.5270004272461 22.2185001373291 22.1248340606689 22.5273342132568 22.480167388916 22.4029998779297 22.4699993133545
11.8538331985474 11.9834995269775 11.0620002746582 10.2790002822876 9.74166679382324 8.91783332824707 7.70533323287964 7.30416631698608 7.26200008392334 8.23633289337158 10.7084999084473 13.0614995956421 14.5336666107178 15.3946666717529 15.8538331985474 16.5354995727539 17.0375003814697 17.5731658935547 18.1936664581299 18.7243328094482 18.9976673126221 19.2836666107178 19.6264991760254 19.9144992828369 20.2495002746582 20.4371662139893 20.6515007019043 20.8918342590332 21.1596660614014 21.3889999389648 21.613166809082 21.6544990539551 21.3886661529541 20.71266746521 20.0598335266113 20.5656661987305 20.545166015625 19.9123344421387 20.1685009002686 21.4680004119873 22.2765007019043 22.5443325042725 22.4778327941895 22.2351665496826 21.2923336029053 21.8043327331543 22.4074993133545 22.6221675872803 22.5896663665771
14.9656667709351 13.4366664886475 11.0951662063599 8.51583290100098 6.7979998588562 6.67283344268799 6.7921667098999 7.61116647720337 7.96600008010864 9.09983348846436 11.2368335723877 13.5935001373291 14.8450002670288 15.4866666793823 15.9906663894653 16.3133335113525 16.9874992370605 17.5463333129883 18.1199989318848 18.4911670684814 18.6709995269775 18.7091674804688 19.0678329467773 19.3106670379639 19.8271656036377 20.1679992675781 20.3365001678467 20.667667388916 21.0866661071777 21.3626670837402 21.4893341064453 21.5096664428711 21.5471668243408 21.5186672210693 21.4458332061768 20.8473339080811 20.7046661376953 20.3461666107178 20.3681659698486 21.0014991760254 21.9118328094482 22.2933330535889 22.3898334503174 22.2878341674805 21.9168338775635 20.7866668701172 22.128833770752 22.7533340454102 22.8263339996338
15.5129995346069 14.0856666564941 12.5120000839233 9.65933322906494 7.86216688156128 5.31099987030029 4.85550022125244 6.89849996566772 9.22183322906494 11.9191665649414 13.4563331604004 15.0193338394165 16.3573341369629 17.0256671905518 16.6696662902832 16.5389995574951 16.5583343505859 16.3518333435059 16.9861660003662 17.1736660003662 17.0634994506836 16.9166660308838 17.5359992980957 17.1228332519531 18.0498332977295 19.3461666107178 19.320499420166 20.1431674957275 20.8328342437744 21.2631664276123 21.4241676330566 21.3656673431396 21.3436660766602 21.3401660919189 21.2509994506836 21.0748329162598 20.6881675720215 20.4379997253418 20.4086666107178 20.9736671447754 21.5020008087158 21.9621658325195 22.257833480835 22.2513332366943 21.6849994659424 21.4521675109863 22.3573341369629 22.7561664581299 22.7915000915527
