model/data/bioclim/bclim1.asc
NCOLS 300 
NROWS 300 
XLLCORNER -125.250000000003 
YLLCORNER 30.7499999999996 
CELLSIZE 0.041666666666667 
NODATA_value -32768 
[rows 76 to 113 of 300, columns 0 to 86 of 300]
-32768 -32768 -32768 -32768 -32768 -32768 -32768 -32768 -32768 -32768 -32768 -32768 -32768 -32768 -32768 -32768 -32768 -32768 -32768 -32768 -32768 -32768 -32768 -32768 -32768 -32768 -32768 -32768 109 103 113 113 114 120 125 125 124 114 111 119 120 128 120 99 106 110 113 109 98 85 82 77 75 62 59 73 70 71 82 86 88 120 145 151 154 158 161 163 164 166 167 168 169 169 169 169 168 166 162 159 155 152 144 143 133 124 110
-32768 -32768 -32768 -32768 -32768 -32768 -32768 -32768 -32768 -32768 -32768 -32768 -32768 -32768 -32768 -32768 -32768 -32768 -32768 -32768 -32768 -32768 -32768 -32768 -32768 -32768 -32768 -32768 114 104 107 113 113 117 117 120 111 115 110 115 116 127 124 98 101 106 114 120 103 93 77 89 78 69 59 59 65 52 70 75 88 111 136 150 156 158 160 162 163 165 166 167 168 169 169 169 168 167 165 161 155 153 147 135 111 114 118
-32768 -32768 -32768 -32768 -32768 -32768 -32768 -32768 -32768 -32768 -32768 -32768 -32768 -32768 -32768 -32768 -32768 -32768 -32768 -32768 -32768 -32768 -32768 -32768 -32768 -32768 -32768 -32768 -32768 113 110 109 115 117 120 117 114 111 105 107 113 106 118 122 111 122 116 114 113 90 78 92 97 83 64 62 80 82 88 72 78 107 133 150 155 158 159 160 162 164 165 166 167 168 168 168 167 167 166 164 158 154 146 135 120 120 120
-32768 -32768 -32768 -32768 -32768 -32768 -32768 -32768 -32768 -32768 -32768 -32768 -32768 -32768 -32768 -32768 -32768 -32768 -32768 -32768 -32768 -32768 -32768 -32768 -32768 -32768 -32768 -32768 -32768 -32768 119 112 113 112 116 119 114 104 102 100 101 116 121 124 124 125 109 107 101 99 84 69 78 105 95 76 88 99 79 69 71 105 128 149 155 158 160 162 163 164 165 165 166 167 167 167 167 167 166 165 162 156 152 145 128 129 121
-32768 -32768 -32768 -32768 -32768 -32768 -32768 -32768 -32768 -32768 -32768 -32768 -32768 -32768 -32768 -32768 -32768 -32768 -32768 -32768 -32768 -32768 -32768 -32768 -32768 -32768 -32768 -32768 -32768 -32768 -32768 120 115 115 113 116 115 101 96 98 99 108 121 122 102 104 106 107 105 100 102 92 93 112 89 71 87 103 91 96 95 103 128 151 156 158 159 161 162 163 164 165 166 166 166 166 166 166 165 165 163 161 155 150 142 146 129
-32768 -32768 -32768 -32768 -32768 -32768 -32768 -32768 -32768 -32768 -32768 -32768 -32768 -32768 -32768 -32768 -32768 -32768 -32768 -32768 -32768 -32768 -32768 -32768 -32768 -32768 -32768 -32768 -32768 -32768 -32768 -32768 116 118 119 113 117 112 105 111 101 96 104 126 116 97 113 120 121 123 125 107 119 96 71 70 87 97 99 105 113 127 149 154 155 154 157 159 161 162 163 164 165 165 166 166 166 165 165 164 163 162 159 155 152 147 146
-32768 -32768 -32768 -32768 -32768 -32768 -32768 -32768 -32768 -32768 -32768 -32768 -32768 -32768 -32768 -32768 -32768 -32768 -32768 -32768 -32768 -32768 -32768 -32768 -32768 -32768 -32768 -32768 -32768 -32768 -32768 -32768 -32768 120 115 113 113 112 111 109 112 104 95 115 123 102 113 129 132 131 130 122 124 109 98 82 98 103 100 86 91 106 134 151 157 157 157 159 161 162 162 163 164 165 165 165 165 165 164 164 163 162 161 158 155 151 153
-32768 -32768 -32768 -32768 -32768 -32768 -32768 -32768 -32768 -32768 -32768 -32768 -32768 -32768 -32768 -32768 -32768 -32768 -32768 -32768 -32768 -32768 -32768 -32768 -32768 -32768 -32768 -32768 -32768 -32768 -32768 -32768 -32768 124 116 111 111 107 111 106 114 111 107 115 124 111 108 127 132 131 128 110 99 114 114 91 74 89 112 119 118 98 117 140 155 157 157 157 159 160 162 163 163 164 164 164 164 164 163 163 162 162 161 160 158 156 156
-32768 -32768 -32768 -32768 -32768 -32768 -32768 -32768 -32768 -32768 -32768 -32768 -32768 -32768 -32768 -32768 -32768 -32768 -32768 -32768 -32768 -32768 -32768 -32768 -32768 -32768 -32768 -32768 -32768 -32768 -32768 -32768 -32768 -32768 118 115 109 108 110 102 106 117 112 105 114 123 116 119 129 128 125 116 98 82 94 112 75 64 80 109 131 123 119 133 152 153 154 158 158 160 161 162 163 163 163 163 163 163 163 162 162 161 160 160 159 159 155
-32768 -32768 -32768 -32768 -32768 -32768 -32768 -32768 -32768 -32768 -32768 -32768 -32768 -32768 -32768 -32768 -32768 -32768 -32768 -32768 -32768 -32768 -32768 -32768 -32768 -32768 -32768 -32768 -32768 -32768 -32768 -32768 -32768 -32768 119 116 111 107 109 100 97 114 114 106 109 123 115 125 122 123 129 127 110 97 76 101 92 69 76 94 122 131 135 141 154 155 156 154 157 159 161 162 162 162 163 163 162 162 162 162 161 161 160 161 160 160 159
-32768 -32768 -32768 -32768 -32768 -32768 -32768 -32768 -32768 -32768 -32768 -32768 -32768 -32768 -32768 -32768 -32768 -32768 -32768 -32768 -32768 -32768 -32768 -32768 -32768 -32768 -32768 -32768 -32768 -32768 -32768 -32768 -32768 -32768 -32768 117 116 112 109 109 103 111 115 111 108 119 110 99 107 116 125 124 110 99 77 89 100 78 79 94 101 114 130 146 154 154 153 155 157 159 160 161 162 162 162 162 162 162 162 161 161 161 161 161 162 162 162
-32768 -32768 -32768 -32768 -32768 -32768 -32768 -32768 -32768 -32768 -32768 -32768 -32768 -32768 -32768 -32768 -32768 -32768 -32768 -32768 -32768 -32768 -32768 -32768 -32768 -32768 -32768 -32768 -32768 -32768 -32768 -32768 -32768 -32768 -32768 115 115 116 117 113 113 108 111 115 119 120 123 107 97 114 119 130 121 100 72 67 85 100 85 86 88 109 125 148 153 152 153 156 157 158 159 160 161 161 161 161 161 162 162 162 161 161 161 162 163 163 163
-32768 -32768 -32768 -32768 -32768 -32768 -32768 -32768 -32768 -32768 -32768 -32768 -32768 -32768 -32768 -32768 -32768 -32768 -32768 -32768 -32768 -32768 -32768 -32768 -32768 -32768 -32768 -32768 -32768 -32768 -32768 -32768 -32768 -32768 -32768 116 116 116 117 117 115 107 107 115 118 114 113 120 109 102 99 108 119 119 90 76 94 99 91 103 101 102 121 147 152 151 151 155 157 158 159 160 160 161 161 161 161 161 161 161 161 162 162 162 163 163 164
-32768 -32768 -32768 -32768 -32768 -32768 -32768 -32768 -32768 -32768 -32768 -32768 -32768 -32768 -32768 -32768 -32768 -32768 -32768 -32768 -32768 -32768 -32768 -32768 -32768 -32768 -32768 -32768 -32768 -32768 -32768 -32768 -32768 -32768 -32768 115 115 115 115 118 116 108 108 110 116 110 114 120 125 118 109 81 89 104 93 73 94 112 108 92 88 90 111 141 149 151 150 153 156 157 158 159 160 160 161 161 161 161 161 161 162 162 163 163 163 164 164
-32768 -32768 -32768 -32768 -32768 -32768 -32768 -32768 -32768 -32768 -32768 -32768 -32768 -32768 -32768 -32768 -32768 -32768 -32768 -32768 -32768 -32768 -32768 -32768 -32768 -32768 -32768 -32768 -32768 -32768 -32768 -32768 -32768 -32768 113 112 114 115 116 116 118 119 117 109 115 119 115 118 125 121 122 108 83 100 121 109 108 117 105 93 83 112 124 132 146 151 148 150 155 157 157 159 159 160 160 160 161 161 161 161 162 162 163 163 163 164 164
-32768 -32768 -32768 -32768 -32768 -32768 -32768 -32768 -32768 -32768 -32768 -32768 -32768 -32768 -32768 -32768 -32768 -32768 -32768 -32768 -32768 -32768 -32768 -32768 -32768 -32768 -32768 -32768 -32768 -32768 -32768 -32768 -32768 -32768 112 112 113 115 115 116 119 122 123 119 115 121 122 118 123 120 125 106 96 114 127 131 121 121 98 84 90 88 124 138 146 149 146 147 154 156 157 159 159 160 160 160 160 161 161 161 162 162 162 163 164 164 165
-32768 -32768 -32768 -32768 -32768 -32768 -32768 -32768 -32768 -32768 -32768 -32768 -32768 -32768 -32768 -32768 -32768 -32768 -32768 -32768 -32768 -32768 -32768 -32768 -32768 -32768 -32768 -32768 -32768 -32768 -32768 -32768 -32768 -32768 111 111 113 115 115 114 117 117 119 116 116 121 123 115 119 121 123 123 115 120 123 128 127 116 86 70 80 112 127 136 147 147 145 145 153 156 156 158 159 159 159 160 160 160 161 161 162 162 163 164 164 164 165
-32768 -32768 -32768 -32768 -32768 -32768 -32768 -32768 -32768 -32768 -32768 -32768 -32768 -32768 -32768 -32768 -32768 -32768 -32768 -32768 -32768 -32768 -32768 -32768 -32768 -32768 -32768 -32768 -32768 -32768 -32768 -32768 -32768 -32768 111 111 111 114 116 118 120 119 118 115 115 115 118 114 127 127 136 134 119 113 110 121 126 124 107 88 85 118 135 139 143 147 143 146 152 155 156 158 159 159 159 159 160 160 161 161 162 162 163 164 165 165 165
-32768 -32768 -32768 -32768 -32768 -32768 -32768 -32768 -32768 -32768 -32768 -32768 -32768 -32768 -32768 -32768 -32768 -32768 -32768 -32768 -32768 -32768 -32768 -32768 -32768 -32768 -32768 -32768 -32768 -32768 -32768 -32768 -32768 -32768 113 111 113 116 117 119 120 122 122 121 118 117 123 115 133 130 134 142 131 115 105 108 118 125 117 101 95 110 118 119 135 145 144 145 149 156 156 158 158 159 159 159 160 160 160 161 162 162 163 164 164 165 165
-32768 -32768 -32768 -32768 -32768 -32768 -32768 -32768 -32768 -32768 -32768 -32768 -32768 -32768 -32768 -32768 -32768 -32768 -32768 -32768 -32768 -32768 -32768 -32768 -32768 -32768 -32768 -32768 -32768 -32768 -32768 -32768 -32768 -32768 113 112 113 115 117 119 118 121 121 120 120 116 121 130 138 139 131 141 140 122 124 118 112 114 119 108 86 103 121 130 131 141 144 139 147 154 156 158 158 158 159 159 159 160 160 161 162 162 162 163 165 165 166
-32768 -32768 -32768 -32768 -32768 -32768 -32768 -32768 -32768 -32768 -32768 -32768 -32768 -32768 -32768 -32768 -32768 -32768 -32768 -32768 -32768 -32768 -32768 -32768 -32768 -32768 -32768 -32768 -32768 -32768 -32768 -32768 -32768 -32768 -32768 113 113 114 115 118 119 120 121 123 122 118 118 126 136 140 133 132 130 124 117 130 121 109 111 124 118 102 115 122 123 135 141 140 146 151 156 158 158 159 159 159 159 159 160 161 161 159 156 159 164 166 166
-32768 -32768 -32768 -32768 -32768 -32768 -32768 -32768 -32768 -32768 -32768 -32768 -32768 -32768 -32768 -32768 -32768 -32768 -32768 -32768 -32768 -32768 -32768 -32768 -32768 -32768 -32768 -32768 -32768 -32768 -32768 -32768 -32768 -32768 -32768 113 113 115 116 118 120 120 121 121 120 116 122 125 137 141 133 117 119 127 134 133 137 124 108 108 125 127 124 129 125 135 138 142 146 148 156 158 158 158 159 159 159 159 160 161 162 160 160 162 165 166 166
-32768 -32768 -32768 -32768 -32768 -32768 -32768 -32768 -32768 -32768 -32768 -32768 -32768 -32768 -32768 -32768 -32768 -32768 -32768 -32768 -32768 -32768 -32768 -32768 -32768 -32768 -32768 -32768 -32768 -32768 -32768 -32768 -32768 -32768 -32768 -32768 112 111 115 119 121 121 122 122 120 116 110 120 132 141 136 117 112 121 131 136 139 131 117 106 120 116 125 128 138 135 132 143 146 151 155 157 158 158 159 159 160 160 160 161 162 163 163 164 165 166 167
-32768 -32768 -32768 -32768 -32768 -32768 -32768 -32768 -32768 -32768 -32768 -32768 -32768 -32768 -32768 -32768 -32768 -32768 -32768 -32768 -32768 -32768 -32768 -32768 -32768 -32768 -32768 -32768 -32768 -32768 -32768 -32768 -32768 -32768 -32768 -32768 116 113 110 113 117 122 125 118 117 115 111 123 130 141 138 120 119 124 132 135 139 140 136 121 127 132 128 130 135 136 125 142 146 150 152 156 157 158 158 159 160 160 161 161 162 163 164 164 165 166 166
-32768 -32768 -32768 -32768 -32768 -32768 -32768 -32768 -32768 -32768 -32768 -32768 -32768 -32768 -32768 -32768 -32768 -32768 -32768 -32768 -32768 -32768 -32768 -32768 -32768 -32768 -32768 -32768 -32768 -32768 -32768 -32768 -32768 -32768 -32768 -32768 -32768 113 111 111 110 115 123 127 124 121 117 116 124 131 140 120 113 120 131 136 139 139 140 132 126 134 136 139 139 136 129 138 144 144 145 154 155 157 158 159 160 161 161 162 162 163 164 164 165 165 166
-32768 -32768 -32768 -32768 -32768 -32768 -32768 -32768 -32768 -32768 -32768 -32768 -32768 -32768 -32768 -32768 -32768 -32768 -32768 -32768 -32768 -32768 -32768 -32768 -32768 -32768 -32768 -32768 -32768 -32768 -32768 -32768 -32768 -32768 -32768 -32768 -32768 116 110 111 113 110 120 121 127 126 120 118 123 129 138 137 119 117 129 134 138 139 139 139 138 137 136 135 141 138 135 137 140 144 140 153 153 155 157 159 160 161 161 162 163 163 164 164 165 165 166
-32768 -32768 -32768 -32768 -32768 -32768 -32768 -32768 -32768 -32768 -32768 -32768 -32768 -32768 -32768 -32768 -32768 -32768 -32768 -32768 -32768 -32768 -32768 -32768 -32768 -32768 -32768 -32768 -32768 -32768 -32768 -32768 -32768 -32768 -32768 -32768 118 118 112 110 111 113 111 120 122 127 122 113 124 129 139 143 141 128 122 130 136 137 134 120 138 139 137 137 138 141 143 140 140 144 139 151 151 152 155 158 159 160 162 162 163 163 164 164 165 165 165
-32768 -32768 -32768 -32768 -32768 -32768 -32768 -32768 -32768 -32768 -32768 -32768 -32768 -32768 -32768 -32768 -32768 -32768 -32768 -32768 -32768 -32768 -32768 -32768 -32768 -32768 -32768 -32768 -32768 -32768 -32768 -32768 -32768 -32768 -32768 -32768 117 117 116 113 109 111 116 115 119 120 124 116 111 114 124 137 141 132 121 127 133 134 130 129 132 135 138 138 137 131 131 138 144 146 139 146 149 151 154 157 159 160 161 162 163 163 163 164 164 164 165
-32768 -32768 -32768 -32768 -32768 -32768 -32768 -32768 -32768 -32768 -32768 -32768 -32768 -32768 -32768 -32768 -32768 -32768 -32768 -32768 -32768 -32768 -32768 -32768 -32768 -32768 -32768 -32768 -32768 -32768 -32768 -32768 -32768 -32768 -32768 -32768 -32768 117 114 115 109 114 119 118 117 120 120 126 125 127 128 133 140 128 120 120 123 128 122 120 122 128 133 138 136 134 129 129 136 139 144 145 153 147 152 156 159 160 162 162 163 163 163 163 164 164 164
-32768 -32768 -32768 -32768 -32768 -32768 -32768 -32768 -32768 -32768 -32768 -32768 -32768 -32768 -32768 -32768 -32768 -32768 -32768 -32768 -32768 -32768 -32768 -32768 -32768 -32768 -32768 -32768 -32768 -32768 -32768 -32768 -32768 -32768 -32768 -32768 -32768 -32768 117 113 116 113 115 116 121 117 116 118 125 127 131 129 136 137 122 123 121 120 118 122 118 124 132 135 135 140 137 136 135 140 137 137 153 152 149 155 158 160 161 162 163 163 163 163 164 164 164
-32768 -32768 -32768 -32768 -32768 -32768 -32768 -32768 -32768 -32768 -32768 -32768 -32768 -32768 -32768 -32768 -32768 -32768 -32768 -32768 -32768 -32768 -32768 -32768 -32768 -32768 -32768 -32768 -32768 -32768 -32768 -32768 -32768 -32768 -32768 -32768 -32768 -32768 -32768 117 115 117 119 118 120 122 119 115 124 130 131 132 134 146 140 136 134 129 124 113 113 118 131 140 140 139 143 142 144 142 144 140 148 157 149 154 159 160 161 162 162 163 163 163 163 163 163
-32768 -32768 -32768 -32768 -32768 -32768 -32768 -32768 -32768 -32768 -32768 -32768 -32768 -32768 -32768 -32768 -32768 -32768 -32768 -32768 -32768 -32768 -32768 -32768 -32768 -32768 -32768 -32768 -32768 -32768 -32768 -32768 -32768 -32768 -32768 -32768 -32768 -32768 -32768 -32768 119 119 120 119 121 121 123 118 120 123 129 136 137 143 147 139 133 125 121 120 119 131 137 141 142 144 144 147 144 139 146 146 143 155 156 152 159 161 161 161 162 162 163 163 163 163 163
-32768 -32768 -32768 -32768 -32768 -32768 -32768 -32768 -32768 -32768 -32768 -32768 -32768 -32768 -32768 -32768 -32768 -32768 -32768 -32768 -32768 -32768 -32768 -32768 -32768 -32768 -32768 -32768 -32768 -32768 -32768 -32768 -32768 -32768 -32768 -32768 -32768 -32768 -32768 -32768 -32768 122 120 121 121 122 119 119 124 120 121 131 134 138 145 147 146 136 130 131 123 124 135 138 140 143 143 145 148 144 148 150 144 152 158 158 160 161 162 162 162 162 162 162 162 162 162
-32768 -32768 -32768 -32768 -32768 -32768 -32768 -32768 -32768 -32768 -32768 -32768 -32768 -32768 -32768 -32768 -32768 -32768 -32768 -32768 -32768 -32768 -32768 -32768 -32768 -32768 -32768 -32768 -32768 -32768 -32768 -32768 -32768 -32768 -32768 -32768 -32768 -32768 -32768 -32768 -32768 -32768 -32768 121 120 121 123 122 126 124 121 128 128 135 141 145 145 147 146 139 143 134 124 132 132 136 142 145 147 150 150 152 147 142 152 157 160 161 162 162 162 162 161 161 161 161 161
-32768 -32768 -32768 -32768 -32768 -32768 -32768 -32768 -32768 -32768 -32768 -32768 -32768 -32768 -32768 -32768 -32768 -32768 -32768 -32768 -32768 -32768 -32768 -32768 -32768 -32768 -32768 -32768 -32768 -32768 -32768 -32768 -32768 -32768 -32768 -32768 -32768 -32768 -32768 -32768 -32768 -32768 -32768 -32768 120 119 120 121 125 126 123 122 128 134 135 142 146 146 146 144 145 143 136 131 130 135 145 148 148 148 151 154 151 142 142 148 159 161 162 162 162 162 161 160 160 161 161
-32768 -32768 -32768 -32768 -32768 -32768 -32768 -32768 -32768 -32768 -32768 -32768 -32768 -32768 -32768 -32768 -32768 -32768 -32768 -32768 -32768 -32768 -32768 -32768 -32768 -32768 -32768 -32768 -32768 -32768 -32768 -32768 -32768 -32768 -32768 -32768 -32768 -32768 -32768 -32768 -32768 -32768 -32768 -32768 -32768 119 119 120 120 121 124 126 127 128 131 137 143 145 142 144 142 143 142 145 142 137 135 142 148 149 147 152 155 148 143 146 157 161 162 163 162 161 160 160 160 160 159
-32768 -32768 -32768 -32768 -32768 -32768 -32768 -32768 -32768 -32768 -32768 -32768 -32768 -32768 -32768 -32768 -32768 -32768 -32768 -32768 -32768 -32768 -32768 -32768 -32768 -32768 -32768 -32768 -32768 -32768 -32768 -32768 -32768 -32768 -32768 -32768 -32768 -32768 -32768 -32768 -32768 -32768 -32768 -32768 -32768 122 119 119 120 119 121 127 130 130 129 134 140 143 143 142 140 139 139 139 143 147 143 140 144 145 143 144 153 154 150 146 154 161 163 163 162 161 160 159 159 159 159
-32768 -32768 -32768 -32768 -32768 -32768 -32768 -32768 -32768 -32768 -32768 -32768 -32768 -32768 -32768 -32768 -32768 -32768 -32768 -32768 -32768 -32768 -32768 -32768 -32768 -32768 -32768 -32768 -32768 -32768 -32768 -32768 -32768 -32768 -32768 -32768 -32768 -32768 -32768 -32768 -32768 -32768 -32768 -32768 -32768 -32768 -32768 121 119 119 121 124 130 132 135 134 138 141 141 142 140 138 138 135 134 141 148 147 146 146 145 146 151 153 154 152 155 161 163 163 162 160 159 158 158 158 158
