model/data/bioclim/bclim6.asc
NCOLS 300 
NROWS 300 
XLLCORNER -125.250000000003 
YLLCORNER 30.7499999999996 
CELLSIZE 0.041666666666667 
NODATA_value -32768 
[rows 78 to 116 of 300, columns 178 to 266 of 300]
-66 -66 -67 -68 -71 -77 -88 -89 -79 -78 -78 -78 -79 -79 -79 -79 -81 -83 -80 -79 -79 -80 -81 -84 -84 -84 -85 -85 -83 -83 -84 -88 -95 -90 -87 -87 -87 -88 -89 -90 -90 -96 -91 -89 -90 -91 -92 -107 -111 -98 -96 -97 -99 -106 -117 -113 -106 -105 -113 -116 -112 -106 -110 -117 -113 -108 -107 -108 -110 -119 -137 -118 -107 -105 -106 -107 -114 -132 -122 -117 -120 -126 -130 -120 -114 -113 -115 -116 -117
-66 -66 -68 -69 -72 -74 -79 -82 -80 -78 -78 -78 -79 -81 -81 -82 -79 -80 -79 -79 -79 -80 -82 -86 -84 -82 -82 -82 -82 -82 -85 -89 -96 -90 -88 -92 -94 -93 -95 -91 -92 -95 -89 -90 -90 -91 -91 -99 -110 -99 -97 -98 -101 -107 -118 -116 -110 -115 -111 -108 -105 -108 -114 -111 -109 -107 -107 -112 -114 -122 -126 -109 -105 -105 -106 -109 -119 -126 -117 -116 -119 -126 -129 -119 -112 -112 -114 -115 -116
-65 -67 -69 -72 -75 -73 -74 -78 -80 -80 -79 -78 -80 -82 -83 -80 -80 -79 -79 -80 -80 -80 -83 -88 -84 -81 -81 -81 -81 -82 -93 -93 -93 -92 -92 -102 -111 -103 -97 -92 -93 -94 -89 -90 -90 -91 -91 -97 -112 -103 -98 -98 -99 -105 -112 -116 -110 -109 -105 -104 -106 -118 -113 -108 -107 -107 -111 -119 -117 -117 -109 -105 -105 -105 -106 -117 -125 -117 -113 -115 -120 -132 -128 -113 -110 -111 -113 -115 -116
-66 -69 -74 -75 -80 -77 -79 -79 -81 -80 -79 -79 -81 -85 -84 -83 -83 -78 -80 -80 -81 -84 -85 -90 -83 -81 -81 -81 -81 -82 -93 -94 -90 -94 -96 -104 -112 -107 -99 -93 -95 -94 -89 -90 -90 -91 -92 -98 -119 -107 -96 -96 -98 -99 -107 -110 -109 -105 -104 -104 -110 -122 -110 -107 -107 -110 -118 -126 -116 -114 -108 -105 -104 -104 -108 -120 -130 -115 -112 -115 -122 -126 -116 -109 -109 -111 -113 -116 -117
-70 -76 -83 -80 -82 -86 -89 -84 -83 -80 -80 -79 -82 -84 -89 -90 -83 -78 -80 -82 -87 -89 -95 -93 -87 -81 -80 -80 -81 -86 -100 -93 -89 -92 -99 -107 -99 -103 -99 -98 -94 -91 -88 -90 -90 -91 -92 -99 -118 -102 -95 -96 -97 -100 -110 -111 -111 -104 -104 -105 -107 -114 -109 -108 -108 -112 -120 -128 -116 -114 -118 -105 -104 -104 -107 -115 -124 -116 -111 -113 -123 -117 -111 -108 -109 -111 -114 -118 -122
-76 -85 -92 -89 -84 -88 -90 -86 -87 -82 -80 -80 -81 -85 -84 -80 -78 -78 -80 -84 -89 -92 -102 -93 -88 -81 -80 -80 -83 -94 -98 -89 -88 -89 -94 -97 -93 -93 -93 -95 -92 -91 -88 -90 -90 -91 -92 -98 -113 -96 -95 -96 -101 -105 -111 -112 -108 -103 -105 -105 -107 -116 -111 -108 -109 -115 -125 -125 -117 -116 -124 -115 -104 -104 -106 -113 -129 -120 -111 -111 -115 -110 -109 -108 -109 -112 -116 -121 -122
-86 -93 -100 -94 -86 -83 -82 -84 -91 -84 -82 -81 -82 -89 -83 -78 -78 -78 -80 -86 -103 -110 -90 -82 -80 -80 -80 -80 -87 -98 -97 -87 -87 -87 -88 -89 -89 -90 -91 -91 -93 -90 -88 -89 -90 -91 -92 -103 -107 -96 -95 -96 -111 -117 -111 -108 -105 -105 -105 -106 -116 -128 -117 -110 -110 -113 -123 -115 -116 -127 -130 -127 -104 -103 -106 -114 -132 -127 -110 -107 -109 -108 -108 -108 -110 -120 -128 -123 -119
-104 -105 -98 -88 -82 -81 -81 -84 -94 -89 -86 -83 -82 -91 -81 -78 -78 -78 -79 -85 -104 -102 -83 -80 -79 -80 -80 -83 -90 -98 -88 -86 -86 -86 -87 -87 -88 -89 -89 -89 -91 -91 -89 -90 -90 -91 -93 -105 -112 -95 -96 -97 -114 -118 -112 -109 -105 -105 -105 -108 -121 -127 -119 -113 -111 -110 -111 -111 -122 -134 -136 -121 -104 -103 -106 -118 -132 -127 -109 -105 -106 -107 -110 -110 -112 -118 -126 -127 -124
-105 -98 -86 -82 -81 -81 -82 -89 -107 -95 -90 -85 -83 -86 -79 -78 -78 -78 -82 -87 -97 -94 -83 -80 -80 -83 -85 -94 -96 -96 -86 -85 -85 -86 -86 -86 -87 -88 -88 -88 -90 -98 -91 -90 -90 -91 -94 -104 -111 -95 -96 -97 -113 -115 -112 -107 -105 -105 -106 -110 -120 -126 -122 -116 -112 -111 -111 -113 -124 -132 -127 -112 -103 -103 -106 -121 -134 -125 -114 -103 -104 -105 -108 -112 -111 -113 -117 -120 -124
-104 -88 -83 -82 -82 -82 -84 -90 -99 -95 -90 -86 -85 -84 -80 -78 -78 -77 -83 -91 -95 -93 -83 -82 -84 -93 -102 -100 -94 -89 -85 -85 -85 -86 -86 -86 -87 -92 -90 -88 -89 -93 -93 -90 -90 -92 -97 -108 -122 -99 -96 -97 -101 -103 -105 -108 -106 -106 -107 -110 -115 -120 -122 -118 -114 -112 -112 -112 -122 -123 -112 -105 -102 -102 -108 -127 -135 -128 -114 -102 -103 -103 -105 -106 -108 -111 -114 -115 -115
-89 -84 -83 -82 -83 -85 -88 -90 -91 -90 -89 -87 -86 -83 -80 -79 -78 -77 -87 -92 -85 -82 -83 -82 -89 -107 -107 -93 -86 -85 -85 -85 -85 -86 -86 -86 -87 -89 -89 -90 -92 -92 -91 -90 -92 -94 -101 -113 -118 -97 -96 -97 -99 -100 -103 -111 -109 -108 -109 -111 -116 -121 -124 -120 -119 -114 -113 -113 -125 -119 -106 -103 -102 -102 -110 -130 -133 -127 -115 -101 -101 -102 -103 -104 -107 -111 -114 -114 -112
-86 -84 -84 -85 -89 -99 -98 -92 -90 -89 -91 -92 -85 -82 -80 -79 -78 -78 -81 -85 -79 -84 -83 -82 -89 -95 -87 -84 -83 -84 -85 -85 -86 -87 -87 -86 -87 -87 -89 -92 -101 -103 -98 -93 -95 -101 -102 -110 -109 -96 -97 -98 -99 -101 -105 -110 -111 -112 -113 -114 -119 -124 -128 -128 -125 -119 -117 -122 -129 -118 -105 -103 -102 -102 -112 -119 -126 -139 -117 -100 -100 -101 -102 -105 -118 -118 -116 -114 -112
-87 -89 -89 -95 -105 -106 -96 -92 -90 -90 -94 -90 -85 -82 -80 -79 -79 -79 -89 -90 -88 -84 -80 -80 -85 -91 -84 -84 -84 -85 -86 -87 -89 -90 -89 -88 -88 -88 -90 -94 -103 -103 -106 -103 -108 -105 -110 -104 -98 -96 -97 -99 -101 -103 -106 -112 -116 -115 -120 -120 -123 -123 -126 -128 -127 -127 -130 -130 -131 -126 -106 -104 -102 -102 -111 -112 -126 -137 -120 -101 -100 -100 -101 -106 -127 -130 -118 -114 -110
-96 -108 -101 -102 -112 -101 -95 -92 -90 -91 -99 -91 -85 -83 -81 -80 -80 -86 -103 -103 -88 -82 -79 -79 -83 -84 -85 -84 -85 -86 -88 -92 -96 -98 -91 -89 -89 -89 -90 -95 -106 -105 -109 -116 -113 -107 -112 -102 -96 -96 -100 -103 -102 -104 -107 -112 -119 -121 -123 -122 -120 -118 -120 -124 -129 -132 -134 -135 -129 -131 -122 -113 -102 -101 -121 -118 -132 -146 -127 -102 -99 -100 -101 -104 -120 -134 -121 -114 -110
-98 -116 -115 -108 -105 -99 -95 -93 -91 -91 -96 -90 -85 -83 -82 -82 -82 -102 -102 -98 -83 -80 -79 -79 -80 -82 -85 -85 -89 -90 -94 -102 -113 -111 -97 -90 -89 -90 -91 -94 -102 -104 -108 -112 -105 -101 -103 -101 -96 -98 -102 -108 -105 -106 -109 -114 -123 -123 -124 -124 -119 -118 -119 -125 -131 -133 -133 -134 -129 -123 -132 -115 -103 -111 -122 -123 -134 -147 -132 -104 -99 -100 -100 -102 -114 -131 -125 -122 -121
-99 -119 -117 -110 -106 -100 -95 -93 -92 -92 -95 -90 -86 -85 -84 -85 -93 -110 -114 -88 -81 -80 -80 -80 -80 -82 -88 -86 -88 -93 -102 -109 -119 -110 -99 -92 -90 -90 -92 -94 -99 -108 -104 -98 -100 -97 -95 -95 -97 -100 -107 -111 -106 -107 -111 -115 -124 -123 -121 -123 -120 -119 -120 -123 -130 -135 -134 -134 -133 -124 -117 -109 -105 -122 -126 -127 -135 -147 -135 -107 -99 -99 -99 -101 -112 -130 -124 -119 -117
-98 -112 -116 -114 -110 -99 -95 -94 -94 -94 -100 -93 -88 -87 -86 -94 -113 -118 -104 -83 -81 -81 -80 -81 -84 -88 -89 -87 -88 -91 -99 -106 -109 -109 -97 -93 -91 -91 -93 -96 -101 -111 -100 -94 -95 -95 -95 -99 -102 -102 -109 -108 -106 -108 -113 -118 -124 -126 -123 -129 -122 -119 -120 -123 -130 -136 -136 -136 -135 -128 -118 -113 -111 -127 -131 -131 -141 -144 -143 -114 -99 -99 -99 -101 -110 -130 -135 -135 -123
-96 -108 -113 -110 -109 -98 -96 -96 -96 -98 -102 -100 -91 -89 -93 -113 -113 -122 -93 -82 -81 -81 -81 -83 -87 -97 -91 -88 -89 -91 -97 -105 -105 -114 -100 -93 -92 -92 -97 -97 -98 -102 -96 -93 -94 -95 -96 -99 -107 -106 -109 -106 -106 -110 -124 -128 -128 -130 -126 -130 -122 -118 -120 -122 -132 -135 -136 -137 -136 -133 -130 -118 -117 -128 -137 -136 -142 -131 -137 -116 -99 -99 -100 -102 -110 -125 -136 -148 -140
-96 -106 -113 -109 -102 -99 -98 -101 -105 -106 -106 -99 -93 -94 -99 -115 -112 -107 -87 -83 -82 -82 -83 -88 -93 -100 -96 -90 -90 -93 -105 -105 -109 -108 -97 -93 -92 -97 -106 -102 -100 -103 -96 -94 -95 -95 -97 -100 -105 -109 -106 -107 -109 -112 -126 -132 -129 -132 -130 -130 -124 -120 -121 -123 -132 -136 -134 -136 -136 -135 -130 -122 -120 -126 -133 -132 -140 -127 -117 -104 -100 -100 -101 -109 -119 -128 -133 -141 -130
-101 -108 -110 -106 -102 -101 -104 -112 -117 -115 -109 -98 -98 -101 -109 -124 -118 -95 -87 -85 -83 -83 -87 -98 -103 -104 -96 -92 -91 -94 -103 -102 -109 -103 -101 -94 -96 -108 -113 -106 -102 -103 -97 -96 -96 -97 -99 -102 -104 -105 -104 -107 -113 -107 -115 -125 -124 -128 -132 -130 -125 -123 -122 -124 -130 -132 -129 -133 -135 -135 -133 -126 -120 -123 -125 -127 -132 -134 -113 -103 -101 -100 -101 -108 -123 -118 -118 -128 -123
-105 -107 -106 -105 -104 -106 -111 -117 -122 -116 -109 -101 -102 -108 -116 -124 -111 -91 -86 -84 -84 -85 -91 -109 -111 -103 -96 -94 -92 -94 -97 -101 -114 -110 -106 -99 -102 -118 -116 -108 -102 -99 -97 -96 -97 -99 -102 -104 -104 -103 -102 -106 -107 -105 -110 -119 -122 -126 -130 -129 -129 -126 -125 -124 -124 -126 -125 -130 -135 -139 -134 -129 -122 -121 -124 -130 -128 -133 -113 -103 -101 -101 -106 -111 -111 -106 -103 -103 -101
-100 -105 -105 -105 -108 -112 -118 -118 -116 -112 -105 -105 -108 -115 -122 -113 -91 -87 -86 -86 -86 -88 -99 -112 -112 -108 -103 -96 -94 -95 -97 -101 -110 -114 -112 -103 -107 -121 -113 -106 -102 -99 -98 -98 -103 -108 -107 -107 -105 -102 -103 -104 -103 -104 -110 -119 -121 -131 -132 -130 -131 -129 -127 -125 -122 -119 -122 -127 -132 -138 -136 -129 -122 -120 -122 -127 -126 -117 -109 -104 -102 -102 -110 -115 -106 -102 -100 -99 -98
-92 -106 -106 -106 -109 -115 -121 -117 -112 -109 -107 -109 -113 -117 -116 -96 -88 -87 -87 -87 -89 -92 -98 -113 -121 -118 -106 -97 -95 -97 -99 -103 -109 -118 -116 -111 -110 -117 -110 -105 -102 -100 -99 -100 -106 -115 -114 -108 -106 -100 -100 -102 -102 -104 -108 -115 -121 -128 -130 -129 -130 -128 -126 -124 -125 -117 -119 -120 -125 -135 -137 -129 -123 -120 -121 -123 -126 -119 -109 -104 -103 -103 -116 -129 -120 -112 -101 -99 -97
-90 -110 -110 -108 -110 -115 -121 -116 -113 -112 -111 -112 -116 -123 -109 -93 -88 -88 -88 -88 -92 -96 -104 -115 -120 -117 -102 -97 -97 -99 -102 -106 -114 -114 -107 -111 -108 -112 -111 -105 -102 -100 -99 -100 -106 -115 -115 -109 -102 -99 -98 -102 -103 -102 -105 -114 -123 -129 -128 -127 -127 -123 -122 -123 -119 -115 -114 -115 -121 -132 -134 -128 -123 -121 -121 -123 -125 -116 -109 -105 -103 -104 -107 -124 -142 -128 -106 -99 -97
-102 -114 -111 -108 -109 -114 -116 -116 -114 -114 -114 -116 -125 -120 -103 -92 -89 -89 -88 -90 -95 -104 -107 -113 -116 -107 -99 -98 -99 -101 -105 -111 -118 -109 -102 -105 -105 -112 -112 -104 -103 -101 -100 -100 -105 -108 -114 -110 -103 -99 -97 -100 -102 -99 -103 -111 -120 -132 -129 -128 -125 -121 -117 -118 -116 -114 -111 -112 -116 -129 -133 -129 -124 -122 -123 -126 -125 -117 -111 -107 -104 -103 -105 -121 -150 -136 -116 -104 -99
-108 -117 -112 -106 -107 -112 -117 -116 -115 -115 -116 -122 -127 -116 -100 -93 -91 -90 -90 -93 -99 -104 -112 -114 -112 -103 -98 -98 -101 -103 -107 -116 -112 -104 -101 -101 -103 -113 -108 -106 -108 -103 -101 -101 -103 -104 -107 -107 -106 -99 -95 -98 -100 -97 -101 -109 -121 -136 -128 -125 -122 -120 -117 -115 -114 -110 -109 -109 -113 -126 -136 -130 -124 -124 -126 -126 -127 -121 -111 -107 -105 -103 -104 -116 -142 -135 -127 -121 -105
-107 -111 -108 -104 -105 -112 -119 -117 -115 -117 -121 -128 -122 -117 -101 -95 -92 -91 -92 -95 -100 -105 -109 -110 -106 -100 -98 -99 -103 -110 -115 -114 -104 -101 -99 -100 -106 -108 -105 -110 -115 -105 -101 -102 -104 -101 -103 -106 -108 -99 -95 -94 -94 -95 -100 -109 -121 -136 -131 -127 -124 -118 -116 -115 -116 -108 -106 -106 -111 -126 -131 -128 -124 -126 -129 -126 -131 -120 -112 -108 -105 -103 -103 -111 -137 -134 -122 -109 -103
-112 -108 -105 -103 -105 -111 -116 -117 -116 -118 -124 -133 -124 -120 -110 -95 -93 -92 -94 -99 -106 -113 -116 -108 -101 -99 -98 -100 -111 -120 -121 -115 -102 -99 -99 -103 -113 -108 -104 -115 -108 -106 -100 -100 -101 -100 -100 -103 -109 -101 -98 -95 -92 -92 -96 -105 -121 -130 -128 -120 -122 -117 -116 -115 -112 -105 -105 -105 -114 -127 -130 -126 -124 -124 -126 -125 -124 -117 -112 -108 -106 -104 -104 -108 -132 -139 -128 -113 -103
-115 -108 -103 -101 -104 -111 -116 -118 -118 -117 -119 -127 -126 -129 -119 -97 -93 -93 -96 -103 -119 -134 -123 -108 -101 -100 -99 -104 -116 -130 -120 -110 -101 -99 -99 -103 -114 -106 -101 -105 -104 -105 -100 -101 -99 -98 -99 -102 -108 -104 -106 -99 -92 -90 -92 -98 -105 -110 -113 -115 -119 -118 -119 -113 -111 -104 -104 -105 -115 -127 -128 -124 -124 -123 -123 -124 -120 -115 -112 -108 -106 -105 -104 -108 -129 -126 -124 -122 -103
-109 -107 -102 -100 -105 -112 -120 -118 -117 -120 -121 -122 -129 -125 -118 -98 -94 -95 -98 -106 -119 -135 -127 -113 -103 -100 -101 -110 -117 -128 -120 -108 -100 -97 -99 -104 -111 -102 -98 -99 -105 -105 -103 -99 -98 -97 -99 -106 -112 -109 -105 -96 -91 -89 -90 -92 -97 -101 -106 -119 -118 -115 -112 -106 -103 -103 -103 -105 -120 -129 -125 -122 -122 -125 -124 -121 -117 -115 -112 -109 -107 -106 -104 -107 -117 -115 -113 -124 -104
-99 -102 -98 -99 -105 -113 -119 -118 -117 -121 -118 -118 -120 -115 -112 -99 -95 -96 -99 -105 -112 -123 -119 -116 -108 -101 -100 -108 -118 -127 -121 -105 -98 -97 -101 -107 -109 -105 -99 -96 -104 -105 -100 -97 -96 -97 -101 -113 -109 -102 -102 -96 -88 -88 -89 -91 -93 -99 -105 -113 -116 -109 -104 -101 -101 -102 -103 -109 -120 -124 -122 -120 -121 -126 -124 -118 -116 -115 -113 -112 -108 -107 -105 -105 -108 -110 -107 -115 -102
-94 -97 -95 -98 -104 -111 -117 -114 -114 -119 -119 -113 -115 -115 -107 -97 -95 -98 -104 -111 -121 -118 -113 -112 -105 -101 -101 -110 -115 -121 -112 -103 -97 -97 -103 -113 -116 -110 -99 -94 -98 -103 -98 -95 -95 -97 -103 -111 -106 -99 -94 -90 -87 -87 -88 -89 -92 -102 -103 -108 -113 -106 -101 -100 -101 -101 -103 -117 -126 -125 -120 -118 -119 -124 -132 -118 -116 -115 -113 -113 -111 -108 -105 -105 -105 -105 -104 -103 -100
-95 -96 -93 -95 -100 -105 -110 -109 -111 -114 -114 -111 -109 -113 -105 -95 -96 -99 -105 -115 -120 -117 -114 -107 -102 -101 -101 -107 -111 -114 -108 -101 -96 -98 -105 -117 -115 -117 -96 -91 -96 -100 -95 -93 -95 -98 -104 -103 -99 -93 -89 -87 -85 -85 -86 -88 -92 -109 -110 -107 -112 -107 -101 -100 -100 -100 -103 -115 -125 -123 -118 -116 -116 -118 -129 -117 -115 -113 -112 -112 -112 -108 -105 -104 -104 -104 -102 -101 -100
-100 -98 -95 -92 -96 -102 -105 -105 -111 -111 -109 -106 -104 -107 -103 -94 -96 -102 -107 -112 -109 -106 -107 -104 -101 -101 -102 -108 -111 -105 -105 -99 -95 -102 -105 -104 -107 -110 -91 -89 -91 -92 -91 -92 -100 -102 -102 -103 -96 -88 -85 -84 -84 -84 -85 -87 -97 -112 -113 -110 -110 -106 -105 -101 -99 -100 -101 -107 -116 -119 -116 -115 -114 -115 -121 -115 -113 -112 -110 -110 -112 -109 -105 -104 -103 -102 -100 -100 -99
-107 -102 -97 -92 -91 -94 -95 -99 -100 -105 -103 -105 -103 -97 -94 -93 -97 -103 -110 -110 -105 -101 -102 -104 -102 -102 -106 -112 -102 -98 -101 -102 -96 -98 -102 -97 -94 -89 -86 -87 -89 -90 -90 -91 -95 -100 -99 -99 -89 -83 -82 -82 -83 -83 -84 -89 -112 -115 -113 -112 -112 -110 -101 -100 -98 -99 -100 -103 -109 -115 -116 -116 -112 -113 -117 -113 -110 -109 -109 -109 -109 -110 -105 -104 -103 -103 -100 -99 -99
-109 -105 -98 -97 -94 -89 -89 -90 -92 -96 -96 -95 -94 -91 -92 -95 -100 -105 -107 -106 -101 -98 -100 -102 -103 -107 -112 -107 -98 -94 -95 -97 -94 -98 -98 -88 -85 -85 -84 -88 -95 -90 -89 -90 -93 -97 -97 -90 -84 -81 -81 -82 -82 -83 -84 -90 -110 -115 -117 -111 -109 -104 -98 -97 -97 -98 -99 -101 -106 -117 -119 -112 -109 -110 -115 -110 -108 -107 -106 -106 -108 -109 -104 -103 -103 -103 -101 -99 -99
-99 -100 -99 -95 -95 -92 -86 -85 -86 -89 -89 -88 -88 -88 -92 -99 -105 -110 -103 -100 -97 -96 -99 -103 -102 -109 -104 -99 -94 -91 -97 -98 -101 -104 -103 -87 -82 -82 -84 -87 -91 -89 -89 -89 -92 -92 -95 -87 -81 -79 -80 -81 -81 -82 -83 -89 -104 -117 -115 -110 -103 -100 -97 -96 -96 -96 -97 -99 -105 -117 -109 -107 -107 -109 -112 -108 -106 -105 -104 -104 -104 -104 -104 -104 -103 -104 -103 -99 -99
-89 -90 -93 -92 -89 -91 -90 -83 -82 -83 -84 -84 -86 -89 -92 -97 -102 -100 -98 -95 -94 -99 -105 -106 -105 -107 -108 -98 -91 -89 -96 -96 -101 -102 -99 -86 -82 -81 -82 -86 -93 -89 -89 -89 -89 -90 -89 -81 -79 -79 -80 -80 -81 -81 -84 -94 -104 -110 -115 -109 -99 -96 -95 -95 -95 -95 -96 -98 -108 -108 -104 -104 -105 -108 -107 -111 -106 -103 -102 -102 -101 -102 -106 -106 -105 -103 -102 -100 -99
-85 -84 -87 -93 -88 -86 -87 -85 -82 -81 -82 -83 -87 -91 -92 -93 -95 -94 -92 -91 -92 -99 -106 -111 -108 -110 -109 -96 -89 -88 -90 -93 -104 -101 -97 -86 -82 -80 -80 -88 -93 -88 -88 -87 -88 -86 -82 -78 -78 -78 -78 -80 -80 -82 -92 -104 -111 -110 -106 -100 -96 -94 -93 -93 -94 -94 -95 -98 -107 -106 -102 -102 -104 -103 -103 -106 -102 -101 -100 -100 -100 -101 -104 -107 -111 -106 -102 -99 -99
