model/data/bioclim/bclim4.asc
NCOLS 300 
NROWS 300 
XLLCORNER -125.25 
YLLCORNER 30.75 
CELLSIZE 0.0416666666666667 
NODATA_value -3.4e+38 
[rows 110 to 131 of 300, columns 49 to 97 of 300]
425.72314453125 442.865173339844 447.986389160156 449.186798095703 452.040435791016 455.180969238281 462.837127685547 480.652587890625 492.276306152344 493.524749755859 497.462097167969 501.073974609375 514.530822753906 516.598571777344 520.364501953125 533.646484375 552.539001464844 562.964111328125 579.694763183594 595.118225097656 603.271362304688 598.780639648438 587.723999023438 594.487915039062 605.44384765625 609.850219726562 626.510986328125 646.191162109375 648.552490234375 637.348205566406 625.407348632812 619.739440917969 625.320678710938 631.192504882812 630.184387207031 617.491516113281 590.166687011719 572.804626464844 590.382995605469 608.406982421875 622.088745117188 628.326843261719 628.955688476562 632.084289550781 628.720825195312 625.580627441406 624.550659179688 627.648742675781 636.526977539062
414.443328857422 419.594055175781 424.219482421875 431.177124023438 435.955047607422 435.566497802734 441.793029785156 458.735748291016 472.130432128906 476.159027099609 477.668975830078 485.1044921875 490.575317382812 501.305969238281 506.675567626953 518.034301757812 525.412231445312 538.369445800781 553.36572265625 576.010009765625 593.976013183594 590.635681152344 577.583129882812 570.981262207031 594.802429199219 599.893371582031 617.205810546875 639.981140136719 646.879638671875 638.370300292969 621.396179199219 610.487731933594 610.180297851562 616.814208984375 619.392578125 610.302185058594 593.89306640625 575.458251953125 575.331298828125 594.699951171875 606.313232421875 609.037353515625 613.834533691406 617.431945800781 616.4169921875 616.576049804688 624.748657226562 639.061645507812 650.841918945312
388.380920410156 400.569732666016 396.502685546875 403.361602783203 414.24951171875 418.550323486328 421.683715820312 438.178009033203 457.423553466797 463.622253417969 462.312896728516 467.749145507812 479.006866455078 489.666351318359 498.371276855469 502.067504882812 507.382781982422 520.330139160156 531.283630371094 546.732971191406 563.844421386719 571.206237792969 578.025817871094 580.602783203125 576.615661621094 595.52001953125 606.036987304688 628.550598144531 647.12744140625 644.447387695312 625.2919921875 607.71337890625 609.684875488281 616.798034667969 614.301086425781 609.079956054688 600.905578613281 584.181945800781 575.289001464844 594.148803710938 604.285461425781 600.656799316406 602.611694335938 608.338562011719 612.419311523438 620.863647460938 633.077941894531 647.932678222656 658.682250976562
347.620727539062 366.665771484375 376.9072265625 376.960815429688 384.046691894531 390.415466308594 404.952941894531 418.002960205078 438.922271728516 453.264709472656 453.716278076172 450.160552978516 464.886444091797 475.874969482422 488.114715576172 496.563385009766 497.921142578125 501.059020996094 512.711120605469 519.809448242188 530.386413574219 549.343078613281 568.82470703125 580.977783203125 575.4853515625 584.775695800781 593.945373535156 612.936462402344 635.284240722656 637.407165527344 617.574462890625 598.652893066406 598.514465332031 604.560668945312 604.011962890625 600.310607910156 594.202575683594 580.873474121094 577.217407226562 593.688537597656 599.267822265625 600.616943359375 604.460693359375 613.74755859375 622.791442871094 626.955139160156 633.684509277344 644.861328125 650.917724609375
299.475311279297 297.518646240234 329.567108154297 336.608489990234 351.856628417969 372.305847167969 393.580780029297 408.679077148438 426.286712646484 439.736633300781 448.424224853516 445.780487060547 446.986785888672 463.157684326172 476.280181884766 484.912689208984 495.848846435547 494.344360351562 501.657043457031 508.707153320312 516.499938964844 533.749694824219 552.1611328125 571.026550292969 577.74462890625 581.622253417969 586.235412597656 600.33056640625 618.836975097656 621.812438964844 613.9296875 596.263610839844 587.681030273438 590.140869140625 591.51513671875 589.2109375 586.925720214844 583.221862792969 580.706604003906 585.539489746094 588.70556640625 596.701232910156 603.904174804688 612.839721679688 621.298095703125 626.1923828125 629.602905273438 631.734985351562 635.287292480469
-3.4e+38 264.400756835938 274.188781738281 303.5576171875 335.950805664062 363.808013916016 390.122711181641 401.048675537109 413.343627929688 422.071472167969 436.970001220703 440.699096679688 443.128662109375 456.417572021484 460.994049072266 470.020141601562 488.696502685547 494.543579101562 490.998687744141 495.19775390625 509.649871826172 528.874328613281 546.723388671875 561.838500976562 574.123474121094 575.885375976562 582.394287109375 597.756896972656 612.062805175781 616.515014648438 612.441589355469 595.549560546875 582.386535644531 578.676635742188 578.970458984375 578.578369140625 576.603454589844 576.084899902344 573.373596191406 577.718139648438 579.673217773438 585.752502441406 598.138366699219 607.631469726562 614.633483886719 620.872192382812 620.850219726562 622.4150390625 631.988098144531
-3.4e+38 -3.4e+38 253.707183837891 282.099578857422 316.194091796875 348.872222900391 369.721588134766 386.730499267578 402.771789550781 411.473114013672 422.6416015625 434.670471191406 449.293609619141 453.223846435547 462.578674316406 461.910308837891 475.906677246094 489.572570800781 486.003173828125 494.455108642578 499.288909912109 508.309844970703 529.5322265625 543.834167480469 557.619262695312 562.353515625 569.925170898438 584.491882324219 593.767028808594 602.541198730469 603.924499511719 591.08154296875 576.381042480469 569.006469726562 566.952514648438 564.990112304688 563.638671875 568.2939453125 568.642333984375 572.572021484375 575.573547363281 585.002319335938 597.868408203125 605.096801757812 609.897033691406 610.925231933594 610.177978515625 620.952880859375 637.411071777344
-3.4e+38 -3.4e+38 -3.4e+38 257.229644775391 290.226348876953 325.313659667969 350.753631591797 369.330017089844 391.488372802734 402.402282714844 413.307525634766 425.578430175781 433.818115234375 444.9638671875 469.755218505859 472.263732910156 462.805755615234 477.300384521484 490.854339599609 491.391357421875 489.622375488281 495.698181152344 501.158843994141 522.482971191406 537.991333007812 547.70703125 555.023254394531 570.654663085938 574.008544921875 580.673828125 583.649719238281 572.738159179688 562.241271972656 558.435974121094 558.640869140625 557.053771972656 555.14892578125 561.162475585938 568.299926757812 568.404418945312 569.213745117188 579.066162109375 587.205749511719 595.232849121094 599.367004394531 601.535583496094 603.131042480469 613.337036132812 626.959411621094
-3.4e+38 -3.4e+38 -3.4e+38 219.017990112305 278.688110351562 312.864685058594 338.037567138672 359.706665039062 378.038177490234 395.604644775391 413.4482421875 422.3642578125 430.909057617188 442.016143798828 463.927886962891 479.025054931641 463.877960205078 470.49658203125 488.450439453125 492.179443359375 487.239471435547 488.967132568359 492.583099365234 504.934875488281 528.692626953125 541.639404296875 548.629272460938 557.446594238281 556.780578613281 562.639770507812 560.750732421875 561.36181640625 565.192810058594 562.457214355469 555.0615234375 548.103210449219 539.307861328125 544.30126953125 560.386779785156 558.614318847656 559.816284179688 567.740783691406 573.117736816406 576.426818847656 585.371826171875 598.187927246094 604.261840820312 607.774108886719 614.304565429688
-3.4e+38 -3.4e+38 -3.4e+38 -3.4e+38 -3.4e+38 300.517944335938 318.200866699219 350.166961669922 371.238739013672 388.516998291016 401.451934814453 416.944213867188 425.501800537109 435.917083740234 446.774719238281 459.250030517578 465.516204833984 472.859802246094 483.216827392578 490.885284423828 486.406921386719 484.35302734375 488.978240966797 507.374420166016 518.194946289062 532.521057128906 539.02587890625 537.732482910156 532.706115722656 538.032165527344 547.089172363281 559.335510253906 571.289428710938 572.06591796875 563.661010742188 550.805358886719 534.52734375 536.885009765625 552.5048828125 552.185852050781 555.0703125 562.492614746094 570.726318359375 571.817016601562 578.932678222656 592.471496582031 603.545532226562 607.500427246094 611.750244140625
-3.4e+38 -3.4e+38 -3.4e+38 -3.4e+38 -3.4e+38 265.116302490234 296.259216308594 327.098175048828 356.364135742188 376.055847167969 389.252166748047 405.628692626953 423.098297119141 432.517547607422 439.320495605469 445.642791748047 457.521453857422 469.784057617188 477.137023925781 481.2421875 478.625183105469 477.126068115234 487.188903808594 504.473327636719 512.290222167969 519.448303222656 520.6806640625 517.931884765625 513.171936035156 521.819763183594 534.194519042969 544.457092285156 558.485107421875 570.010498046875 572.929443359375 565.822204589844 551.252685546875 545.038635253906 550.917358398438 550.357116699219 550.59765625 555.997375488281 570.62646484375 581.382446289062 584.005187988281 589.137756347656 598.78466796875 607.226135253906 614.305969238281
-3.4e+38 -3.4e+38 -3.4e+38 -3.4e+38 -3.4e+38 256.392456054688 268.619201660156 307.233428955078 336.047882080078 359.556579589844 375.654663085938 392.144287109375 414.946746826172 427.635528564453 433.335845947266 436.143218994141 447.555541992188 464.657562255859 474.744049072266 472.154296875 462.861907958984 464.346893310547 481.022430419922 501.845794677734 510.180023193359 515.182556152344 512.757446289062 506.867095947266 500.236389160156 506.155364990234 511.252471923828 521.447265625 543.829040527344 560.023132324219 567.854736328125 570.686157226562 559.454833984375 546.694580078125 546.288513183594 543.540466308594 539.642761230469 542.54931640625 559.463989257812 578.704284667969 590.879150390625 594.239929199219 598.262817382812 607.5283203125 616.508666992188
-3.4e+38 -3.4e+38 -3.4e+38 -3.4e+38 -3.4e+38 -3.4e+38 269.525177001953 292.658020019531 321.118774414062 347.943481445312 364.719665527344 384.269714355469 407.2890625 417.829711914062 425.953552246094 428.738525390625 438.437042236328 457.083068847656 471.701934814453 464.982543945312 455.400695800781 463.287170410156 476.764373779297 502.482879638672 506.243743896484 513.855224609375 520.251831054688 506.22119140625 491.531707763672 490.813812255859 497.921112060547 510.255737304688 532.144470214844 550.62060546875 561.277099609375 561.27734375 547.142578125 540.508483886719 539.990356445312 537.843933105469 534.138488769531 538.788757324219 551.066040039062 568.480407714844 583.649841308594 591.621643066406 596.345642089844 606.003051757812 615.4267578125
-3.4e+38 -3.4e+38 -3.4e+38 -3.4e+38 -3.4e+38 248.621948242188 262.662689208984 282.772888183594 294.876068115234 326.973022460938 354.757049560547 375.466064453125 395.453338623047 402.611450195312 409.003692626953 420.726013183594 428.724578857422 441.395965576172 467.897094726562 -3.4e+38 -3.4e+38 472.295104980469 486.514801025391 503.799102783203 502.930114746094 512.024353027344 513.816955566406 500.199829101562 459.533050537109 468.266204833984 481.748657226562 492.677001953125 512.221252441406 536.492126464844 547.297790527344 540.969665527344 529.989929199219 529.687316894531 528.84423828125 526.853088378906 529.243530273438 542.356689453125 552.9482421875 564.029907226562 576.515197753906 587.534057617188 598.037658691406 605.204284667969 609.777160644531
-3.4e+38 -3.4e+38 -3.4e+38 -3.4e+38 -3.4e+38 229.115158081055 251.873397827148 262.438323974609 278.162841796875 301.966186523438 336.557952880859 358.249328613281 375.527435302734 385.6318359375 402.042449951172 406.133728027344 418.930725097656 424.967651367188 -3.4e+38 -3.4e+38 -3.4e+38 -3.4e+38 487.483093261719 493.452301025391 497.836181640625 500.026733398438 497.854370117188 477.35986328125 471.986877441406 479.274017333984 482.894348144531 482.906066894531 494.342529296875 504.292144775391 513.879455566406 521.463256835938 523.632263183594 527.810546875 527.617858886719 527.014282226562 527.971069335938 536.718627929688 546.140563964844 560.980285644531 575.39794921875 588.402770996094 599.299560546875 599.235290527344 595.077270507812
-3.4e+38 -3.4e+38 -3.4e+38 -3.4e+38 181.624603271484 207.256759643555 244.372634887695 251.121826171875 259.715301513672 277.908508300781 308.008605957031 337.70947265625 351.338775634766 370.674621582031 390.408020019531 402.397094726562 414.414703369141 405.322296142578 -3.4e+38 -3.4e+38 416.40625 447.562927246094 475.964141845703 478.427307128906 475.989868164062 479.6640625 491.789367675781 496.546600341797 501.400970458984 511.962707519531 518.438720703125 524.019714355469 528.682861328125 523.028869628906 519.821228027344 524.359985351562 527.806579589844 541.973693847656 538.851257324219 530.873291015625 534.404663085938 540.005676269531 542.319091796875 556.205078125 574.424255371094 591.588134765625 605.450439453125 603.435424804688 593.678161621094
-3.4e+38 -3.4e+38 -3.4e+38 -3.4e+38 149.205749511719 198.877471923828 -3.4e+38 -3.4e+38 -3.4e+38 255.005767822266 276.330718994141 308.381286621094 330.303649902344 358.339874267578 373.847717285156 388.401275634766 395.578674316406 390.782440185547 327.546325683594 393.051513671875 409.696075439453 425.218933105469 434.499633789062 445.739044189453 458.877746582031 471.497497558594 487.870452880859 503.049896240234 509.379974365234 516.154663085938 528.820922851562 541.326232910156 552.132202148438 553.465881347656 555.652954101562 561.206604003906 563.208618164062 561.326416015625 549.535461425781 536.564880371094 535.982727050781 547.21484375 556.616027832031 563.825439453125 575.945617675781 592.619323730469 610.046081542969 614.286926269531 607.876953125
-3.4e+38 -3.4e+38 -3.4e+38 -3.4e+38 -3.4e+38 -3.4e+38 -3.4e+38 -3.4e+38 -3.4e+38 -3.4e+38 255.867721557617 274.158538818359 296.227874755859 329.965759277344 366.996734619141 363.099090576172 364.712982177734 364.808715820312 -3.4e+38 380.238220214844 384.247528076172 384.841461181641 394.861907958984 408.294525146484 431.826690673828 458.638427734375 468.282012939453 488.798095703125 499.697174072266 509.218048095703 519.18115234375 538.629516601562 550.878662109375 561.873291015625 572.423278808594 573.313598632812 574.783447265625 571.547058105469 561.650817871094 546.984985351562 546.065856933594 552.67919921875 563.825744628906 573.226440429688 582.64208984375 596.474304199219 616.757568359375 625.174926757812 618.695251464844
-3.4e+38 -3.4e+38 -3.4e+38 -3.4e+38 -3.4e+38 -3.4e+38 -3.4e+38 -3.4e+38 -3.4e+38 -3.4e+38 -3.4e+38 257.612884521484 273.42333984375 300.270446777344 318.603424072266 314.384796142578 328.395965576172 341.067718505859 333.743621826172 359.972320556641 358.318511962891 352.65673828125 363.072570800781 400.737548828125 412.73291015625 431.267608642578 449.039093017578 470.9189453125 486.3662109375 505.605743408203 540.881408691406 550.427856445312 539.247802734375 557.974975585938 576.931579589844 578.514343261719 575.880493164062 573.434509277344 571.479797363281 561.05615234375 561.060668945312 563.023559570312 569.4248046875 578.256774902344 585.406127929688 595.352844238281 617.919067382812 633.533020019531 630.260864257812
-3.4e+38 -3.4e+38 -3.4e+38 -3.4e+38 -3.4e+38 -3.4e+38 -3.4e+38 -3.4e+38 -3.4e+38 -3.4e+38 -3.4e+38 -3.4e+38 -3.4e+38 -3.4e+38 278.856323242188 279.499725341797 291.065856933594 297.535278320312 308.376556396484 -3.4e+38 -3.4e+38 324.525085449219 334.169158935547 372.357879638672 412.384063720703 422.0390625 443.614929199219 461.346343994141 470.225280761719 491.151702880859 520.406921386719 530.875244140625 533.588500976562 561.361083984375 569.90185546875 578.327209472656 585.417419433594 588.165710449219 583.588989257812 562.37744140625 564.835510253906 567.02294921875 572.58740234375 579.817810058594 587.885803222656 596.065490722656 615.658996582031 626.2958984375 620.988525390625
-3.4e+38 -3.4e+38 -3.4e+38 -3.4e+38 -3.4e+38 -3.4e+38 -3.4e+38 -3.4e+38 -3.4e+38 -3.4e+38 -3.4e+38 -3.4e+38 -3.4e+38 -3.4e+38 -3.4e+38 -3.4e+38 266.765960693359 259.012359619141 261.208557128906 268.46923828125 294.752990722656 311.89990234375 327.941497802734 339.540130615234 384.729125976562 399.612579345703 425.826812744141 462.400695800781 466.483581542969 475.2451171875 492.219268798828 504.747528076172 516.747924804688 555.445739746094 563.280578613281 556.680541992188 580.519775390625 590.4033203125 590.781127929688 572.841247558594 571.221252441406 568.877380371094 573.363220214844 580.224060058594 587.338623046875 596.457153320312 614.93115234375 624.610473632812 619.658996582031
-3.4e+38 -3.4e+38 -3.4e+38 -3.4e+38 -3.4e+38 -3.4e+38 -3.4e+38 -3.4e+38 -3.4e+38 -3.4e+38 -3.4e+38 -3.4e+38 -3.4e+38 -3.4e+38 -3.4e+38 -3.4e+38 229.139633178711 246.640823364258 266.533203125 268.592346191406 -3.4e+38 309.141693115234 321.002349853516 330.818206787109 349.117248535156 375.3525390625 394.127075195312 420.766754150391 450.801849365234 466.016021728516 480.752532958984 495.978363037109 511.007385253906 533.046325683594 549.370788574219 557.640686035156 574.060668945312 581.071838378906 585.060241699219 583.050903320312 581.975646972656 575.902282714844 579.489562988281 583.880737304688 586.848693847656 594.534790039062 608.232788085938 619.499206542969 620.007263183594
