model/data/bioclim/bclim11.asc
NCOLS 300 
NROWS 300 
XLLCORNER -125.25 
YLLCORNER 30.75 
CELLSIZE 0.0416666666666667 
NODATA_value -3.4e+38 
[rows 66 to 87 of 300, columns 98 to 146 of 300]
-2.09600019454956 -1.94999992847443 -2.06599998474121 -2.06200003623962 -2.08133339881897 -2.01266670227051 -1.81133341789246 -1.75 -2.07999992370605 -2.06933331489563 -1.59266674518585 -1.15933334827423 -0.765333354473114 -0.583333313465118 -0.587999999523163 -0.322666645050049 0.0993332862854004 0.311333268880844 0.172000005841255 -0.308666706085205 -0.144666597247124 0.011333386413753 0.0720000267028809 0.0639998912811279 -0.00266663241200149 -0.00933321285992861 -0.148000001907349 -0.344666630029678 -0.290666669607162 0.0460001640021801 0.762666523456573 1.01533317565918 0.884666681289673 0.712666690349579 0.626666724681854 0.646666586399078 0.665333271026611 0.503333389759064 -0.11133337020874 0.212666675448418 0.810666620731354 0.752000153064728 0.692666590213776 0.697999954223633 0.52866667509079 -0.248666599392891 0.0580000095069408 0.353333324193954 0.394666582345963
-1.80400002002716 -1.89933347702026 -1.78533339500427 -1.74599993228912 -1.75266671180725 -1.64933335781097 -1.58866667747498 -1.45200002193451 -1.35800015926361 -1.11199998855591 -0.829999923706055 -0.150666639208794 0.427333265542984 0.472666651010513 0.265333265066147 0.444000095129013 0.573999881744385 0.597333192825317 0.260000139474869 -0.088666595518589 0.1746666431427 0.350666522979736 0.321999877691269 0.245333433151245 -0.0333333797752857 -0.296000003814697 -0.432666629552841 -0.316666692495346 -0.210666656494141 -0.21999979019165 0.459333330392838 1.04333329200745 0.949333250522614 0.755333364009857 0.752666711807251 0.773999989032745 0.65666675567627 0.209333419799805 -0.43666672706604 0.13133342564106 0.8253333568573 0.805999934673309 0.778666734695435 0.667999982833862 0.553333342075348 -0.225333288311958 -0.0853333473205566 0.445333242416382 0.425999969244003
-1.05866670608521 -1.01733338832855 -1.1433333158493 -1.20733332633972 -1.21533334255219 -1.12066662311554 -1.12466657161713 -1.12199997901917 -0.850000083446503 -0.787333309650421 -0.740000069141388 -0.178000047802925 0.471333414316177 0.522000014781952 0.594666540622711 0.677333354949951 0.575999975204468 0.5993332862854 0.691999912261963 0.807333290576935 1.00133335590363 0.99399995803833 0.873333275318146 0.517333328723907 -0.223333358764648 -0.817333281040192 -0.775999844074249 -0.337333202362061 -0.0866665840148926 -0.0979999676346779 0.3773333132267 0.962666749954224 1.04399991035461 0.862000048160553 0.968666791915894 0.872666656970978 0.446666717529297 -0.352666705846786 -0.719999969005585 0.181333303451538 0.893999934196472 0.855333268642426 0.920666694641113 0.811333239078522 0.701333284378052 -0.296000003814697 0.285333305597305 0.548666715621948 0.449333339929581
-0.679333388805389 -0.616666615009308 -0.707333266735077 -0.927333354949951 -0.945333302021027 -0.844000041484833 -0.83266669511795 -1.04866671562195 -0.920000016689301 -0.88999992609024 -0.836666643619537 -0.534000098705292 -0.157999992370605 0.0499999523162842 0.293333441019058 0.43599995970726 0.396000057458878 0.590666711330414 0.94133335351944 0.929333448410034 0.893999993801117 0.887999951839447 0.892000019550323 0.830000102519989 0.0846665725111961 -0.367333263158798 -0.21200005710125 0.222666665911674 0.311999946832657 0.183333232998848 0.828000068664551 0.976666510105133 1.19200003147125 1.06666684150696 1.14133334159851 0.974666655063629 0.841333329677582 0.461999982595444 0.30799999833107 0.670666694641113 0.926666676998138 0.854666650295258 0.902666628360748 1.1306666135788 1.08933341503143 0.431999921798706 0.673333346843719 0.561999976634979 0.440000057220459
-0.272000074386597 -0.427333265542984 -0.629333257675171 -0.884666621685028 -0.889999866485596 -0.826666653156281 -0.90200001001358 -1.37666666507721 -1.43866670131683 -1.27133333683014 -1.34733331203461 -1.6966667175293 -1.52333331108093 -0.782000005245209 0.022666534408927 0.41866660118103 0.706666648387909 0.953999996185303 0.864666700363159 0.762666523456573 0.888666689395905 0.910666704177856 0.808666527271271 0.713999927043915 0.734000027179718 0.909333407878876 0.956000030040741 0.905999958515167 0.655333340167999 0.450666755437851 0.880666732788086 0.86599999666214 1.15066683292389 1.0993332862854 1.06733334064484 0.971333205699921 1.20333325862885 1.21800017356873 1.05200016498566 0.775333225727081 0.746666729450226 0.694666624069214 0.846666753292084 1.54733324050903 1.4853333234787 1.20266675949097 0.85400003194809 0.610666573047638 0.553999960422516
0.602666676044464 0.548000037670135 -0.355333417654037 -0.816000044345856 -0.774666666984558 -0.81933319568634 -0.939999878406525 -0.996666610240936 -1.34666669368744 -0.81933331489563 -0.793333351612091 -1.3600001335144 -1.66466665267944 -1.52266657352448 -1.19266664981842 -0.454666614532471 0.358666747808456 0.886000096797943 0.97866678237915 1.00999999046326 0.994000017642975 0.857333362102509 0.781333386898041 0.634666621685028 0.818666696548462 1.1706668138504 1.40133333206177 1.46066665649414 1.28533327579498 1.04999995231628 0.812000036239624 0.894666731357574 1.08466672897339 1.04866659641266 0.952666699886322 0.979333221912384 1.42266666889191 1.7539998292923 1.81133329868317 1 0.160666704177856 0.264000028371811 0.813999950885773 1.52933323383331 1.32533323764801 1.20133340358734 0.789999902248383 0.51066666841507 0.409333318471909
1.33000004291534 1.47333335876465 0.380666643381119 -0.68533331155777 -1.04800009727478 -0.918666660785675 -0.820666611194611 -0.581999957561493 -0.504666566848755 -0.100666679441929 -0.339999914169312 -0.750666677951813 -0.884666681289673 -1.00800001621246 -1.21066665649414 -1.20466661453247 -0.606666505336761 0.462000042200089 1.05399990081787 1.19200003147125 0.954666554927826 0.718666553497314 0.646666586399078 0.548000037670135 0.682666718959808 0.857333242893219 1.0239999294281 1.1746666431427 1.2113333940506 1.3160001039505 1.2646666765213 1.14600002765656 1.22800004482269 1.0440000295639 0.93533331155777 1.28200006484985 1.64866650104523 2.01533317565918 2.17066669464111 1.40666663646698 0.0486667156219482 0.00733335828408599 0.966666519641876 1.57133328914642 1.40866672992706 1.16466653347015 0.662000179290771 0.22466666996479 0.0746667385101318
0.625999927520752 0.994000017642975 0.579333364963531 0.434000015258789 0.66400009393692 0.449999958276749 -0.191999986767769 0.31533345580101 0.585333347320557 0.512000024318695 -0.82666677236557 -1.0900000333786 -0.77266663312912 -0.57399994134903 -0.84799998998642 -1.13333344459534 -1.28400003910065 -0.730666816234589 0.473333358764648 0.946000039577484 0.862000048160553 0.716666638851166 0.718666613101959 0.713333189487457 0.712666571140289 0.785999953746796 0.931333243846893 0.991999924182892 0.946000039577484 1.05866658687592 1.2940000295639 1.40599977970123 1.28999996185303 1.37666666507721 1.6066666841507 2.00666666030884 2.49266672134399 2.87266683578491 2.99000000953674 1.99333333969116 0.0539999790489674 -0.204000070691109 1.3253333568573 1.79999995231628 1.68333339691162 1.0773332118988 0.229333475232124 -0.186000034213066 -0.227999925613403
0.592666685581207 0.665333449840546 0.176666736602783 0.259333282709122 0.943333446979523 1.61466670036316 1.67866659164429 1.24333322048187 1.68333339691162 0.692666709423065 -0.934000015258789 -0.930666625499725 -0.503999888896942 -0.673999965190887 -0.932666599750519 -1.10533332824707 -1.29733324050903 -1.33466672897339 -0.943333327770233 -0.227999925613403 0.151333332061768 0.584000051021576 0.874666631221771 0.996666610240936 0.972000002861023 0.938666641712189 1.00399994850159 1.03733336925507 0.978666722774506 0.955999910831451 0.997333467006683 1.09866666793823 1.00800013542175 1.14333343505859 1.810666680336 2.41266679763794 3.22666668891907 3.65266680717468 3.72199988365173 2.57333326339722 0.461333423852921 0.217333316802979 1.53333330154419 1.99866676330566 1.63866662979126 0.884000062942505 0.0839999541640282 -0.0326666049659252 -0.193333312869072
1.33933341503143 1.26266670227051 0.492666572332382 0.237999990582466 0.57666677236557 0.968000113964081 2.08800005912781 2.1453332901001 1.84200000762939 0.898666679859161 0.00866667460650206 -0.408000081777573 -0.0226666927337646 -0.921333491802216 -1.09133338928223 -1.23933339118958 -1.36533343791962 -1.45866668224335 -1.28200006484985 -1.14866673946381 -1.17733335494995 -0.925333440303802 0.0339999198913574 0.797333300113678 1.05533337593079 1.00266659259796 0.859333336353302 1.02400016784668 1.0313333272934 0.981333434581757 0.888000071048737 0.828000009059906 0.568666756153107 0.40733328461647 1.40600001811981 2.64866662025452 3.60733318328857 3.94066667556763 3.95133328437805 2.90333342552185 0.768000066280365 0.252000004053116 1.54933345317841 2.12533330917358 1.67066669464111 0.835999965667725 0.26133331656456 0.146000072360039 -0.0233333110809326
1.35066664218903 0.758666574954987 1.00999999046326 1.23800015449524 1.63666665554047 1.15333330631256 0.63999992609024 1.15199995040894 1.35333335399628 1.30666673183441 1.38466680049896 1.35133326053619 0.54066675901413 -0.576666593551636 -1.0200001001358 -1.2906665802002 -1.35933327674866 -1.48466670513153 -1.50000011920929 -1.47933328151703 -1.47466659545898 -1.40866661071777 -1.29133343696594 -0.295333296060562 0.939333140850067 1.0993332862854 0.428666591644287 0.0193333625793457 0.386666625738144 0.502666711807251 0.216000005602837 -0.273999929428101 -0.722666561603546 -0.822666704654694 0.339333385229111 2.22000002861023 3.51600003242493 3.96466660499573 4.00133323669434 3.26999998092651 1.82666659355164 0.958000123500824 1.87533318996429 2.07200002670288 1.73733341693878 1.05000007152557 0.206000089645386 0.213333442807198 0.150000020861626
1.56599998474121 2.04466676712036 2.25733327865601 2.13933324813843 2.49200010299683 1.77800011634827 0.560666739940643 0.521333277225494 0.131333351135254 0.562666654586792 0.72133332490921 0.0213333759456873 -0.474666595458984 -0.842666625976562 -0.95799994468689 -1.15466666221619 -1.14866673946381 -1.25066673755646 -1.47533333301544 -1.63866662979126 -1.78933334350586 -1.70000004768372 -1.37733328342438 -1.06666672229767 -0.165333434939384 0.861333310604095 0.858000040054321 -0.012000004760921 -0.161999940872192 0.38266658782959 0.138666704297066 -0.483999967575073 -0.981333255767822 -1.29733324050903 -1.19999992847443 0.274666637182236 2.1233332157135 3.38133335113525 3.90466666221619 3.40733337402344 2.2260000705719 1.53266668319702 2.01533317565918 2.00800013542175 1.83533334732056 1.41866660118103 0.747333347797394 0.436000108718872 0.310666799545288
0.179333209991455 0.851999878883362 1.46133327484131 1.72133326530457 2.07266664505005 2.48666644096375 2.16466665267944 1.47599995136261 0.415333271026611 -0.607333362102509 -0.5 -1.00866663455963 -1.74933326244354 -1.62866675853729 -0.970666646957397 -1.08399999141693 -1.21666657924652 -1.39400005340576 -1.30733335018158 -1.12600004673004 -1.53533339500427 -1.8033332824707 -1.29666662216187 -1.28600001335144 -1.20933330059052 -0.0266666412353516 1.05066668987274 1.14933323860168 0.930000007152557 0.856666624546051 0.595999956130981 0.096666656434536 -0.0773332938551903 -0.382000058889389 -1.23933339118958 -0.808000028133392 0.833333432674408 2.4779999256134 3.4486665725708 3.39466667175293 2.52999997138977 2.0973334312439 2.11866664886475 2.05533313751221 1.93866670131683 1.73466670513153 1.24600005149841 0.769999980926514 0.707333505153656
-0.369333267211914 0.969999969005585 1.91933333873749 1.84000015258789 1.71800005435944 2.22200012207031 2.50066661834717 2.18400001525879 1.58333337306976 0.975333392620087 0.0839999541640282 -0.539999961853027 -0.804000079631805 -0.935333490371704 -1.09133338928223 -1.13399994373322 -1.34733331203461 -1.32333326339722 -1.23400008678436 -1.22133326530457 -1.38333332538605 -1.8126665353775 -1.22466671466827 -1.19800007343292 -1.56866669654846 -0.992000102996826 0.146666765213013 0.7546666264534 0.519999980926514 0.579333364963531 0.479333311319351 -0.152666732668877 -0.0553334541618824 0.450000047683716 0.497999906539917 0.412666648626328 1.15466678142548 1.9613333940506 2.69199991226196 3.28533339500427 3.43133330345154 2.94333338737488 2.38533329963684 2.11733341217041 1.92000007629395 1.58200001716614 1.09666669368744 0.941999912261963 0.982000112533569
0.42999991774559 0.933333337306976 1.08333337306976 1.27266669273376 0.790666580200195 0.706000030040741 1.22399997711182 1.72666668891907 1.62800002098083 1.72866666316986 1.42799997329712 0.434000015258789 -0.429999977350235 -0.803333282470703 -0.893999874591827 -0.846666812896729 -0.88400000333786 -1.03466665744781 -0.91733330488205 -0.938000023365021 -1.34866666793823 -1.12266671657562 -0.891999959945679 -0.84799998998642 -0.982666671276093 -0.850666701793671 0.132666662335396 0.749333322048187 0.480666637420654 0.554666697978973 0.410666614770889 0.315999984741211 -0.045333307236433 0.0999999046325684 1.12000012397766 1.28466665744781 1.49666666984558 1.75133335590363 1.67933332920074 2.41666674613953 3.25333309173584 2.95000004768372 2.21733331680298 2.0773332118988 1.89666652679443 1.62733340263367 1.26066660881042 1.10733330249786 0.977333247661591
0.851999998092651 1.37066674232483 1.20533335208893 1.11533343791962 1.64800000190735 1.50733327865601 1.60199999809265 1.74466669559479 1.20200002193451 1.25866651535034 1.57066655158997 1.39200007915497 0.107999958097935 -0.658666789531708 -0.586000025272369 -0.452666610479355 -0.104000009596348 -0.157999992370605 -0.283333301544189 -0.147333309054375 -0.451333373785019 -0.476666778326035 -0.0986666679382324 -0.183333322405815 -0.062666654586792 0.00133331620600075 0.573333323001862 0.230000093579292 -0.451333284378052 0.171333476901054 -0.0820000171661377 0.183333396911621 0.288000017404556 0.411333322525024 1.23333334922791 1.33266663551331 1.38666665554047 1.15266680717468 0.551999986171722 0.753999948501587 1.51933324337006 1.97466671466827 1.86933326721191 1.99199998378754 1.89666676521301 1.61933326721191 1.27400004863739 0.998000085353851 0.746666729450226
1.90533328056335 2.2553334236145 2.84599995613098 2.78866672515869 2.04400014877319 1.07200002670288 0.455333322286606 0.621333301067352 0.998666763305664 0.0319999866187572 0.616666734218597 1.18466651439667 1.08666658401489 0.196666717529297 0.519333302974701 0.531333386898041 0.308000087738037 0.0573333911597729 -0.0533333607017994 -0.0346666164696217 -0.0226666126400232 0.0179998874664307 0.11333354562521 0.11733341217041 0.0753334388136864 0.13066665828228 0.452000051736832 0.0133333997800946 -1.02066659927368 -0.515333354473114 -0.200000047683716 0.0213333759456873 0.193333312869072 0.284000009298325 0.986000001430511 1.2093334197998 1.2979998588562 1.21666669845581 0.814000070095062 -0.347333341836929 -0.894000053405762 0.493333339691162 1.56599998474121 1.80933320522308 1.72466659545898 1.69133329391479 1.53466665744781 0.636666715145111 0.529333353042603
3.40333342552185 2.25 1.46399998664856 1.43400001525879 1.29866671562195 0.950666666030884 0.393333345651627 -0.0893334522843361 0.379999965429306 0.0126667022705078 -0.579333364963531 0.534000098705292 1.39866662025452 1.44533336162567 1.14399993419647 0.668000042438507 0.0639998912811279 -0.463333368301392 -0.0853332653641701 -0.114000000059605 -0.116666711866856 -0.0746666565537453 0.021999916061759 -0.0646666660904884 -0.121333278715611 -0.0199999809265137 0.542666852474213 0.0546665973961353 -0.907333195209503 -0.544000089168549 -0.120666585862637 -0.0806666240096092 0.321999877691269 0.385333210229874 0.97733348608017 1.09733331203461 1.08666670322418 1.17866671085358 1.05466663837433 -0.148666694760323 -1.44000005722046 -0.290666669607162 1.11133337020874 1.56666672229767 1.47333335876465 1.34466660022736 1.41066670417786 0.824000060558319 0.821999967098236
2.79200005531311 2.04399991035461 1.6139999628067 1.33933329582214 1.3199999332428 1.14999997615814 1.32000005245209 0.24200002849102 0.391333252191544 -0.452666670084 -0.839333355426788 -0.610666751861572 0.0820000991225243 0.906000077724457 1.35533332824707 0.735333263874054 0.283333301544189 0.132000043988228 -0.0119999246671796 -0.0286667346954346 -0.0433334521949291 -0.0679998397827148 -0.0493333339691162 -0.276000022888184 -0.804666697978973 -0.249333381652832 0.394000053405762 0.269333362579346 -0.225333452224731 0.209333255887032 0.352666765451431 0.348666667938232 0.23066671192646 0.513333261013031 0.686000049114227 0.964666604995728 0.670000016689301 0.726666629314423 0.858666658401489 0.0986666679382324 -0.946000039577484 -0.313333362340927 1.05599987506866 1.60933327674866 1.74533343315125 1.49199998378754 1.25066661834717 0.869999885559082 0.967999994754791
3.05200004577637 2.72800016403198 2.53200006484985 2.10533332824707 1.97000002861023 2.17933344841003 1.88733327388763 1.47800004482269 1.03533339500427 0.504000008106232 -0.268000036478043 -1.21600008010864 -1.33400011062622 -1.37800002098083 -0.773999929428101 0.155333280563354 0.216666698455811 0.1506667137146 -0.101999998092651 -0.135999992489815 -0.125333145260811 -0.0753332003951073 0.0666667595505714 -0.264000028371811 -0.920000076293945 -0.717333316802979 -0.105333410203457 0.444000005722046 0.561999976634979 0.386666536331177 0.575999975204468 0.565333425998688 0.581999838352203 0.603999853134155 0.934000015258789 1.14999997615814 0.870666682720184 0.459333330392838 0.620666682720184 -0.119999967515469 -1.14800000190735 -0.606666624546051 1.06733334064484 1.78200006484985 1.78533315658569 1.76133334636688 1.46599996089935 1.21399998664856 1.76800000667572
3.78866672515869 3.63533329963684 3.36533331871033 3.12533330917358 2.77800011634827 2.80800008773804 2.5479998588562 1.92933332920074 2.33200001716614 2.58799982070923 1.49066662788391 -0.678000032901764 -1.19866669178009 -0.984666585922241 -1.04533326625824 -1.16133344173431 -0.849999964237213 0.103333316743374 -0.011333386413753 -0.212666675448418 -0.436000019311905 -0.619333446025848 -0.243333503603935 -0.556666791439056 -1.38866674900055 -1.37266671657562 -0.733333349227905 0.00266655278392136 0.216666698455811 0.162000104784966 0.520666778087616 0.577333390712738 0.441333293914795 0.608666658401489 1.25600004196167 1.37466657161713 1.13333332538605 0.546000003814697 0.0873334407806396 -0.525333344936371 -0.973999977111816 0.285333245992661 1.45600008964539 1.81466674804688 1.77133333683014 1.84533321857452 1.91066670417786 2.01666665077209 2.05200004577637
4.37200021743774 4.2073335647583 3.93199992179871 3.67266654968262 3.45866656303406 3.12800002098083 2.94933319091797 2.96266674995422 3.69533348083496 3.83133339881897 2.33333349227905 0.0366666316986084 -1.00133335590363 0.203999996185303 -1.00266659259796 -1.60000002384186 -1.60199999809265 -0.588000059127808 0.0186667442321777 0.00733319902792573 -0.556666612625122 -1.05400002002716 -1.20000016689301 -1.36000001430511 -1.6139999628067 -2.17933320999146 -1.40666675567627 -0.802666842937469 -1.09333348274231 -1.35533344745636 -0.405999898910522 0.261999994516373 0.623999893665314 1.16466677188873 1.52066659927368 1.47666668891907 1.25399994850159 1.04199993610382 0.941333293914795 0.953999996185303 1.16933345794678 1.65533339977264 1.82066679000854 1.98333334922791 1.84733331203461 1.8659999370575 1.89666664600372 1.88800013065338 1.74933338165283
