model/data/bioclim/bclim13.asc
NCOLS 300 
NROWS 300 
XLLCORNER -125.250000000003 
YLLCORNER 30.7499999999996 
CELLSIZE 0.041666666666667 
NODATA_value -32768 
[rows 246 to 286 of 300, columns 184 to 275 of 300]
-32768 -32768 -32768 -32768 -32768 -32768 -32768 58 59 60 65 70 68 69 82 85 77 76 85 77 74 95 107 131 132 119 86 61 57 50 47 45 41 35 31 31 31 32 29 21 20 20 18 16 15 13 12 11 10 9 9 9 9 9 9 10 10 10 11 11 12 12 13 14 14 15 16 16 16 16 16 15 16 15 14 14 16 17 18 19 20 21 23 24 25 26 22 21 20 19 19 20
-32768 -32768 -32768 -32768 -32768 -32768 -32768 60 60 61 62 65 66 67 72 73 74 81 93 73 85 91 106 132 126 124 109 77 58 55 52 43 39 37 34 32 31 31 27 23 22 20 20 18 15 14 12 11 10 10 9 9 9 9 9 9 10 10 10 11 12 12 12 13 14 14 15 16 16 17 17 17 16 15 14 15 16 17 17 18 19 20 21 22 22 22 21 20 19 19 19 19
-32768 -32768 -32768 -32768 -32768 -32768 -32768 62 61 61 62 64 67 67 68 65 74 73 82 77 82 89 103 114 122 121 119 110 76 69 56 49 40 37 35 33 31 30 27 26 24 22 20 18 16 14 12 11 10 10 9 8 9 9 9 9 10 10 10 11 11 12 12 12 13 14 17 18 16 15 16 17 17 15 14 15 16 16 17 17 18 19 20 20 20 21 21 19 19 18 18 19
-32768 -32768 -32768 -32768 -32768 -32768 -32768 60 61 61 61 61 64 60 61 62 64 73 74 83 100 93 109 109 112 107 116 117 109 75 63 53 42 38 37 35 33 33 30 28 26 24 22 19 17 15 13 12 11 10 9 9 9 9 9 9 10 10 10 10 10 11 12 12 12 13 14 17 16 15 14 15 14 15 13 14 15 15 16 17 17 18 18 19 19 19 18 18 18 18 18 18
-32768 -32768 -32768 -32768 -32768 -32768 -32768 60 59 60 60 59 60 64 61 62 68 72 73 80 82 92 100 105 107 106 112 111 105 93 72 56 46 44 42 40 38 37 34 31 29 26 24 21 19 16 14 12 11 10 9 9 9 9 9 9 10 10 10 10 10 10 11 11 12 12 13 14 14 14 14 13 13 13 14 15 15 15 16 19 20 18 19 18 17 17 17 17 17 17 18 18
-32768 -32768 -32768 -32768 -32768 -32768 -32768 -32768 57 59 59 58 59 61 62 60 61 65 73 79 87 89 87 104 109 104 96 97 88 86 71 60 51 49 46 41 39 37 35 33 32 30 27 24 21 18 16 14 12 10 10 10 9 9 9 9 9 10 10 10 10 10 11 11 11 12 12 13 13 13 12 12 13 13 14 15 15 14 16 18 19 19 17 17 16 16 16 16 17 17 17 19
-32768 -32768 -32768 -32768 -32768 -32768 -32768 57 57 57 58 56 56 56 58 57 61 69 79 87 95 83 85 98 101 92 85 83 80 80 67 61 55 51 48 44 42 40 38 37 36 34 31 29 25 22 19 16 13 11 10 10 10 10 9 9 9 10 10 10 10 10 11 11 11 11 12 12 12 12 12 13 13 13 13 14 17 16 14 15 17 16 16 15 15 16 16 16 17 17 18 19
-32768 -32768 -32768 -32768 -32768 -32768 -32768 55 55 55 54 52 52 51 54 65 62 59 64 83 89 79 80 84 89 86 84 81 77 73 66 60 55 53 47 47 45 42 41 41 40 38 37 34 31 26 23 19 16 13 11 11 10 10 10 10 9 9 10 10 10 10 11 11 11 11 11 11 11 12 12 13 13 13 14 14 15 18 15 14 15 15 15 15 16 16 17 17 17 17 18 19
-32768 -32768 -32768 -32768 -32768 -32768 -32768 -32768 -32768 -32768 49 49 48 50 52 52 57 58 59 67 87 71 82 82 83 85 76 75 75 71 65 61 57 56 47 43 43 44 43 43 44 44 43 42 37 32 27 23 19 15 13 11 11 10 10 10 9 9 9 10 10 10 10 11 11 11 11 11 11 12 13 14 14 14 14 15 15 17 19 15 15 15 15 16 16 17 18 18 18 18 18 19
-32768 -32768 -32768 -32768 -32768 -32768 -32768 -32768 -32768 -32768 46 45 45 46 48 47 58 85 81 63 62 67 77 78 81 79 74 77 77 72 66 61 60 57 52 36 34 44 45 46 47 48 49 48 41 39 31 26 22 18 15 13 12 10 10 9 9 9 9 9 10 10 10 11 11 11 11 11 12 12 13 14 14 14 15 15 16 18 23 17 16 16 16 16 17 18 18 18 18 18 19 19
-32768 -32768 -32768 -32768 -32768 -32768 -32768 -32768 -32768 -32768 43 42 42 46 47 46 50 63 57 47 57 77 72 74 74 73 74 77 78 75 69 61 57 57 48 35 32 36 45 46 47 50 53 52 50 44 36 29 25 21 19 15 13 11 10 9 9 9 9 9 10 10 10 11 11 11 11 12 12 12 13 13 14 14 15 15 16 18 23 21 19 17 17 17 18 19 19 19 19 19 19 19
-32768 -32768 -32768 -32768 -32768 -32768 -32768 -32768 -32768 -32768 -32768 46 47 43 43 42 43 46 59 47 54 64 70 77 79 81 82 80 78 77 72 62 52 47 40 41 34 36 37 37 41 51 55 53 48 42 37 32 28 24 21 16 14 12 11 10 9 9 9 9 9 10 10 11 11 11 11 12 12 13 13 14 14 14 15 15 16 16 19 25 27 20 18 18 18 22 23 20 20 20 20 20
-32768 -32768 -32768 -32768 -32768 -32768 -32768 -32768 -32768 -32768 -32768 48 50 50 47 42 44 43 43 47 47 52 69 78 80 74 78 79 78 77 72 61 53 53 48 48 37 34 38 39 36 46 53 51 46 42 38 32 27 24 21 17 14 12 11 10 9 9 9 9 9 10 10 12 12 12 12 12 12 13 13 13 14 14 14 15 15 16 17 20 22 23 19 19 19 21 26 21 20 20 20 20
-32768 -32768 -32768 -32768 -32768 -32768 49 -32768 -32768 -32768 -32768 46 48 50 52 44 42 44 55 61 65 56 61 69 71 72 74 78 78 76 72 61 56 53 51 55 53 48 51 50 43 40 50 47 43 40 36 32 26 23 22 18 15 13 11 10 9 9 9 9 9 10 13 16 17 16 15 14 13 13 13 13 13 14 15 15 15 16 17 19 20 21 21 19 19 20 21 21 21 21 21 21
-32768 -32768 -32768 -32768 -32768 -32768 -32768 -32768 48 -32768 -32768 44 45 47 50 50 54 57 54 51 48 46 47 58 67 69 73 78 76 74 71 64 60 62 66 63 61 59 55 56 48 38 47 44 42 39 35 31 28 24 25 19 16 13 11 10 9 8 9 9 9 12 16 21 24 23 20 18 16 14 13 13 13 14 14 15 15 16 17 18 19 19 22 22 20 20 21 23 25 23 24 22
-32768 -32768 -32768 -32768 -32768 -32768 -32768 -32768 -32768 -32768 -32768 -32768 44 45 46 52 59 64 55 61 62 62 57 56 70 72 71 71 73 73 68 62 58 62 67 66 65 63 60 58 52 37 45 43 40 37 34 30 26 24 22 25 19 14 11 10 9 8 8 9 10 13 18 25 30 29 24 20 18 16 14 13 13 13 14 14 15 15 16 17 18 18 20 24 22 21 21 22 24 27 27 24
-32768 -32768 -32768 -32768 -32768 -32768 -32768 -32768 -32768 -32768 -32768 -32768 45 46 48 50 59 63 63 75 80 93 81 67 67 69 73 74 71 70 67 62 58 59 63 69 68 66 63 60 53 38 44 42 39 36 33 29 26 23 21 19 20 16 11 10 9 9 9 9 10 12 17 24 30 29 25 21 18 16 15 13 12 13 13 14 15 15 16 16 17 18 19 20 24 22 21 22 24 26 28 25
-32768 -32768 -32768 -32768 -32768 -32768 -32768 -32768 -32768 -32768 -32768 -32768 -32768 46 46 51 50 55 62 67 72 80 77 77 71 69 70 71 73 70 67 71 65 63 68 69 71 68 66 61 41 39 43 41 38 35 32 28 25 22 20 18 18 14 11 10 9 9 9 9 10 12 15 20 24 25 23 20 18 16 15 13 12 13 13 13 14 15 15 16 17 17 18 19 23 23 21 22 23 26 26 26
-32768 -32768 -32768 -32768 -32768 -32768 -32768 -32768 -32768 -32768 -32768 -32768 -32768 -32768 -32768 45 46 50 55 65 65 67 76 76 71 68 71 72 72 69 67 74 68 64 68 69 71 74 69 67 58 37 38 40 37 34 31 28 24 21 19 20 17 13 11 10 9 9 9 9 10 11 13 17 19 20 19 18 17 15 14 13 12 13 13 13 13 15 15 16 16 17 17 18 20 21 22 23 23 24 25 25
-32768 -32768 -32768 -32768 -32768 -32768 -32768 -32768 -32768 -32768 -32768 -32768 -32768 -32768 -32768 -32768 49 53 55 63 58 64 72 68 71 72 71 73 73 70 66 71 67 69 63 71 72 74 74 73 71 54 35 38 37 33 30 27 24 21 18 18 17 13 11 10 10 9 9 9 10 10 11 13 15 16 16 16 15 14 13 13 12 12 13 13 14 14 15 16 16 16 16 17 18 19 22 23 22 23 24 25
-32768 -32768 -32768 -32768 -32768 -32768 -32768 -32768 -32768 -32768 -32768 -32768 -32768 -32768 -32768 -32768 52 57 54 53 58 62 60 63 70 67 69 70 70 69 65 62 61 63 63 70 72 75 77 75 72 61 37 36 35 33 30 26 23 20 17 16 14 13 12 11 10 10 9 10 10 10 10 10 11 12 13 13 13 13 12 12 12 12 13 13 14 14 14 15 16 16 16 16 17 18 19 23 24 21 22 24
-32768 -32768 -32768 -32768 -32768 -32768 -32768 -32768 -32768 -32768 -32768 -32768 -32768 -32768 -32768 -32768 50 52 52 52 56 67 64 60 60 63 66 67 66 69 65 60 58 56 61 63 62 67 75 72 69 63 49 33 34 32 29 26 23 20 17 16 14 13 19 11 11 10 10 10 10 10 10 10 10 11 11 11 12 12 12 12 12 12 12 13 13 14 14 14 15 16 15 16 16 17 17 18 22 20 21 23
-32768 -32768 -32768 -32768 -32768 -32768 -32768 -32768 -32768 -32768 -32768 -32768 -32768 -32768 -32768 -32768 50 54 55 56 59 65 60 61 69 75 74 72 68 69 65 61 57 54 53 59 56 64 72 75 67 66 57 31 32 31 29 26 23 19 18 16 14 14 20 13 11 10 10 10 10 10 10 10 11 11 11 11 11 12 12 12 12 12 12 13 13 13 14 14 14 15 15 15 16 16 17 17 18 19 19 20
-32768 -32768 -32768 -32768 -32768 -32768 -32768 -32768 -32768 -32768 -32768 -32768 -32768 -32768 -32768 -32768 52 55 58 59 60 59 61 63 67 70 74 73 71 68 67 64 59 54 51 50 50 60 67 70 70 64 53 33 31 30 28 25 22 20 18 16 15 14 15 14 11 11 10 10 10 10 10 10 11 11 11 11 11 11 12 12 12 12 12 12 13 13 13 14 14 14 15 15 15 16 17 17 18 18 18 19
-32768 -32768 -32768 -32768 -32768 -32768 -32768 -32768 -32768 -32768 -32768 -32768 -32768 -32768 -32768 -32768 -32768 55 58 59 60 58 60 63 64 71 72 72 70 67 64 63 61 56 52 49 51 62 68 73 73 63 53 33 31 29 27 24 22 20 18 17 15 14 13 12 11 11 10 10 10 11 11 11 11 11 11 11 11 11 12 12 12 12 12 12 13 13 13 13 14 14 15 15 15 15 16 17 17 17 18 18
-32768 -32768 -32768 -32768 -32768 -32768 -32768 -32768 -32768 -32768 -32768 -32768 -32768 -32768 -32768 -32768 -32768 -32768 -32768 56 58 57 59 61 66 62 61 65 67 67 62 60 60 57 51 50 55 64 69 75 75 65 53 33 31 29 27 24 22 21 19 17 15 14 13 12 12 11 11 11 11 11 11 11 11 11 11 11 11 11 12 12 12 12 12 12 12 13 13 13 13 13 14 14 14 15 15 16 17 17 17 17
-32768 -32768 -32768 -32768 -32768 -32768 -32768 -32768 -32768 -32768 -32768 -32768 -32768 -32768 -32768 -32768 -32768 -32768 -32768 -32768 58 59 59 58 58 60 61 63 64 63 60 56 57 55 51 49 52 59 65 69 74 67 58 39 30 29 27 24 22 21 19 17 16 14 13 13 12 11 11 11 11 11 11 11 11 11 11 11 11 11 12 12 12 12 12 12 12 13 13 13 13 13 13 14 14 14 15 15 16 16 17 17
-32768 -32768 -32768 -32768 -32768 -32768 -32768 -32768 -32768 -32768 -32768 -32768 -32768 -32768 -32768 -32768 -32768 -32768 -32768 -32768 -32768 62 61 61 61 60 60 65 60 58 59 54 53 52 50 47 47 54 66 74 72 65 60 50 32 29 27 25 23 22 20 18 16 15 14 13 12 11 11 11 11 11 11 11 11 11 11 11 11 11 11 12 13 13 12 12 12 12 13 13 13 13 13 13 14 14 14 14 15 16 16 16
-32768 -32768 -32768 -32768 -32768 -32768 -32768 -32768 -32768 -32768 -32768 -32768 -32768 -32768 -32768 -32768 -32768 -32768 66 68 -32768 -32768 -32768 66 63 63 62 61 60 61 55 52 53 51 49 47 45 50 65 72 72 65 61 61 54 35 27 25 23 21 21 19 16 15 14 13 12 13 13 11 11 12 12 12 12 12 11 11 11 11 11 11 13 13 13 13 12 12 12 13 13 13 13 13 13 13 13 14 14 15 15 15
-32768 -32768 -32768 -32768 -32768 -32768 -32768 -32768 -32768 -32768 -32768 -32768 -32768 -32768 -32768 -32768 -32768 -32768 -32768 -32768 -32768 -32768 71 70 69 65 60 59 59 61 64 53 52 50 49 46 47 47 50 56 66 61 59 62 56 50 31 25 23 22 24 22 17 15 14 13 12 14 15 14 12 12 12 12 12 12 12 12 11 11 11 11 12 13 14 13 13 12 12 12 13 13 13 13 13 13 13 13 13 14 15 15
-32768 -32768 -32768 -32768 -32768 -32768 -32768 -32768 -32768 -32768 -32768 -32768 -32768 -32768 -32768 -32768 -32768 -32768 -32768 -32768 72 72 73 72 71 63 60 58 56 58 60 55 52 50 48 46 44 44 43 42 50 51 49 58 54 33 38 26 23 22 25 24 18 16 14 14 13 13 14 14 12 12 12 12 12 12 12 12 12 11 11 11 11 12 12 14 13 12 12 12 13 13 13 13 13 13 13 13 13 14 14 14
-32768 -32768 -32768 -32768 -32768 -32768 -32768 -32768 -32768 -32768 -32768 -32768 -32768 -32768 -32768 -32768 -32768 -32768 -32768 -32768 -32768 72 69 71 70 66 60 58 56 55 55 55 52 50 47 47 46 46 42 41 39 41 41 45 58 37 28 26 27 23 25 27 21 17 15 14 14 15 16 15 13 12 13 13 12 12 12 12 12 12 11 -32768 -32768 11 11 13 14 13 12 12 12 13 13 13 13 13 12 13 13 13 14 14
-32768 -32768 -32768 -32768 -32768 -32768 -32768 -32768 -32768 -32768 -32768 -32768 -32768 -32768 -32768 -32768 -32768 -32768 -32768 -32768 -32768 -32768 70 68 66 63 59 56 55 53 52 52 53 52 52 49 51 46 43 43 40 37 35 39 46 42 33 31 29 26 25 27 24 20 17 16 16 18 20 17 13 13 13 13 13 13 13 12 -32768 -32768 12 -32768 -32768 -32768 -32768 12 13 13 13 12 12 13 13 13 13 12 12 12 13 13 13 13
-32768 -32768 -32768 -32768 -32768 -32768 -32768 -32768 -32768 -32768 -32768 -32768 -32768 -32768 -32768 -32768 -32768 -32768 -32768 -32768 -32768 -32768 69 67 64 65 61 56 56 56 54 57 59 52 54 52 47 45 44 45 43 40 37 35 37 46 40 43 35 29 26 24 22 20 18 18 18 21 23 19 13 13 13 13 13 13 13 13 -32768 -32768 -32768 -32768 -32768 -32768 -32768 -32768 -32768 12 12 12 12 12 13 13 13 12 12 12 13 13 13 13
-32768 -32768 -32768 -32768 -32768 -32768 -32768 -32768 -32768 -32768 -32768 -32768 -32768 -32768 -32768 -32768 -32768 -32768 -32768 -32768 -32768 72 69 68 65 62 58 54 52 53 55 54 51 50 58 55 61 48 46 46 44 41 39 37 36 36 38 60 55 36 29 24 24 22 21 21 20 22 19 15 14 14 14 14 14 13 13 -32768 -32768 -32768 -32768 -32768 -32768 -32768 -32768 -32768 -32768 -32768 12 12 12 12 13 12 12 12 12 -32768 -32768 -32768 13 13
-32768 -32768 -32768 -32768 -32768 -32768 -32768 -32768 -32768 -32768 -32768 -32768 -32768 -32768 -32768 -32768 -32768 -32768 -32768 -32768 -32768 -32768 70 66 62 61 59 56 54 53 53 53 57 58 61 64 58 51 47 47 43 43 41 39 37 37 37 54 73 44 32 28 28 26 24 24 22 19 17 15 14 14 14 14 14 14 -32768 -32768 -32768 -32768 -32768 -32768 -32768 -32768 -32768 -32768 -32768 -32768 -32768 -32768 12 12 12 12 12 12 12 -32768 -32768 -32768 -32768 -32768
-32768 -32768 -32768 -32768 -32768 -32768 -32768 -32768 -32768 -32768 -32768 -32768 -32768 -32768 -32768 -32768 -32768 -32768 -32768 -32768 -32768 -32768 -32768 67 64 60 58 57 55 55 53 52 52 51 50 54 49 47 49 47 45 45 44 42 39 40 36 49 66 43 35 31 29 27 25 24 24 20 17 16 16 14 14 14 14 14 -32768 -32768 -32768 -32768 -32768 -32768 -32768 -32768 -32768 -32768 -32768 -32768 -32768 -32768 -32768 -32768 12 12 12 12 -32768 -32768 -32768 -32768 -32768 -32768
-32768 -32768 -32768 -32768 -32768 -32768 -32768 -32768 -32768 -32768 -32768 -32768 -32768 -32768 -32768 -32768 -32768 -32768 -32768 -32768 -32768 -32768 -32768 -32768 64 61 57 57 56 55 54 53 52 52 51 50 48 47 47 45 48 47 46 44 41 37 40 45 44 40 33 33 29 26 24 23 22 20 18 17 17 15 15 15 15 14 -32768 -32768 -32768 -32768 -32768 -32768 -32768 -32768 -32768 -32768 -32768 -32768 -32768 -32768 -32768 -32768 -32768 -32768 -32768 -32768 -32768 -32768 -32768 -32768 -32768 -32768
-32768 -32768 -32768 -32768 -32768 -32768 -32768 -32768 -32768 -32768 -32768 -32768 -32768 -32768 -32768 -32768 -32768 -32768 -32768 -32768 -32768 -32768 -32768 -32768 -32768 60 57 58 56 55 54 54 53 53 52 51 49 47 47 49 47 45 42 38 36 37 39 38 47 40 35 36 30 26 28 27 22 20 19 18 17 16 15 15 15 15 -32768 -32768 -32768 -32768 -32768 -32768 -32768 -32768 -32768 -32768 -32768 -32768 -32768 -32768 -32768 -32768 -32768 -32768 -32768 -32768 -32768 -32768 -32768 -32768 -32768 -32768
-32768 -32768 -32768 -32768 -32768 -32768 -32768 -32768 -32768 -32768 -32768 -32768 -32768 -32768 -32768 -32768 -32768 -32768 -32768 -32768 -32768 -32768 -32768 -32768 -32768 -32768 57 55 57 57 53 50 52 52 53 52 51 49 47 46 46 46 43 39 37 36 37 36 42 50 42 31 27 25 28 30 23 20 20 20 18 16 15 15 15 -32768 -32768 -32768 -32768 -32768 -32768 -32768 -32768 -32768 -32768 -32768 -32768 -32768 -32768 -32768 -32768 -32768 -32768 -32768 -32768 -32768 -32768 -32768 -32768 -32768 -32768 -32768
-32768 -32768 -32768 -32768 -32768 -32768 -32768 -32768 -32768 -32768 -32768 -32768 -32768 -32768 -32768 -32768 -32768 -32768 -32768 -32768 -32768 -32768 -32768 -32768 -32768 -32768 -32768 56 54 56 52 51 50 53 54 54 52 50 47 48 50 49 48 46 42 39 44 41 38 35 34 26 23 22 29 29 22 22 23 24 19 17 16 15 15 -32768 -32768 -32768 -32768 -32768 -32768 -32768 -32768 -32768 -32768 -32768 -32768 -32768 -32768 -32768 -32768 -32768 -32768 -32768 -32768 -32768 -32768 -32768 -32768 -32768 -32768 -32768
