model/data/bioclim/bclim10.asc
NCOLS 300 
NROWS 300 
XLLCORNER -125.250000000003 
YLLCORNER 30.7499999999996 
CELLSIZE 0.041666666666667 
NODATA_value -32768 
[rows 76 to 113 of 300, columns 86 to 171 of 300]
190 178 165 160 154 146 140 144 147 167 177 180 170 157 166 170 175 170 160 172 174 173 175 179 168 154 157 153 152 148 150 152 152 152 149 170 193 194 180 175 189 191 185 169 162 159 184 213 217 218 219 219 211 184 209 220 218 197 178 192 193 182 192 204 211 213 213 210 202 190 198 209 216 217 217 217 217 215 201 196 210 216 217 215 216 216
199 179 172 161 152 145 144 150 163 183 195 182 177 183 183 180 184 175 156 155 145 163 172 157 151 151 154 154 156 155 150 142 138 146 153 155 173 191 188 161 151 174 176 162 151 145 151 187 213 219 220 219 208 186 212 221 218 195 182 193 195 186 192 203 209 212 213 211 201 192 198 212 217 218 218 218 215 207 206 211 217 218 218 216 209 212
201 191 176 169 156 151 153 150 160 191 156 157 157 164 171 174 178 182 178 168 149 135 149 145 130 134 153 155 156 156 156 151 140 140 154 150 153 179 195 191 183 187 187 178 173 157 138 161 200 219 220 220 205 194 208 220 219 206 193 194 198 199 201 205 208 208 208 209 202 205 208 215 218 218 217 212 210 216 218 218 219 220 219 217 211 206
202 205 183 182 164 166 167 172 195 179 147 147 144 167 179 178 175 180 183 179 171 159 144 143 147 148 150 152 151 155 155 147 146 135 154 155 141 152 175 189 184 187 186 165 176 187 171 167 192 212 220 220 219 213 212 219 215 205 195 192 196 202 206 205 202 200 200 209 213 216 218 218 218 214 216 216 218 219 219 220 220 221 220 216 207 191
210 206 198 194 181 173 177 198 180 169 160 161 154 163 166 171 160 155 163 173 173 175 168 153 144 145 149 150 150 146 151 150 143 151 156 160 154 145 167 187 184 185 185 179 165 176 200 191 195 208 213 218 220 219 218 216 207 202 194 202 205 202 209 207 203 203 208 216 219 219 217 213 209 217 219 219 219 219 220 220 220 220 220 211 195 181
230 212 212 202 183 189 203 187 170 160 158 157 157 165 162 160 167 164 167 173 165 168 174 171 153 142 144 147 156 157 157 160 152 153 162 161 167 166 183 180 165 186 173 184 186 177 203 209 206 196 183 195 208 219 217 217 212 207 199 200 199 199 212 213 210 212 215 219 219 218 217 217 218 219 220 220 220 220 220 221 221 221 216 196 173 170
237 222 217 206 199 213 192 172 166 168 163 158 163 168 178 178 170 159 151 157 163 148 162 168 165 150 158 162 163 162 164 168 169 171 172 173 173 172 181 176 151 169 172 176 182 183 198 206 208 192 176 167 164 195 214 216 209 209 205 184 187 195 214 216 212 207 212 218 219 219 220 219 220 219 220 220 221 221 220 221 222 221 212 183 191 199
240 230 227 220 214 201 188 195 179 179 170 180 182 171 162 164 164 159 149 147 154 148 145 163 173 172 167 163 157 150 163 168 170 171 172 169 168 167 180 172 150 162 170 167 184 183 196 199 202 206 197 178 149 173 199 211 206 206 207 182 192 200 214 216 210 206 210 213 213 220 220 220 220 220 220 220 221 221 221 222 222 220 193 185 212 227
239 236 235 227 226 216 211 211 198 196 190 186 172 166 164 164 167 160 161 147 152 142 144 149 155 167 174 161 158 160 164 168 169 171 171 163 150 163 175 172 159 171 177 179 180 187 188 195 188 196 198 184 161 170 193 207 212 202 202 187 193 214 218 217 214 212 213 215 216 219 220 220 220 220 221 221 220 221 222 222 222 208 177 208 227 233
242 242 240 235 232 222 221 202 192 200 182 179 174 172 172 167 168 171 163 160 156 151 146 139 143 139 145 157 158 164 167 168 169 169 170 157 142 152 164 174 176 175 183 183 186 188 193 198 189 178 192 183 161 162 192 209 213 212 201 193 208 218 215 207 209 216 219 220 220 220 220 220 220 220 220 221 222 222 222 222 219 197 181 219 231 233
245 245 241 237 228 222 215 204 206 210 186 183 180 179 178 176 174 175 169 161 166 169 157 140 144 142 139 139 144 165 167 162 157 152 163 154 138 144 156 171 175 175 184 187 184 184 199 201 190 176 173 172 156 179 198 209 213 216 214 213 220 221 211 206 217 221 221 220 219 219 220 220 221 221 221 221 221 222 222 222 214 191 179 214 231 233
246 245 238 236 237 230 222 221 224 206 189 185 184 183 182 181 180 176 173 172 182 182 160 145 139 156 141 138 139 155 167 166 150 145 149 147 143 124 148 159 156 149 171 181 185 193 199 200 194 190 187 188 189 197 201 210 212 214 217 218 220 221 217 217 222 222 220 220 219 220 220 219 220 221 221 222 222 222 222 219 206 185 162 207 230 231
247 246 242 241 241 239 239 230 222 214 202 194 186 186 187 186 182 181 183 188 189 184 180 172 168 162 150 136 129 135 154 158 152 142 141 137 145 135 149 156 154 152 165 179 191 197 202 196 189 194 204 207 207 200 197 190 200 211 213 212 215 220 223 223 222 221 220 219 219 218 219 220 220 221 221 222 222 222 221 198 172 164 168 216 229 229
247 248 249 247 242 236 231 231 211 205 201 192 192 195 196 192 192 191 189 178 172 178 158 158 151 150 151 139 136 130 137 138 143 143 141 138 147 147 145 163 176 181 184 191 197 201 203 196 198 201 188 189 201 200 187 178 192 202 210 204 206 214 221 223 223 221 220 218 218 218 219 219 220 221 221 222 221 215 210 184 158 165 190 216 227 225
248 249 249 248 244 238 226 218 209 207 203 198 205 196 194 191 189 189 186 183 182 178 176 166 151 146 143 145 134 134 136 134 137 140 144 144 149 151 140 150 160 155 168 181 194 200 201 189 193 195 186 184 185 189 190 181 178 190 207 213 211 216 222 224 223 222 220 219 218 217 219 220 221 221 222 222 217 205 200 184 170 179 201 219 224 212
248 249 249 248 245 243 232 231 220 212 204 203 211 211 203 193 193 193 194 193 193 190 172 162 156 150 141 138 134 129 129 122 130 137 141 144 150 152 148 157 134 122 137 166 189 198 201 188 182 190 191 186 177 176 191 200 200 203 212 218 217 220 223 219 221 222 220 219 218 218 220 221 221 220 220 219 209 199 198 189 187 194 205 220 222 200
248 249 249 248 248 245 239 236 219 220 219 201 209 214 210 201 195 194 195 191 190 194 175 170 152 140 136 135 139 134 128 123 132 138 141 147 149 151 150 153 133 109 131 158 178 190 197 181 181 182 184 175 188 198 205 206 210 214 217 219 217 217 213 208 209 219 221 220 219 219 221 222 222 219 217 219 212 203 198 203 206 207 214 220 219 198
248 248 249 249 248 246 244 237 231 226 222 216 219 211 204 197 198 198 199 198 200 198 197 182 164 163 155 144 136 131 132 126 133 137 142 145 149 150 150 147 133 104 123 160 177 186 188 180 174 181 180 192 201 208 211 209 202 205 216 218 219 219 217 214 211 217 220 221 220 221 221 222 222 222 223 223 216 201 197 206 215 216 219 221 221 213
248 248 249 249 249 247 245 240 233 223 226 231 221 216 207 202 199 198 198 199 197 193 184 181 174 162 155 148 144 142 138 134 135 142 144 146 149 148 143 133 118 106 119 157 184 183 178 165 176 189 200 206 207 207 210 209 201 208 216 217 218 218 219 217 213 214 220 222 221 221 222 223 223 216 223 224 221 220 216 211 219 221 222 219 219 216
247 249 248 248 248 245 246 244 238 235 232 230 220 213 204 200 200 200 201 200 199 199 190 180 174 154 150 147 145 141 147 142 131 134 138 143 141 141 137 132 131 138 132 169 186 187 174 174 188 194 206 207 202 198 205 207 209 211 211 212 213 216 217 213 210 212 217 220 220 222 217 222 224 222 214 220 225 226 219 209 219 223 222 212 207 214
247 248 248 249 249 248 248 246 243 239 231 229 220 210 205 202 202 203 204 204 203 198 199 196 177 171 179 184 166 161 144 141 134 125 136 139 130 139 149 152 157 156 142 166 183 183 180 186 195 202 203 199 182 186 192 197 205 210 205 198 184 197 207 200 205 210 212 202 198 211 218 220 222 220 206 205 224 224 216 200 220 223 216 194 175 190
247 248 248 248 249 248 247 245 240 236 229 227 223 213 210 207 207 210 209 207 205 209 211 199 190 183 163 155 160 141 147 143 130 126 138 138 141 147 151 154 157 158 128 140 178 192 194 195 193 192 193 181 156 178 181 189 204 209 208 202 203 207 211 204 194 199 197 194 195 210 222 217 211 213 209 196 206 215 201 203 219 220 211 182 173 176
247 247 248 248 248 248 248 246 243 241 234 230 225 218 218 218 216 215 211 214 208 204 199 193 185 183 170 151 151 148 156 137 131 135 131 138 145 148 151 154 158 155 129 136 174 190 193 190 185 182 187 174 151 173 172 185 201 204 209 210 210 209 210 211 210 210 208 202 202 210 222 225 222 213 203 199 194 197 185 188 211 215 202 190 193 185
247 247 248 248 248 248 248 247 245 243 239 234 230 226 223 221 220 220 218 214 209 207 200 202 203 186 169 166 165 159 154 150 142 136 129 137 147 149 152 154 158 154 143 166 179 190 192 186 176 173 178 170 158 177 183 194 194 202 209 209 208 209 210 209 213 214 213 206 201 208 212 222 223 219 212 204 202 201 186 175 207 211 195 186 194 192
246 247 247 247 247 247 247 247 245 243 238 235 230 231 229 224 222 222 223 221 214 210 210 217 204 186 172 185 168 166 166 150 152 136 129 129 145 149 152 155 158 149 127 157 187 192 189 187 181 176 163 162 149 182 189 184 194 196 206 208 208 208 209 208 207 208 214 214 209 208 200 206 217 218 219 216 211 205 196 181 195 197 196 190 193 187
246 246 246 247 247 246 246 246 245 244 242 237 234 232 229 227 224 227 223 219 218 222 224 219 212 202 192 187 170 181 153 146 142 144 139 133 140 149 152 154 157 151 128 165 190 191 191 189 187 182 170 166 144 180 188 184 195 193 202 208 208 208 208 204 200 200 211 216 215 211 210 214 219 215 216 216 204 193 201 199 195 198 201 207 194 188
245 245 245 246 246 246 246 246 245 244 241 238 235 233 230 227 230 228 224 225 226 220 218 223 211 202 194 178 184 174 164 156 145 133 137 130 121 139 151 152 155 154 139 168 190 191 190 190 189 186 181 173 150 165 197 200 200 192 193 207 208 206 204 197 198 186 195 216 219 220 221 222 224 222 221 219 208 198 210 219 221 223 224 224 200 201
244 244 245 245 245 245 245 245 245 244 243 241 237 234 232 234 233 230 227 226 224 221 217 210 212 210 200 196 182 165 163 159 144 136 122 128 121 136 148 151 152 142 117 172 191 191 191 190 189 186 178 158 152 171 201 203 202 190 190 206 208 207 205 200 194 172 165 198 218 221 222 221 218 216 219 222 215 208 221 227 229 229 229 228 218 216
243 243 244 244 244 244 244 245 244 244 243 241 239 237 236 233 230 229 227 225 226 224 221 209 199 197 196 185 172 175 171 168 153 135 128 120 114 121 144 147 150 136 116 154 190 191 190 190 187 181 176 145 142 173 201 201 199 192 187 205 207 205 204 202 199 191 172 162 205 223 224 216 203 200 205 217 220 215 224 229 229 229 229 227 226 221
242 242 243 243 243 243 243 244 243 243 241 240 240 238 237 233 234 231 227 226 227 227 226 220 209 199 191 195 182 182 176 174 160 146 136 117 118 125 135 147 139 121 102 114 175 190 189 187 182 165 159 133 142 178 198 199 200 199 189 203 207 207 205 200 196 193 184 176 196 223 224 218 203 191 196 208 208 213 222 227 230 229 228 228 228 224
241 241 241 242 242 242 242 243 242 242 241 241 240 240 235 233 236 236 233 227 227 227 229 224 224 217 211 198 186 179 171 167 155 143 140 137 136 135 129 139 121 114 122 116 162 187 185 183 175 172 150 123 133 153 192 200 200 199 198 197 203 203 202 196 186 182 175 145 177 216 227 223 209 196 195 192 190 203 209 221 225 223 223 228 226 226
240 240 240 240 241 241 241 242 241 241 241 241 240 239 238 236 235 232 230 229 227 228 230 229 225 216 214 210 207 203 195 186 183 172 158 147 143 133 117 130 121 136 132 137 177 182 181 177 166 164 163 165 159 174 193 198 198 195 191 191 196 198 199 205 201 193 179 148 156 205 228 228 219 198 202 199 199 200 189 208 214 207 201 220 224 222
238 238 239 239 239 240 240 241 241 241 241 240 240 239 238 234 232 233 231 228 225 227 230 230 227 219 213 207 198 188 184 170 166 159 165 147 137 132 119 115 112 136 120 122 164 176 160 143 153 146 176 188 192 191 185 184 195 188 181 175 179 189 196 194 205 198 184 157 175 216 229 230 224 198 195 192 192 192 191 184 196 187 183 204 213 205
237 237 236 237 238 239 240 240 240 240 240 240 240 238 236 233 231 231 229 227 225 226 230 231 230 223 214 202 191 182 172 162 160 151 154 155 141 124 121 117 117 130 124 143 168 174 158 140 133 128 165 191 193 187 171 166 189 187 173 145 154 169 185 191 203 198 185 159 182 217 229 231 226 200 171 167 174 171 185 179 176 178 175 177 180 202
235 235 235 235 236 238 239 239 239 239 239 240 239 238 237 234 233 231 230 228 229 228 228 228 228 227 221 207 190 182 171 166 156 142 140 139 132 127 113 117 114 120 120 134 153 141 161 145 137 140 174 189 191 184 169 155 169 179 168 148 134 135 170 192 199 197 181 153 161 203 230 232 229 218 199 183 173 175 169 176 179 170 166 161 165 190
233 233 233 233 234 236 237 238 238 238 238 238 239 238 238 236 234 234 233 231 229 228 227 228 228 224 217 207 196 188 178 169 163 150 140 137 128 120 119 132 120 120 126 120 124 140 136 154 153 144 162 180 191 177 157 146 140 156 168 154 142 137 163 194 194 185 173 149 131 161 215 232 232 230 225 217 212 203 179 196 190 203 195 196 184 182
231 231 231 232 233 234 235 236 237 237 237 237 238 238 238 237 235 235 234 232 230 229 227 228 226 222 216 208 203 196 186 177 161 153 154 138 134 130 136 152 139 132 127 120 118 114 114 132 146 144 148 169 188 162 137 134 137 147 158 153 135 132 156 178 190 191 181 143 110 109 164 225 231 231 229 228 225 223 216 224 225 223 222 221 205 179
229 230 230 231 232 233 234 234 235 236 236 237 237 237 237 238 237 236 236 232 230 228 228 227 226 223 219 213 203 193 187 183 170 172 163 161 153 145 167 129 123 129 127 115 116 108 120 121 139 130 126 164 180 168 134 123 114 127 151 149 127 126 143 152 175 189 178 135 113 134 163 205 225 227 227 224 209 202 215 223 220 220 223 229 228 198
