model/data/bioclim/bclim13.asc
NCOLS 300 
NROWS 300 
XLLCORNER -125.250000000003 
YLLCORNER 30.7499999999996 
CELLSIZE 0.041666666666667 
NODATA_value -32768 
[rows 164 to 204 of 300, columns 92 to 183 of 300]
79 60 55 54 64 62 60 61 62 70 75 77 91 104 98 114 124 138 133 111 81 64 58 47 38 36 35 33 33 33 33 34 34 35 35 36 37 38 39 41 42 43 45 46 47 48 49 50 52 53 55 57 59 62 64 66 70 76 94 101 109 113 129 133 140 137 134 138 139 136 130 116 108 113 112 108 105 103 105 87 57 35 32 31 29 29 30 35 46 35 31 29
115 74 59 55 54 57 62 66 69 73 74 74 105 113 113 103 122 142 155 154 125 114 86 66 54 41 36 34 33 33 33 33 34 34 35 35 36 37 38 39 41 42 43 44 45 46 47 48 50 51 53 54 57 59 61 63 67 82 105 104 115 115 116 121 132 138 134 134 129 127 135 119 105 110 108 105 101 98 103 93 67 36 33 31 30 31 32 31 32 32 32 31
113 99 64 58 55 53 57 62 66 68 66 64 73 104 127 127 114 123 139 139 135 123 117 118 92 59 41 35 33 33 33 33 34 34 34 35 35 36 37 38 40 41 42 43 43 44 45 47 48 49 50 52 54 56 59 64 69 79 95 105 113 127 128 137 139 138 137 135 127 120 123 122 106 116 117 117 103 98 97 97 60 36 34 33 34 41 41 35 32 35 34 33
88 84 71 72 61 55 53 57 57 58 58 57 69 73 91 111 115 117 98 90 91 86 88 96 78 65 46 37 34 34 34 33 34 34 34 34 35 35 36 37 38 39 40 41 42 43 44 45 46 47 48 50 52 54 56 61 69 76 74 88 103 126 115 110 123 138 136 134 127 116 118 120 103 111 110 111 110 100 105 106 64 38 34 35 38 52 57 46 38 37 37 31
104 97 84 78 77 58 54 54 55 58 63 69 60 68 89 93 110 108 113 98 81 67 59 57 52 49 45 38 35 34 34 34 34 34 34 34 34 35 36 36 37 38 39 39 40 41 42 43 44 45 47 48 49 51 53 54 63 69 85 93 97 106 98 102 119 132 123 131 126 114 111 109 105 94 99 105 104 96 98 101 64 42 35 36 40 54 62 55 57 45 37 31
136 118 83 85 79 70 55 52 50 53 58 63 66 64 70 91 106 99 105 113 113 101 77 53 43 41 41 40 36 35 34 34 33 33 33 34 34 34 35 35 36 37 37 38 38 39 40 41 42 44 45 46 47 49 51 52 55 60 68 80 90 99 90 98 112 112 118 132 129 121 110 103 100 93 110 110 105 97 93 95 87 51 37 35 38 43 56 58 63 54 41 35
153 130 117 97 79 66 59 53 49 49 52 56 61 61 71 73 91 114 105 84 96 98 83 59 45 40 38 37 37 36 35 34 33 33 33 33 33 34 34 35 35 36 36 36 37 38 39 40 41 42 43 45 46 47 49 51 52 55 59 67 75 83 84 90 103 114 112 116 123 118 104 97 91 96 110 109 105 101 97 93 88 55 38 36 43 43 48 49 54 52 43 38
114 114 104 97 101 74 64 58 50 46 47 50 55 56 69 71 74 91 109 103 76 74 73 58 50 47 41 39 38 39 37 35 33 33 33 33 33 33 34 34 34 35 35 35 36 37 38 39 40 41 42 43 44 46 47 49 50 54 64 61 62 65 72 98 122 129 125 128 128 122 109 101 104 99 102 107 104 103 96 86 95 63 38 36 44 41 40 40 39 42 44 41
99 99 83 84 85 80 81 76 57 50 48 44 50 59 61 65 75 85 89 110 111 81 64 65 56 48 52 49 42 43 46 41 36 34 33 33 33 33 33 34 34 34 34 35 35 36 37 38 39 39 40 42 43 44 46 47 49 50 55 59 63 65 81 94 97 111 112 126 131 114 98 102 119 115 106 109 100 95 85 90 95 64 38 33 33 36 37 32 31 38 41 43
112 117 93 72 71 67 72 88 80 70 57 46 45 53 64 71 77 90 81 90 106 119 107 79 72 64 58 51 49 44 45 49 47 39 34 33 33 33 33 33 34 34 34 34 35 36 37 37 38 38 39 40 41 43 44 46 47 49 52 55 63 66 75 82 99 100 114 131 119 102 93 108 125 120 114 110 102 92 79 79 85 79 43 33 31 32 34 29 29 33 38 39
121 98 80 73 62 60 61 63 71 85 76 64 45 49 57 65 75 85 73 82 96 102 101 114 113 108 89 74 58 51 46 43 45 46 39 34 33 33 33 33 34 34 34 34 35 35 36 36 37 37 38 39 40 41 42 44 45 47 50 54 56 66 85 95 114 123 128 126 112 99 90 100 112 123 110 98 88 79 77 79 79 84 58 34 31 34 37 27 23 26 32 35
115 100 90 69 69 61 53 55 56 73 82 69 64 49 58 67 74 73 82 91 99 92 87 85 105 124 126 104 86 73 58 45 41 43 40 36 34 34 33 33 33 34 34 34 34 35 35 35 35 36 36 37 38 39 41 42 44 46 48 55 63 64 68 87 95 106 120 123 118 103 89 106 114 125 120 108 94 82 77 91 89 86 70 44 31 35 34 24 21 21 22 25
107 120 97 79 61 64 63 54 51 53 61 59 54 53 56 61 67 69 80 84 89 102 88 75 80 91 103 106 80 68 58 51 43 40 42 39 35 34 34 33 33 33 33 34 34 34 34 34 34 35 35 36 37 38 40 41 43 45 47 50 55 62 73 78 83 93 100 116 125 104 83 94 116 116 117 103 98 81 83 91 90 78 67 43 30 28 26 23 21 20 20 22
84 120 114 93 77 59 61 71 61 54 53 65 62 52 51 54 62 66 71 75 84 90 98 84 71 71 73 83 88 70 53 48 45 41 40 38 36 35 34 34 33 33 33 33 33 33 33 33 33 34 34 35 36 37 38 40 42 44 45 48 53 59 68 84 84 89 102 117 126 117 91 76 105 120 113 104 89 79 77 87 83 74 60 42 29 25 24 22 21 19 19 19
56 74 90 71 93 88 77 55 67 65 59 57 64 57 57 58 59 67 73 75 77 82 91 94 80 67 71 77 88 82 70 48 45 44 40 40 37 35 35 34 34 33 33 33 33 33 33 33 33 33 33 34 35 36 37 39 40 43 45 46 52 57 65 74 86 95 108 120 121 107 82 80 96 114 109 102 92 69 78 68 66 73 58 48 29 24 22 20 19 19 18 18
-32768 -32768 55 53 67 86 92 73 61 58 66 64 65 62 57 60 60 64 73 74 78 81 88 90 91 80 66 69 79 84 71 57 47 45 42 41 39 37 36 35 34 34 33 33 33 32 32 32 32 33 33 33 34 35 36 38 40 42 45 48 54 62 79 95 89 92 106 121 115 104 90 69 77 94 95 100 84 58 64 53 57 72 54 41 28 23 21 20 19 18 18 17
-32768 -32768 19 51 66 54 80 81 62 62 57 58 64 74 72 70 69 65 65 68 72 78 83 84 87 87 75 70 82 79 84 71 55 48 43 41 40 38 37 35 34 34 33 33 33 32 32 32 32 32 32 33 33 34 35 38 41 43 44 46 53 61 70 88 86 88 94 98 112 101 82 67 65 74 65 75 66 49 44 43 48 67 67 41 29 22 20 19 18 18 17 17
-32768 -32768 12 15 19 36 57 104 102 78 71 67 78 88 83 82 74 70 70 69 71 74 78 80 81 76 78 85 87 89 66 57 51 48 45 44 42 40 39 37 35 34 33 33 32 32 32 32 32 32 32 32 32 33 35 38 41 44 46 47 52 62 75 86 81 85 92 111 108 91 70 60 60 57 54 49 47 45 57 73 56 61 65 44 31 23 20 19 18 17 17 17
-32768 -32768 -32768 -32768 13 16 28 49 77 93 92 77 81 93 98 98 89 79 77 78 80 81 77 77 75 77 84 89 94 94 80 63 58 51 48 47 45 42 40 38 36 34 34 33 32 32 32 32 32 32 32 32 32 32 35 38 41 45 48 49 52 62 73 82 77 89 99 111 101 81 62 62 55 53 53 48 52 56 73 82 74 63 48 49 31 23 20 19 18 17 17 17
-32768 -32768 -32768 -32768 -32768 -32768 20 27 39 65 94 103 97 95 96 99 92 86 86 86 89 90 91 86 84 79 81 92 95 93 89 82 69 59 54 51 47 44 42 40 37 35 34 33 32 32 31 31 31 31 31 31 31 32 34 37 41 44 49 50 53 60 70 77 69 81 96 98 81 62 58 68 67 67 73 54 47 61 79 79 68 55 47 35 28 23 21 19 19 18 17 18
-32768 -32768 -32768 -32768 -32768 -32768 -32768 28 33 43 61 81 102 99 98 95 95 93 97 96 95 94 96 94 90 87 84 80 84 90 90 83 75 69 62 54 49 47 44 41 39 36 34 33 32 31 31 31 31 31 31 31 31 31 33 34 37 40 44 46 49 56 68 73 72 87 80 65 69 64 73 79 71 86 85 56 48 52 65 66 52 39 34 30 26 24 22 20 20 20 21 21
-32768 -32768 -32768 -32768 -32768 -32768 -32768 -32768 39 42 52 66 86 99 104 106 106 102 107 109 106 100 97 97 93 92 87 87 79 83 88 92 87 88 85 64 54 50 46 43 39 37 34 33 32 31 31 30 30 30 30 29 30 30 31 34 38 39 40 42 44 48 58 69 78 69 74 72 93 66 77 98 96 97 99 75 55 53 66 53 44 34 30 27 25 29 27 25 22 24 23 21
-32768 -32768 -32768 -32768 -32768 -32768 -32768 -32768 -32768 46 47 61 69 82 105 114 116 115 113 116 113 107 104 104 99 96 89 90 85 83 89 95 95 97 101 92 66 55 50 44 41 38 35 33 32 31 30 30 29 29 29 29 29 29 30 31 35 40 43 42 45 48 56 61 61 68 96 105 96 71 86 104 117 112 91 81 63 58 65 51 40 33 30 28 29 39 29 26 26 29 24 22
-32768 -32768 -32768 -32768 -32768 -32768 -32768 -32768 -32768 -32768 -32768 57 65 79 97 114 122 124 125 122 119 114 109 110 108 101 96 94 90 88 91 93 94 95 102 110 91 69 57 49 43 40 36 33 32 31 30 29 29 28 28 28 28 28 29 30 31 33 35 36 38 40 45 57 65 66 78 102 87 64 66 80 110 107 98 86 59 66 63 51 40 33 30 28 29 33 35 23 23 23 22 22
-32768 -32768 -32768 -32768 -32768 -32768 -32768 -32768 -32768 -32768 -32768 -32768 -32768 79 92 111 126 126 132 131 124 117 114 112 114 120 107 100 94 91 87 93 91 92 95 103 111 100 75 56 47 41 38 35 33 31 30 29 28 28 28 28 28 28 29 29 30 31 34 38 39 42 45 50 55 60 65 69 66 59 61 65 71 79 94 82 50 54 55 46 38 31 27 26 27 25 20 18 18 20 22 23
-32768 -32768 -32768 -32768 -32768 -32768 -32768 -32768 -32768 -32768 -32768 -32768 -32768 76 87 100 120 130 132 129 127 118 114 111 107 110 115 110 106 94 88 97 92 89 88 91 99 113 98 74 59 48 42 38 36 33 30 29 28 28 28 28 28 29 29 29 30 31 32 33 35 39 43 48 51 55 57 59 59 61 66 54 50 50 65 65 46 49 49 37 33 29 24 23 21 20 19 19 20 28 29 29
-32768 -32768 -32768 -32768 -32768 -32768 -32768 -32768 -32768 -32768 -32768 -32768 73 84 87 99 115 126 132 129 124 119 114 109 105 103 105 121 126 103 91 93 98 91 86 85 84 93 115 106 79 63 52 44 44 43 39 33 29 28 28 28 28 29 29 30 30 31 32 33 35 37 40 42 45 47 52 50 49 50 51 46 45 45 51 64 48 43 37 32 31 25 23 22 20 20 20 23 30 29 25 22
-32768 -32768 -32768 -32768 -32768 -32768 -32768 -32768 -32768 -32768 -32768 -32768 80 103 113 119 117 116 124 128 125 120 118 119 113 113 105 102 123 117 101 92 96 95 93 86 83 84 93 111 111 84 65 55 48 47 46 42 36 31 29 28 29 29 30 30 31 32 32 33 35 36 38 39 44 50 49 48 52 60 57 49 47 50 51 58 54 41 41 39 32 24 23 22 21 22 24 26 26 23 22 20
-32768 -32768 -32768 -32768 -32768 -32768 -32768 -32768 -32768 -32768 -32768 -32768 95 103 117 123 122 114 115 118 120 120 110 107 109 100 107 113 104 105 120 103 93 93 95 93 85 82 82 87 101 94 76 61 51 44 38 33 31 29 29 29 30 30 31 31 32 32 33 34 35 36 37 38 43 55 71 57 50 52 56 68 65 59 61 68 66 52 40 34 26 24 23 22 22 22 22 22 21 20 20 19
-32768 -32768 -32768 -32768 -32768 -32768 -32768 -32768 -32768 -32768 -32768 -32768 -32768 102 104 110 107 110 113 110 108 108 105 99 99 95 97 103 109 97 100 115 108 100 102 102 93 85 83 82 87 95 94 75 58 48 41 34 31 30 30 30 31 31 32 32 33 33 33 34 35 36 37 41 52 63 82 80 56 53 56 70 67 56 56 62 70 56 38 30 26 24 23 22 21 21 21 21 20 20 19 19
-32768 -32768 -32768 -32768 -32768 -32768 -32768 -32768 -32768 -32768 -32768 -32768 -32768 -32768 -32768 -32768 -32768 110 101 100 99 96 102 100 98 92 97 100 101 93 93 99 110 108 105 108 108 96 89 85 83 85 91 95 80 60 47 39 36 32 31 32 32 33 33 34 34 34 35 36 37 38 40 51 60 65 64 60 65 61 51 52 52 51 50 71 61 41 31 28 26 24 23 22 21 21 20 20 19 19 19 19
-32768 -32768 -32768 -32768 -32768 -32768 -32768 -32768 -32768 -32768 -32768 -32768 -32768 -32768 -32768 -32768 -32768 -32768 83 83 88 98 101 101 94 89 92 98 94 103 98 92 92 96 98 103 107 118 112 96 90 86 84 91 95 84 66 49 35 34 34 34 35 36 36 36 36 37 37 38 39 40 44 50 56 56 57 54 56 59 60 52 49 49 49 51 39 33 30 27 26 24 23 22 21 21 20 19 19 19 20 19
-32768 -32768 -32768 -32768 -32768 -32768 -32768 -32768 -32768 -32768 -32768 -32768 -32768 -32768 -32768 -32768 -32768 -32768 76 79 85 87 89 97 97 90 87 92 101 99 103 113 111 98 89 91 94 106 114 120 102 96 91 89 92 93 87 59 41 38 39 39 39 40 40 40 39 40 41 42 42 42 44 49 52 54 55 78 91 93 104 84 63 54 48 41 35 31 29 27 26 25 23 22 21 21 20 20 19 19 19 19
-32768 -32768 -32768 -32768 -32768 -32768 -32768 -32768 -32768 -32768 -32768 -32768 -32768 -32768 -32768 -32768 -32768 -32768 74 75 78 81 82 83 91 91 83 88 91 90 98 109 120 129 108 97 94 92 97 112 115 108 105 101 97 96 88 69 60 52 49 49 47 49 47 48 49 52 48 46 46 45 46 50 54 55 56 59 73 84 114 89 72 51 41 38 34 31 29 27 26 25 24 23 22 21 20 20 19 19 19 18
-32768 -32768 -32768 -32768 -32768 -32768 -32768 -32768 -32768 -32768 -32768 -32768 -32768 -32768 -32768 -32768 -32768 -32768 73 74 75 76 76 77 78 85 89 108 107 102 104 108 113 125 139 116 107 103 100 97 99 97 98 105 105 102 99 94 87 77 70 67 67 70 72 70 72 63 56 53 52 50 51 57 59 59 63 84 80 72 69 71 58 46 40 37 34 33 29 28 26 25 24 23 22 21 21 20 20 20 19 19
-32768 -32768 -32768 -32768 -32768 -32768 -32768 -32768 -32768 -32768 -32768 -32768 -32768 -32768 -32768 -32768 -32768 -32768 79 78 74 74 76 76 76 77 83 95 100 111 103 103 111 120 125 139 130 119 114 108 104 101 100 99 99 99 102 102 102 95 89 88 87 83 82 79 76 73 66 62 60 57 60 58 62 78 84 88 70 54 51 49 47 44 41 38 35 32 30 28 27 26 25 23 23 22 22 21 21 23 21 20
-32768 -32768 -32768 -32768 -32768 -32768 -32768 -32768 -32768 -32768 -32768 -32768 -32768 -32768 -32768 -32768 -32768 -32768 83 95 88 76 75 76 78 77 75 87 94 106 98 103 111 119 116 125 137 142 138 122 115 111 109 107 106 104 106 105 109 105 99 108 120 105 94 94 90 77 72 70 66 62 62 58 63 69 67 58 54 53 52 52 49 46 42 39 36 33 30 29 28 27 25 24 24 23 23 22 22 23 23 22
-32768 -32768 -32768 -32768 -32768 -32768 -32768 -32768 -32768 -32768 -32768 -32768 -32768 -32768 -32768 -32768 -32768 -32768 -32768 75 81 78 81 79 84 84 80 79 81 86 95 102 100 105 117 110 119 126 133 133 123 120 118 116 113 110 108 108 107 108 110 109 130 136 117 121 119 113 116 91 67 61 60 70 59 58 59 58 58 58 57 55 51 48 44 41 37 34 31 30 29 27 27 26 25 25 24 24 24 24 25 24
-32768 -32768 -32768 -32768 -32768 -32768 -32768 -32768 -32768 -32768 -32768 -32768 -32768 -32768 -32768 -32768 -32768 -32768 -32768 69 73 80 82 80 86 88 87 88 86 91 98 111 118 112 109 122 120 120 122 130 135 133 125 125 117 115 112 110 106 107 106 112 135 155 162 149 119 105 115 102 71 64 66 61 64 65 65 65 64 63 61 58 54 50 47 43 39 36 32 31 30 29 28 28 27 27 26 26 26 26 26 27
-32768 -32768 -32768 -32768 -32768 -32768 -32768 -32768 -32768 -32768 -32768 -32768 -32768 -32768 -32768 -32768 -32768 -32768 66 68 70 74 78 76 79 80 81 88 90 93 98 107 120 129 125 122 126 130 128 126 129 135 137 127 121 124 120 112 108 107 109 111 112 131 134 120 107 118 144 121 79 66 64 63 62 65 65 66 67 67 65 62 58 53 49 45 41 37 34 32 31 31 30 30 29 29 31 31 30 29 28 27
-32768 -32768 -32768 -32768 -32768 -32768 -32768 -32768 -32768 -32768 -32768 -32768 -32768 -32768 -32768 -32768 -32768 -32768 -32768 68 71 73 77 83 86 89 90 87 88 92 96 100 108 118 133 133 132 139 148 141 138 134 139 134 126 133 128 118 111 107 107 106 109 112 115 108 106 105 109 91 72 71 73 67 65 74 76 68 64 65 66 66 62 56 52 48 44 39 35 34 33 32 32 32 32 32 34 34 33 32 31 33
