model/data/bioclim/bclim19.asc
NCOLS 300 
NROWS 300 
XLLCORNER -125.25 
YLLCORNER 30.75 
CELLSIZE 0.0416666666666667 
NODATA_value -3.4e+38 
[rows 185 to 221 of 300, columns 168 to 251 of 300]
156 151 190 151 124 94 82 74 68 81 75 69 59 65 62 56 46 41 39 38 41 44 42 41 40 40 44 44 47 46 45 58 78 69 64 62 61 50 50 59 67 65 68 74 87 92 90 51 33 28 25 34 39 45 47 52 56 56 53 52 51 54 67 103 93 59 52 48 43 44 50 58 65 82 81 75 70 69 70 67 68 67 57 50
177 166 187 146 112 92 81 74 79 113 83 72 72 84 66 60 61 51 44 44 47 45 42 44 48 55 45 49 59 54 50 53 62 66 57 50 61 69 68 63 64 63 56 64 65 74 85 64 36 30 26 30 34 43 51 58 61 64 60 55 53 55 60 65 71 67 59 52 47 43 48 53 60 69 78 80 70 67 67 68 69 64 54 47
167 186 179 147 111 92 83 76 81 95 101 62 62 62 59 60 78 83 60 53 47 45 54 55 59 69 72 69 72 59 58 55 59 58 55 51 52 50 56 79 70 59 54 54 52 54 55 48 36 28 27 30 35 41 49 62 59 63 65 60 57 56 58 62 80 79 74 60 49 46 48 54 60 68 78 78 71 67 65 64 66 66 56 49
143 153 159 130 105 84 71 71 73 66 51 45 47 52 63 65 72 63 58 68 50 51 59 66 88 73 66 75 89 72 66 59 56 61 61 58 56 52 51 53 51 52 46 48 49 43 43 38 32 30 29 30 36 44 51 54 51 58 64 63 61 61 59 62 68 80 73 58 51 48 52 57 66 72 81 76 71 67 64 61 62 62 59 54
132 138 138 104 92 76 63 58 49 47 45 47 54 84 85 84 72 48 47 50 49 62 75 67 85 78 60 56 59 61 68 62 52 57 76 76 60 52 46 41 38 36 35 36 38 38 39 38 30 27 29 27 30 36 41 42 46 52 60 69 65 65 65 66 72 82 64 56 51 53 57 63 75 83 81 76 74 66 61 58 58 58 61 60
135 120 104 87 84 66 56 50 48 46 50 63 86 86 70 61 53 44 40 40 46 62 76 72 74 82 57 52 53 54 59 58 56 67 61 60 54 51 43 41 49 50 41 35 35 34 37 35 38 32 32 28 27 31 33 36 40 49 60 71 68 69 72 81 83 78 63 58 57 60 65 73 80 79 77 79 76 69 60 57 56 57 62 67
151 117 117 112 86 59 53 51 53 58 62 71 71 61 58 54 52 45 40 42 46 55 70 67 66 77 56 50 52 51 52 56 63 67 69 53 51 44 41 45 59 40 33 29 34 33 37 39 47 47 38 30 27 28 30 33 36 45 55 65 68 69 78 88 85 73 65 65 72 87 102 90 79 76 75 74 73 72 59 56 54 57 64 73
186 146 114 93 67 58 55 53 53 57 57 58 55 52 50 50 53 52 46 45 50 55 61 60 57 55 51 48 50 50 58 59 62 77 74 61 53 44 40 41 39 31 27 29 30 40 42 45 49 39 36 30 27 27 29 31 36 42 53 60 66 75 76 78 75 70 70 78 93 97 101 88 78 74 73 71 71 76 59 55 53 57 63 72
195 151 109 79 64 60 56 52 52 52 52 51 50 49 46 47 47 48 57 60 43 48 54 54 53 57 59 54 61 57 65 71 57 59 62 50 50 47 36 36 33 30 29 32 29 30 38 48 45 34 32 28 25 27 28 30 38 44 51 58 65 75 71 67 63 63 71 87 97 93 87 84 79 74 72 71 69 72 59 52 52 56 60 63
169 116 83 71 65 60 56 52 52 50 49 48 47 46 46 46 44 43 43 45 42 37 40 45 65 59 51 54 62 61 66 69 52 49 47 38 41 45 43 44 41 37 35 33 29 27 27 34 36 33 33 29 25 26 29 31 42 50 53 59 64 64 59 55 54 61 73 92 93 90 85 81 79 73 71 68 68 70 61 53 51 53 57 60
111 92 80 71 67 60 56 52 51 49 48 46 44 46 50 47 44 41 39 38 36 34 32 36 42 46 42 49 64 72 75 75 48 39 34 31 32 37 49 53 50 43 38 37 36 33 33 29 29 32 27 25 25 24 26 27 33 53 53 68 71 58 49 47 53 63 83 97 93 92 82 79 74 72 70 71 67 67 60 53 51 49 53 55
102 86 77 71 65 61 57 53 49 48 47 45 44 42 44 44 42 40 38 36 34 34 30 33 32 35 37 46 65 88 85 73 47 41 36 31 31 34 39 44 42 40 39 35 34 35 37 29 25 25 24 23 23 23 23 26 28 36 50 55 60 51 43 46 56 70 89 91 85 84 76 75 81 73 69 69 66 66 60 56 52 49 51 57
98 86 78 71 67 63 58 53 49 45 45 43 41 41 41 40 40 39 37 36 35 34 31 30 31 33 35 40 51 57 56 53 60 62 50 37 32 32 33 36 36 34 34 35 37 37 35 33 30 27 28 25 26 30 31 27 27 29 37 42 44 41 41 48 61 82 87 91 76 71 70 71 70 68 63 62 61 61 60 62 55 50 49 57
101 96 79 72 67 62 56 54 49 42 41 42 43 42 43 42 41 39 38 36 35 35 34 34 34 35 35 38 48 50 47 45 56 69 57 41 36 34 32 33 33 35 35 43 48 41 38 35 31 29 29 32 36 36 40 36 29 28 29 32 34 34 41 53 80 98 70 75 67 64 61 62 61 62 59 57 56 56 54 55 52 49 47 52
105 92 83 76 70 66 59 52 47 42 41 42 45 52 49 47 47 44 40 38 36 36 36 36 36 37 37 39 41 45 47 41 41 44 53 42 38 35 34 33 37 39 40 49 56 51 46 41 35 33 40 43 52 41 41 44 38 31 30 31 35 38 46 60 92 95 63 59 59 57 57 55 55 56 55 53 54 54 51 50 49 49 46 46
103 95 85 79 76 69 61 56 49 45 44 45 47 51 56 50 50 52 49 43 37 37 37 38 38 36 35 37 40 42 41 42 40 36 38 35 33 34 34 34 38 42 45 52 63 65 58 44 38 35 45 49 49 43 47 39 33 32 33 35 41 45 53 67 94 81 59 55 53 52 50 50 49 49 50 52 57 57 51 50 53 52 48 45
105 94 85 76 70 64 60 56 50 47 47 48 49 52 56 54 50 47 45 41 41 40 38 40 42 37 38 42 48 51 48 47 45 42 40 39 37 35 35 34 34 41 40 45 60 75 61 40 35 31 35 39 48 49 49 41 35 35 40 51 62 68 63 80 102 71 55 49 49 47 46 46 45 47 48 52 58 58 50 52 57 57 49 48
107 95 88 81 74 66 62 59 56 53 54 55 55 55 58 60 55 48 43 41 40 40 38 39 41 43 44 47 50 54 65 66 67 66 61 58 61 55 41 37 36 39 39 40 42 49 52 46 37 33 33 36 42 48 47 42 40 41 46 84 108 114 89 80 74 59 50 46 45 45 43 42 43 45 49 53 59 54 50 50 53 54 53 54
113 101 92 85 77 71 67 65 62 64 71 71 66 64 60 59 59 54 45 42 40 37 38 40 43 47 51 57 63 60 66 82 93 101 107 120 118 73 54 48 46 45 43 43 44 43 50 54 44 36 33 36 43 47 53 53 47 50 57 64 90 96 80 72 59 52 49 53 62 54 42 40 40 45 52 59 64 54 48 47 48 51 54 54
118 105 96 87 79 75 71 69 67 69 78 75 71 67 64 76 93 71 51 43 39 39 43 52 49 62 76 82 73 69 73 85 102 118 135 123 112 102 96 93 79 64 52 45 46 45 45 42 39 36 36 36 42 42 43 47 47 50 53 59 56 57 62 57 51 46 54 62 59 48 41 39 41 47 60 69 63 52 48 45 48 51 54 53
123 111 100 91 84 78 76 74 73 71 78 76 72 73 67 66 84 80 55 43 40 41 48 78 68 80 94 114 136 112 102 132 137 143 208 151 133 152 149 142 110 98 81 65 55 43 42 47 50 45 43 42 38 36 37 40 41 41 50 48 44 42 51 54 45 41 44 46 44 40 37 37 43 49 58 62 56 50 46 45 48 54 53 52
133 116 105 93 87 84 82 81 83 79 77 75 75 76 70 65 63 69 55 45 42 42 59 110 79 82 96 117 140 97 107 156 192 153 156 197 130 140 173 159 116 108 101 87 72 43 41 46 55 55 40 35 34 33 32 34 36 36 36 41 42 35 37 45 44 38 37 37 37 35 36 41 47 55 61 60 56 49 45 45 50 51 50 49
167 134 113 97 93 92 91 91 91 92 86 84 84 83 80 73 68 65 55 48 43 44 73 80 69 74 95 107 182 151 92 112 120 126 140 119 118 134 117 103 103 87 75 93 68 59 56 55 57 55 41 33 30 30 28 30 28 28 29 30 35 37 31 32 35 35 33 33 33 32 38 46 58 64 64 58 54 48 43 46 51 52 48 46
218 173 140 114 107 105 103 102 101 101 99 98 97 95 95 90 84 75 66 59 54 51 55 67 78 74 106 100 125 171 108 86 94 99 110 103 123 123 102 89 76 70 65 70 80 89 94 86 64 51 44 36 32 30 28 26 26 27 27 26 27 26 27 27 27 29 32 30 31 34 39 54 78 83 69 58 50 44 41 44 48 50 46 45
202 202 198 161 147 131 125 123 122 124 120 122 120 119 116 115 108 98 89 80 74 70 69 70 76 80 83 132 158 162 99 82 84 90 96 110 119 110 88 81 88 76 74 74 68 77 80 91 86 69 57 41 36 33 30 27 26 26 27 26 25 24 24 24 25 25 27 30 38 36 38 45 61 71 75 61 47 42 39 43 45 46 47 46
190 170 176 200 237 196 206 177 170 165 168 177 170 163 154 158 148 135 124 113 105 95 87 82 84 91 96 115 165 108 94 87 88 91 111 104 97 103 91 77 76 85 74 65 58 61 63 66 73 75 72 59 44 39 37 36 27 26 25 26 25 26 24 23 23 25 25 30 43 33 34 40 57 73 59 61 44 39 40 42 46 47 47 46
186 184 201 225 276 242 274 308 255 236 271 307 306 270 241 228 206 188 174 153 141 126 111 101 94 108 127 125 117 106 108 105 102 102 102 103 97 90 83 78 77 75 86 81 53 52 85 62 56 56 66 60 51 40 36 34 31 28 27 28 26 26 26 24 23 23 24 26 28 28 31 37 50 58 52 46 39 36 41 43 49 50 50 48
247 284 303 306 348 357 348 378 378 366 375 392 386 375 378 342 300 267 239 204 183 158 135 120 114 236 229 260 290 208 172 157 144 139 138 134 118 103 91 82 82 72 78 76 58 50 57 62 54 42 43 57 48 55 40 39 39 31 39 37 27 26 26 27 26 23 23 24 24 26 29 32 41 54 46 39 37 36 40 46 49 55 59 53
292 318 291 282 343 379 390 384 392 387 384 383 393 385 385 409 342 248 259 248 217 185 161 140 158 265 331 404 410 385 354 313 294 264 280 200 159 135 114 101 97 101 87 74 63 56 51 50 43 37 33 53 55 64 62 52 65 50 47 42 30 26 23 24 25 23 23 23 24 25 30 30 36 51 42 35 33 35 41 47 54 60 59 54
244 243 240 249 269 375 354 394 341 362 395 393 347 396 396 403 406 255 177 237 241 195 162 190 361 329 318 416 419 395 385 379 373 365 349 309 297 240 232 195 168 148 111 85 77 69 58 51 44 35 32 38 54 49 52 41 41 55 54 52 34 26 24 25 26 26 23 24 24 25 29 28 31 38 35 32 32 35 40 48 60 69 60 57
251 232 281 333 311 306 269 269 201 221 268 282 312 405 411 401 415 309 185 222 351 314 303 335 454 473 437 439 426 404 390 386 379 371 361 350 341 316 279 266 224 190 139 101 83 76 67 59 51 43 37 34 41 39 36 35 34 42 62 49 38 32 28 27 29 31 27 24 25 25 26 27 27 29 29 30 31 35 39 45 52 60 63 54
237 235 245 330 316 247 261 235 217 202 199 197 236 340 402 426 427 369 225 164 166 233 300 350 418 421 447 445 413 412 397 391 385 379 371 364 358 342 303 279 225 179 146 110 99 89 76 63 56 47 41 35 34 37 36 33 31 31 40 42 41 59 38 32 34 44 34 27 25 25 26 29 32 29 29 30 30 34 38 42 48 56 61 51
255 261 259 250 252 239 250 224 220 216 212 204 259 287 301 315 290 263 231 166 162 159 160 163 171 186 301 383 385 362 380 388 387 381 378 373 369 357 330 283 216 170 155 128 108 92 74 60 55 53 43 38 35 34 33 32 29 29 30 30 30 39 46 36 37 47 46 32 26 24 26 29 42 36 31 30 30 32 37 41 43 49 54 48
255 270 281 271 257 243 241 235 234 232 226 223 214 208 203 198 194 188 182 178 174 169 167 163 160 162 182 210 201 291 400 400 398 390 383 374 368 357 333 274 217 178 147 133 107 90 73 63 58 58 49 45 39 38 36 34 30 28 27 27 27 27 28 37 35 40 41 37 31 26 26 28 36 47 36 32 30 30 34 38 41 45 50 46
245 258 261 249 240 232 229 230 230 233 237 237 234 229 220 212 204 196 190 185 180 176 171 167 166 167 161 158 195 278 350 397 407 410 406 381 365 317 288 231 164 130 131 123 116 125 100 94 97 97 74 88 73 51 55 44 36 32 30 31 29 29 31 32 38 39 40 36 31 28 26 27 36 39 33 31 30 30 33 36 39 41 44 43
231 244 245 239 228 228 228 228 234 241 238 235 231 228 221 212 205 198 192 190 183 178 173 174 175 177 169 162 173 193 310 395 400 392 386 353 285 230 194 143 109 103 123 146 165 163 153 117 122 124 127 149 116 72 81 74 46 48 39 37 42 46 41 42 38 36 39 39 47 36 29 27 32 35 33 33 33 32 33 36 36 37 39 40
216 222 224 231 227 246 232 230 237 234 238 242 227 221 215 209 201 196 193 192 184 178 182 185 182 179 171 167 166 184 244 294 312 338 348 328 273 158 130 108 98 94 121 112 148 179 185 173 154 131 133 134 123 97 91 76 60 58 48 44 40 44 37 43 41 34 31 44 60 52 35 29 32 39 41 39 36 34 37 39 38 36 36 38
