model/data/bioclim/bclim18.asc
NCOLS 300 
NROWS 300 
XLLCORNER -125.25 
YLLCORNER 30.75 
CELLSIZE 0.0416666666666667 
NODATA_value -3.4e+38 
[rows 0 to 38 of 300, columns 176 to 263 of 300]
48 49 49 50 50 50 50 47 48 47 49 53 42 42 45 53 53 48 46 46 56 43 46 48 52 52 45 53 54 57 49 44 41 40 42 40 40 38 38 39 39 39 40 39 38 37 37 38 37 37 38 40 41 42 44 40 44 47 50 60 61 57 56 55 53 53 54 51 52 53 53 55 52 51 54 54 52 59 59 59 62 61 60 55 51 49 49 49
48 48 49 50 50 48 47 49 49 49 52 42 42 42 45 47 45 45 50 49 43 43 46 49 52 52 50 57 57 57 50 47 42 42 44 41 39 38 38 38 39 38 38 37 37 36 36 36 36 36 36 39 39 39 41 43 45 41 42 47 52 53 53 53 51 50 50 49 49 51 51 54 52 51 51 50 58 58 59 60 61 57 57 53 49 48 47 47
49 48 49 49 49 48 48 51 52 52 42 42 42 41 42 44 42 43 45 45 45 44 46 50 54 58 53 48 48 48 43 49 44 43 42 40 36 36 36 37 37 36 36 36 35 36 36 36 36 36 36 36 36 39 40 40 43 42 43 37 41 41 44 44 44 44 45 44 44 44 44 43 43 46 51 53 53 53 52 54 55 52 51 48 48 45 45 45
48 49 49 48 45 46 49 49 49 40 40 40 41 41 41 41 41 44 42 42 42 45 45 47 54 61 57 52 56 50 45 51 46 44 42 40 37 36 35 35 35 36 36 35 34 35 34 33 34 34 35 36 36 37 38 38 40 40 40 40 42 44 44 45 46 46 47 47 47 47 46 46 45 43 43 45 44 44 44 44 42 43 45 45 45 43 43 43
50 49 48 46 46 45 47 49 39 39 40 41 41 40 50 41 42 42 42 42 42 45 50 48 54 58 61 58 57 48 56 50 48 45 43 41 37 36 36 35 35 35 35 35 34 35 35 34 34 34 36 35 35 37 37 38 37 37 38 39 39 39 41 41 39 40 40 38 40 40 38 39 38 40 40 38 38 38 38 38 38 38 40 39 40 40 40 39
48 48 46 46 45 45 47 48 49 48 39 41 40 39 49 40 42 42 41 41 42 44 49 50 51 52 56 61 59 56 47 44 51 46 43 40 37 37 37 34 34 34 33 33 33 35 35 35 34 34 35 36 36 37 37 38 37 36 36 36 36 37 38 37 34 34 34 35 35 35 35 35 37 35 38 38 37 38 38 36 36 36 37 37 39 39 39 39
48 47 46 46 46 47 47 46 47 37 39 39 38 37 38 39 39 40 41 41 43 43 45 46 47 50 54 63 66 64 63 49 40 48 45 43 39 37 37 37 34 34 34 33 32 33 34 34 34 34 34 34 35 36 36 36 36 35 33 36 36 35 33 34 34 34 34 34 34 36 38 36 35 35 35 36 35 35 35 35 35 36 36 36 36 36 36 36
47 47 46 46 46 46 46 46 46 47 48 37 37 37 48 48 38 39 41 41 41 43 45 46 47 46 51 53 57 57 63 54 46 39 48 44 42 38 39 38 38 35 34 34 34 33 33 33 33 34 34 33 33 33 33 33 34 35 32 33 35 32 31 31 35 34 33 34 34 36 36 36 35 35 36 36 36 35 35 35 35 33 35 36 37 37 37 39
47 47 46 46 45 45 46 46 46 46 46 46 37 37 37 38 37 39 41 41 40 42 43 46 43 45 46 47 51 51 52 52 50 45 51 46 44 43 42 40 39 38 35 35 34 34 33 34 33 33 34 33 33 32 33 33 33 33 34 36 36 35 35 31 34 34 32 33 35 35 35 33 34 34 34 36 36 35 35 34 34 34 35 36 36 37 37 37
47 46 46 46 45 45 46 46 46 45 45 38 38 38 37 39 40 41 42 46 43 41 43 43 43 43 44 46 47 47 46 45 48 51 46 51 39 49 46 43 41 39 38 35 35 35 35 35 34 34 34 34 34 36 36 35 33 33 34 33 35 35 35 35 33 33 33 34 36 36 36 36 33 34 33 34 34 33 33 33 33 35 36 36 34 34 36 35
47 46 46 46 45 45 44 45 46 46 45 37 38 40 39 39 40 41 42 46 46 43 48 49 46 46 46 47 47 44 44 46 45 44 43 41 46 41 38 46 43 39 39 38 36 35 35 35 35 35 34 34 34 36 36 35 35 35 34 34 34 34 35 35 35 33 34 34 37 36 36 33 32 33 33 34 33 33 33 33 33 33 34 35 34 34 34 35
47 46 45 44 44 45 45 46 46 46 47 38 38 39 39 38 39 41 42 43 44 44 52 55 55 49 50 51 51 47 46 47 49 47 47 50 49 49 42 50 46 42 41 39 39 36 36 35 35 35 35 34 34 35 36 38 39 38 35 34 34 34 33 35 33 33 34 35 36 36 36 32 32 33 33 33 33 33 33 33 33 33 33 33 34 35 34 35
45 45 45 44 45 45 46 46 46 47 38 38 39 38 38 39 39 39 40 41 41 44 52 57 59 52 54 54 55 52 50 52 50 50 49 52 55 51 44 43 40 39 49 43 42 39 39 36 36 35 37 35 36 36 38 39 39 38 38 38 37 34 34 34 33 33 34 36 36 36 36 34 34 33 33 33 33 33 33 33 33 34 34 36 36 35 34 34
45 45 45 45 44 45 46 46 46 46 38 38 38 38 38 38 39 39 39 41 41 43 47 49 52 53 57 55 55 52 51 52 50 49 52 51 51 52 49 49 49 46 39 49 45 43 42 38 38 38 38 38 39 39 39 39 41 40 39 39 41 41 38 36 35 34 35 36 37 36 36 36 36 33 32 32 33 33 33 33 33 34 34 34 33 33 33 34
45 45 45 45 44 46 46 46 47 47 47 38 38 41 41 39 39 39 40 40 41 42 43 45 47 50 53 54 52 49 49 49 49 49 52 52 50 49 49 49 47 43 42 40 49 46 46 43 44 42 40 40 40 39 40 41 42 43 42 42 41 41 41 41 40 37 37 37 36 37 37 37 36 35 33 33 33 33 33 33 32 33 33 33 33 33 33 33
45 45 45 47 47 46 46 48 37 47 37 38 39 40 41 40 38 39 40 41 40 40 42 43 44 46 47 48 46 44 45 46 46 49 49 49 49 49 49 49 46 46 46 43 52 49 49 49 47 45 44 42 40 41 41 42 42 42 42 42 42 42 41 41 41 41 40 40 40 37 38 38 37 36 36 36 36 35 35 34 33 33 33 33 33 33 35 35
46 48 49 49 48 47 46 47 49 39 39 39 39 40 40 41 40 38 38 40 40 40 42 43 46 46 46 46 46 45 46 46 46 46 47 49 49 49 49 49 49 46 46 43 40 50 51 52 49 48 47 45 43 42 42 42 42 42 42 42 42 43 44 44 43 41 42 40 40 40 38 38 38 37 37 38 38 38 37 35 35 35 35 35 35 35 35 36
47 48 49 42 42 48 46 47 49 40 40 40 40 41 41 40 40 37 38 40 40 43 43 48 47 46 46 45 46 43 43 43 46 46 46 47 47 46 48 49 46 46 46 44 43 41 52 52 52 50 48 47 45 43 43 43 43 44 43 45 45 45 45 45 46 44 42 43 43 43 40 40 40 39 39 39 40 40 39 38 38 37 37 36 35 37 38 38
48 39 39 41 42 49 48 50 41 41 41 41 41 41 40 40 38 40 40 40 40 43 46 49 49 49 45 43 43 43 43 43 46 46 48 49 46 46 47 46 46 46 47 47 46 45 54 53 52 52 51 49 47 47 46 43 43 46 46 46 45 45 47 48 47 46 44 44 44 44 42 40 40 40 41 41 41 42 41 41 41 41 41 39 38 38 38 40
50 51 41 40 40 49 41 41 41 42 42 41 40 40 40 40 38 39 40 40 40 41 44 48 52 53 49 47 43 41 42 43 43 45 46 46 46 46 46 46 46 48 47 48 49 47 43 55 54 52 51 50 48 48 47 46 46 49 49 49 47 45 48 48 50 48 47 47 45 44 44 43 42 42 42 41 42 45 45 44 42 43 44 42 41 39 41 41
42 40 41 41 41 40 42 43 42 42 42 41 40 40 40 42 40 40 40 40 41 43 44 47 49 49 49 46 43 40 40 42 43 43 43 44 46 45 46 46 46 46 48 49 49 49 47 43 54 53 52 50 48 50 49 46 48 50 51 50 50 48 49 50 51 51 49 48 47 45 47 47 46 45 43 44 45 45 46 46 44 45 45 44 45 48 48 48
47 43 42 41 43 44 43 43 43 43 44 42 41 40 40 41 40 41 42 41 40 43 43 43 40 40 43 43 41 39 39 41 43 43 43 44 45 45 47 46 45 45 48 48 51 49 48 44 54 54 54 50 50 50 47 49 49 49 50 52 52 50 50 51 51 52 54 50 50 48 49 49 49 48 48 48 48 47 48 46 47 47 50 50 53 59 54 60
46 47 43 41 44 46 48 45 43 43 44 42 42 41 40 41 42 42 41 41 42 42 41 41 40 39 40 43 43 39 40 40 42 42 43 43 44 45 46 45 44 44 45 45 47 48 48 46 55 53 53 53 53 48 47 49 49 49 52 52 52 52 52 52 51 54 54 53 52 52 52 52 52 52 51 51 51 51 50 50 50 50 60 61 64 58 63 64
43 46 43 41 42 46 48 46 44 44 44 43 42 42 42 42 42 42 41 43 43 43 43 42 37 37 40 41 42 39 39 40 42 41 42 44 44 45 45 45 44 44 44 45 47 48 48 48 45 54 53 53 53 50 53 52 52 51 52 52 53 55 55 54 54 55 56 57 57 57 56 56 56 55 55 55 55 53 51 51 53 55 63 60 62 64 67 62
40 40 40 39 42 45 48 47 46 46 46 45 45 45 42 42 42 43 43 43 43 43 43 42 38 41 41 41 41 40 39 39 39 39 42 42 44 45 45 44 43 43 44 45 47 49 48 48 48 56 56 53 53 52 53 53 52 52 52 54 55 55 56 56 56 57 59 60 59 60 60 60 59 58 58 56 55 54 55 54 54 56 62 62 63 64 72 69
40 39 49 49 42 45 46 48 46 46 47 47 46 45 45 42 42 43 43 43 43 42 42 41 38 40 41 41 41 40 39 39 42 41 42 43 43 44 46 45 43 43 43 45 49 50 50 49 50 48 56 54 55 53 56 56 55 55 55 55 58 58 58 57 57 59 61 53 53 53 53 62 60 60 62 58 56 57 58 58 61 61 65 60 63 67 72 74
46 39 48 49 39 45 43 49 48 47 47 49 47 45 45 44 44 43 43 43 43 43 42 42 40 40 40 41 42 42 42 42 42 42 42 41 43 44 45 44 44 43 43 46 51 51 51 51 51 49 46 55 56 52 48 48 58 58 56 58 58 58 58 58 57 59 61 53 53 54 56 57 58 61 61 60 58 60 64 59 59 57 58 59 62 66 71 74
48 39 47 47 49 40 41 49 50 48 46 47 46 45 45 45 45 43 43 43 43 42 42 42 42 42 41 41 42 42 41 42 42 42 40 41 43 45 46 43 45 43 43 49 54 54 54 52 51 48 48 48 48 55 48 49 59 59 59 58 58 59 59 61 59 59 62 54 56 56 59 64 66 70 62 59 60 62 58 65 59 59 59 69 61 64 71 71
48 43 47 46 48 37 39 43 49 49 46 46 46 45 46 45 44 43 43 43 41 41 40 40 42 42 42 39 42 42 39 40 41 40 40 41 43 46 47 43 45 44 44 51 56 58 57 56 53 49 49 48 51 48 48 49 50 50 51 60 60 61 61 62 61 62 64 56 60 64 67 71 72 70 55 60 60 64 58 63 59 67 58 70 60 63 71 70
40 40 47 46 46 47 37 40 46 46 46 47 46 48 46 45 45 43 43 43 42 42 40 40 42 42 42 42 41 42 40 40 40 42 42 43 45 46 46 46 45 45 45 52 59 62 61 58 58 56 51 52 51 50 48 51 51 51 53 52 51 51 53 53 53 54 57 63 68 71 72 72 69 67 55 66 61 65 66 58 56 67 59 70 71 63 71 70
40 38 46 46 46 46 37 37 40 40 43 43 46 47 48 46 45 43 43 42 41 40 40 40 42 42 42 42 42 42 39 42 42 43 43 43 44 46 47 46 44 45 45 49 59 64 62 57 56 61 59 56 55 50 48 52 56 56 56 56 56 57 59 60 60 61 65 70 78 70 69 68 66 69 58 56 65 67 64 65 66 59 61 61 60 63 71 68
38 37 46 46 46 46 47 37 40 42 47 45 42 45 47 45 45 44 43 43 41 40 40 40 41 42 42 42 42 40 39 40 42 43 43 44 43 44 46 44 44 45 46 46 52 56 61 59 58 64 65 58 55 48 52 60 64 65 63 61 64 66 66 70 69 68 69 77 76 67 63 60 65 65 61 58 67 64 64 65 70 61 67 65 63 63 70 68
39 38 38 46 44 45 48 40 46 46 49 49 48 48 51 48 45 45 44 43 41 41 41 41 41 40 42 42 42 42 41 40 43 43 42 42 44 46 45 44 45 46 48 51 51 54 59 61 62 64 63 61 58 49 49 57 65 71 70 64 71 77 71 80 80 76 74 75 71 64 59 58 64 63 64 62 67 64 64 66 58 67 74 75 68 64 62 64
41 41 41 44 44 45 48 42 46 52 55 52 51 51 57 51 46 44 44 43 42 42 41 41 41 40 39 41 41 42 41 40 42 43 43 42 43 45 44 43 46 48 53 56 55 55 52 54 57 66 66 58 55 55 55 52 57 64 75 70 89 85 71 82 86 77 71 67 63 62 57 62 63 65 64 58 67 65 70 68 58 67 74 75 68 63 59 59
38 38 36 44 44 45 37 43 52 55 52 52 49 48 54 51 47 46 45 44 42 42 41 41 41 41 39 41 41 42 42 41 41 40 41 43 41 42 44 44 45 48 56 64 61 59 53 51 53 58 61 60 59 61 66 58 59 78 81 75 85 91 80 88 85 71 62 60 59 56 56 60 66 72 64 57 65 60 68 60 60 69 72 68 64 62 61 59
36 43 43 44 45 45 37 43 52 52 49 48 47 45 49 49 46 45 44 43 42 42 41 41 40 40 40 42 42 42 41 41 41 40 41 41 40 41 44 44 45 48 56 66 64 58 54 51 54 58 60 59 62 64 68 68 59 81 73 83 86 92 88 82 74 64 58 57 56 55 59 57 61 70 64 57 68 60 69 61 64 66 69 64 61 62 62 62
43 43 43 44 45 37 42 49 58 51 45 48 50 48 45 46 45 44 44 43 42 42 42 41 40 41 42 41 42 42 42 41 41 41 41 43 41 42 42 44 46 50 58 64 69 60 53 53 55 60 57 58 60 60 66 60 57 64 67 75 75 80 82 73 65 59 57 56 56 59 64 64 60 58 57 58 63 67 69 61 62 64 64 61 59 59 64 64
42 43 44 44 37 43 51 61 61 54 46 45 48 48 47 44 42 44 44 44 42 41 42 41 40 40 41 41 41 41 41 41 40 41 41 41 41 44 44 44 47 53 71 63 61 58 61 62 63 58 55 55 56 58 66 63 58 56 65 70 67 77 75 67 58 58 56 56 56 61 67 64 59 55 66 63 72 72 69 66 63 61 60 57 58 62 64 67
42 43 44 45 40 46 50 58 53 55 53 52 43 41 43 44 43 43 43 42 41 41 41 41 40 40 41 41 41 41 41 41 41 41 43 44 43 42 44 44 47 54 56 53 55 59 68 65 64 58 55 56 60 60 64 62 57 54 61 65 65 71 62 61 58 58 57 56 59 64 62 62 58 65 66 59 62 64 72 72 64 61 58 66 58 64 70 72
