model/data/bioclim/bclim5.asc
NCOLS 300 
NROWS 300 
XLLCORNER -125.25 
YLLCORNER 30.75 
CELLSIZE 0.0416666666666667 
NODATA_value -3.4e+38 
[rows 176 to 197 of 300, columns 147 to 195 of 300]
36.1839981079102 37.076000213623 37.8720016479492 38.4360008239746 38.8079986572266 38.8199996948242 38.2439994812012 37 35.6279983520508 34.2719993591309 32.3800010681152 30.0919990539551 26.488000869751 24.0359992980957 27.2399997711182 31.2040004730225 30.2360000610352 26.2159996032715 24.6159992218018 24.4120006561279 26.5520000457764 27.2320003509521 29.0559997558594 28.8600006103516 27.5639991760254 27.2959995269775 27.9519996643066 29.1879997253418 33.4720001220703 37.7039985656738 38.5120010375977 39.1279983520508 39.7840003967285 40.0559997558594 39.947998046875 39.3520011901855 38.1199989318848 34.5359992980957 32.8839988708496 32.3800010681152 33.984001159668 36.2639999389648 38.5719985961914 39.7400016784668 39.2960014343262 41.7840003967285 41.5039978027344 35.8199996948242 34.2960014343262
36.3359985351562 37.2879981994629 38.1479988098145 38.6279983520508 38.8720016479492 38.8440017700195 38.3279991149902 37.1720008850098 34.9080009460449 34.1839981079102 32.3800010681152 29.3320007324219 26.2320003509521 23.9799995422363 25.6520004272461 29.7999992370605 32.7319984436035 28.3199996948242 24.8439998626709 24.9479999542236 26.3640003204346 27.9440002441406 28.996000289917 29.0319995880127 27.488000869751 27.5960006713867 27.988000869751 29.931999206543 33.7120018005371 37.8279991149902 39.4080009460449 39.8120002746582 39.9879989624023 39.7999992370605 39.9519996643066 40.076000213623 39.2799987792969 36.7680015563965 35.5799980163574 34.4080009460449 33.6440010070801 36.492000579834 39.6040000915527 40.8440017700195 39.5719985961914 38.6720008850098 41.6440010070801 39.7319984436035 37.3400001525879
36.3240013122559 36.976001739502 37.9519996643066 38.5999984741211 38.8520011901855 38.7280006408691 38.1319999694824 36.7200012207031 34.9519996643066 32.9599990844727 30.9200000762939 28.8479995727539 25.7240009307861 24.7399997711182 27.3840007781982 31.2000007629395 32.2840003967285 29.7199993133545 26.2639999389648 25.5679988861084 26.2000007629395 27.07200050354 29.7360000610352 28.9120006561279 29.9680004119873 29.7280006408691 28.2360000610352 29.8719997406006 32.4080009460449 37.1520004272461 39.3359985351562 40.1040000915527 40.3479995727539 40.2519989013672 40.1959991455078 40.2239990234375 39.8880004882812 38.3759994506836 36.939998626709 35.2519989013672 35.5120010375977 38.2280006408691 40.7599983215332 41.4119987487793 40.0480003356934 36.8839988708496 39.3400001525879 41.3759994506836 38.6240005493164
36.3279991149902 36.9280014038086 37.9360008239746 38.7639999389648 39.0439987182617 38.7639999389648 37.7120018005371 34.8680000305176 31.6079998016357 31.9680004119873 31.3199996948242 29.3880004882812 26.0440006256104 25.6159992218018 27.423999786377 29.7280006408691 34.2799987792969 32.3759994506836 29.4839992523193 28.0319995880127 27.0520000457764 28.3920001983643 31.6999988555908 31.4160003662109 32.9959983825684 31.5319995880127 28.7600002288818 30.4640007019043 33.576000213623 37.2080001831055 39.0880012512207 39.9000015258789 40.1800003051758 40.1640014648438 40.1599998474121 40.1399993896484 39.9799995422363 39.423999786377 37.8520011901855 37.1399993896484 37.931999206543 39.7719993591309 41.0200004577637 41.2799987792969 41.0200004577637 38.5719985961914 36.5800018310547 40.2519989013672 40.2519989013672
36.2400016784668 36.7879981994629 37.6640014648438 38.6640014648438 39.1599998474121 38.8479995727539 37.8400001525879 35.8919982910156 32.484001159668 32.3240013122559 31.9400005340576 30.6240005493164 29.0240001678467 26.2080001831055 27.3040008544922 30.7679996490479 34.7159996032715 34.9560012817383 32.6360015869141 32.8800010681152 30.7520008087158 31.1399993896484 34.2480010986328 35.0359992980957 34.9720001220703 32.939998626709 29.7639999389648 29.2520008087158 33.423999786377 36.7599983215332 38.9599990844727 39.6679992675781 39.8359985351562 39.8880004882812 39.9440002441406 40.0279998779297 39.8839988708496 39.5559997558594 38.923999786377 39.0880012512207 39.0639991760254 40.7039985656738 40.515998840332 40.2760009765625 40.8600006103516 39.3839988708496 35.8479995727539 38.923999786377 41.1840019226074
35.9519996643066 37.2760009765625 38.423999786377 38.9440002441406 39.0359992980957 38.6920013427734 37.4160003662109 34.9679985046387 32.3600006103516 32.8880004882812 31.8600006103516 30.2520008087158 27.1240005493164 26.4200000762939 28.6840000152588 33.3400001525879 35.560001373291 35.2680015563965 35.8120002746582 36.0120010375977 35.7960014343262 35.3919982910156 35.2799987792969 32.0839996337891 28.9720001220703 30.8239994049072 30.5960006713867 30.3320007324219 33.2239990234375 36.0359992980957 38.6440010070801 39.4039993286133 39.5839996337891 39.6959991455078 39.7639999389648 39.7599983215332 39.439998626709 39.8639984130859 40.076000213623 40.2840003967285 40.576000213623 41.076000213623 41.2960014343262 41.1959991455078 41.423999786377 40.423999786377 37.7879981994629 38.2719993591309 40.8839988708496
35.9799995422363 37.4799995422363 38.7000007629395 39.0040016174316 38.9680023193359 38.5800018310547 37.2680015563965 35.0919990539551 33.0320014953613 33.1839981079102 30.8479995727539 29.011999130249 26.9120006561279 27.4879989624023 30.5480003356934 35.1520004272461 34.2439994812012 35.4200019836426 36.068000793457 35.7639999389648 36.5 34.7400016784668 33.007999420166 29.3880004882812 27.5480003356934 28.492000579834 30.0359992980957 32.5 32.9360008239746 36.1520004272461 38.4879989624023 39.1399993896484 39.3640022277832 39.5879974365234 39.6319999694824 39.515998840332 39.2439994812012 39.9080009460449 40.439998626709 40.5519981384277 40.4959983825684 40.9280014038086 41.4360008239746 41.4879989624023 41.5719985961914 39.0719985961914 35.8800010681152 36.4799995422363 39.4440002441406
35.7799987792969 37.6360015869141 38.8520011901855 38.9680023193359 38.8520011901855 38.5279998779297 37.4360008239746 35.3400001525879 33.5359992980957 34.1520004272461 31.2360000610352 28.8840007781982 28.2840003967285 30.3360004425049 34.3120002746582 35.7159996032715 32.9879989624023 32.6279983520508 32.052001953125 31.2919998168945 34.3079986572266 35.7280006408691 32.3600006103516 29.0160007476807 28.3920001983643 29.9440002441406 31.5359992980957 33.1640014648438 35.4119987487793 37.1160011291504 38.2919998168945 38.984001159668 39.3160018920898 39.4280014038086 39.5599975585938 39.5279998779297 39.1879997253418 38.9519996643066 39.4119987487793 39.7000007629395 40.3079986572266 40.9119987487793 41.1800003051758 41.2680015563965 40.8639984130859 36.8120002746582 35.8240013122559 37.5200004577637 39.6920013427734
35.8079986572266 37.6759986877441 38.8720016479492 39.0319976806641 38.9000015258789 38.6440010070801 37.8079986572266 35.6399993896484 33.7799987792969 32.8600006103516 30.1919994354248 30.7840003967285 32.5919990539551 32.2200012207031 33.0559997558594 31.7239990234375 30.5599994659424 30.6240005493164 29.1280002593994 29.2360000610352 33.0279998779297 34.6640014648438 33.1759986877441 30.8880004882812 30.42799949646 32.439998626709 34.5 35.7400016784668 36.6479988098145 37.4119987487793 37.9640007019043 38.5439987182617 38.9160003662109 38.9039993286133 38.5960006713867 38.4080009460449 38.0839996337891 38.0839996337891 38.3320007324219 39.6640014648438 40.7000007629395 40.9440002441406 40.6720008850098 40.5719985961914 40.7480010986328 39.4759979248047 38.7919998168945 39.6119995117188 40.6160011291504
36.1479988098145 37.7439994812012 38.6879997253418 38.8479995727539 38.7840003967285 38.6559982299805 38.2400016784668 36.7560005187988 34.1720008850098 31.6679992675781 32.1599998474121 31.3600006103516 31.1119995117188 28.8680000305176 31.2639999389648 30.4440002441406 28.07200050354 27.2560005187988 26.9640007019043 27.3999996185303 30.2320003509521 32.6839981079102 32.7480010986328 31.2159996032715 32.3759994506836 33.9560012817383 35.9160003662109 36.7159996032715 37.1559982299805 37.4039993286133 36.7400016784668 37.1679992675781 37.6360015869141 38.1959991455078 37.7400016784668 37.8279991149902 38.1679992675781 38.9799995422363 39.6119995117188 40.2999992370605 40.5719985961914 40.4039993286133 40.0439987182617 40.1119995117188 40.4000015258789 40.2799987792969 40.2439994812012 40.3479995727539 40.6160011291504
36.023998260498 37.3440017700195 38.2480010986328 38.5040016174316 38.6479988098145 38.5839996337891 38.2560005187988 37.1599998474121 35.492000579834 34.7120018005371 32.2480010986328 28.7639999389648 27.1399993896484 27.2399997711182 29.6439990997314 29.0400009155273 27.1280002593994 25.1119995117188 25.4440002441406 27.7479991912842 29.2360000610352 31.3040008544922 31.8880004882812 31.2239990234375 32.6640014648438 34.4599990844727 35.8320007324219 36.4959983825684 36.8120002746582 36.4080009460449 34.7080001831055 36.1920013427734 36.9519996643066 37.023998260498 36.4480018615723 37.5400009155273 37.8279991149902 37.8079986572266 38.5799980163574 39.3639984130859 39.5639991760254 39.2159996032715 39.4480018615723 39.7519989013672 39.7680015563965 39.1279983520508 38.523998260498 39.8639984130859 39.7719993591309
36.3880004882812 37.1240005493164 37.6920013427734 37.8600006103516 38.1959991455078 38.6080017089844 38.5919990539551 38.2239990234375 36.6839981079102 34.5800018310547 33.1679992675781 30.2520008087158 27.6240005493164 28.3120002746582 30.6040000915527 30.5399990081787 29.3279991149902 27.076000213623 26.6480007171631 27.0879993438721 28.6560001373291 31.6760005950928 31.6480007171631 31.7320003509521 32.8240013122559 34.3959999084473 35.5960006713867 36.1279983520508 36.4640007019043 36.0999984741211 35.447998046875 35.576000213623 37.9039993286133 37.9640007019043 37.8040008544922 38.015998840332 37.8199996948242 36.6800003051758 36.4560012817383 37.7840003967285 38.1599998474121 38.7760009765625 39 38.3720016479492 38.2840003967285 37.7680015563965 37.1279983520508 37.484001159668 37.5559997558594
36.9120025634766 37.0719985961914 37.1720008850098 37.2360000610352 37.515998840332 37.8159980773926 37.7960014343262 37.8359985351562 37.8079986572266 36.7680015563965 34.8160018920898 32.2280006408691 31.1079998016357 30.9640007019043 31.4440002441406 30.9799995422363 30.7880001068115 30.8479995727539 29.7199993133545 27.6319999694824 28.8519992828369 32.6479988098145 32.8279991149902 32.6800003051758 33.6160011291504 34.6080017089844 35.9519996643066 36.8600006103516 37.0559997558594 36.9119987487793 37.6520004272461 38.947998046875 39.6599998474121 39.1759986877441 38.3160018920898 37.6360015869141 37.5120010375977 36.939998626709 37.6640014648438 38.076000213623 37.1240005493164 38.3520011901855 38.0960006713867 37.4560012817383 37.015998840332 36.0359992980957 36.9519996643066 37.8559989929199 37.2519989013672
36.7439994812012 36.8440017700195 37 37.1440010070801 37.1440010070801 36.9519996643066 36.8720016479492 37.1360015869141 37.3639984130859 37.0400009155273 35.7560005187988 34.3120002746582 32.8839988708496 32.1160011291504 31.0559997558594 29.8439998626709 31.2880001068115 32.6839981079102 32.4199981689453 30 29.931999206543 32.8240013122559 33.1720008850098 33.4080009460449 34.9000015258789 35.3199996948242 36.4160003662109 37.6560020446777 38.2799987792969 39.1199989318848 39.2480010986328 39.3880004882812 39.1279983520508 38.1440010070801 36.4200019836426 36.4440002441406 36.507999420166 37.0240020751953 38.9119987487793 39.0800018310547 38.492000579834 38.3359985351562 37.3159980773926 36.4519996643066 37 36.1920013427734 36.7159996032715 38.2599983215332 38.7639999389648
35.9199981689453 36.2999992370605 36.6959991455078 36.6560020446777 36.6079978942871 36.6119995117188 36.6959991455078 36.9119987487793 36.9480018615723 37.1759986877441 37.1399993896484 35.7799987792969 35.3440017700195 34.2400016784668 32.3639984130859 31.5240001678467 32.3440017700195 33.0639991760254 32.6879997253418 30.92799949646 30 32.068000793457 33.5519981384277 34.5880012512207 35.7000007629395 35.6879997253418 37.3520011901855 38.6080017089844 39.1879997253418 39.2000007629395 38.8479995727539 38.2680015563965 37.3040008544922 36.1119995117188 36.439998626709 37.4080009460449 37.8440017700195 38.3120002746582 39.0480003356934 39.1639976501465 38.8759994506836 38.492000579834 37.3720016479492 36.6119995117188 37.023998260498 36.7400016784668 36.439998626709 38.1160011291504 38.7960014343262
34.7879981994629 35.3160018920898 35.7919998168945 35.7919998168945 36.060001373291 36.3199996948242 36.2760009765625 36.3240013122559 36.1599998474121 36.3839988708496 36.1240005493164 35.1959991455078 34.5519981384277 32.7360000610352 30.2679996490479 29.9360008239746 30.923999786377 31.488000869751 31.2199993133545 30.6480007171631 29.8799991607666 30.8400001525879 33.1240005493164 33.2680015563965 33.6160011291504 35.4519996643066 38.1720008850098 38.9519996643066 39.1160011291504 38.6759986877441 37.6479988098145 37.0559997558594 36.5800018310547 36.8359985351562 37.476001739502 37.7999992370605 38.0559997558594 38.1199989318848 38.6040000915527 38.9000015258789 38.7000007629395 38.476001739502 37.8440017700195 37.1479988098145 37.3959999084473 37.4039993286133 36.9280014038086 38.2560005187988 38.6839981079102
34.7840003967285 34.9119987487793 34.8639984130859 34.9480018615723 35.4519996643066 35.8160018920898 35.9000015258789 36.0839996337891 36.0480003356934 35.8400001525879 33.3400001525879 29.0480003356934 30.1840000152588 32.3240013122559 31.5839996337891 30.5 29.423999786377 29.2040004730225 29.6879997253418 29.8439998626709 29.1919994354248 29.5319995880127 31.4400005340576 33.1559982299805 34.7159996032715 37.1599998474121 38.3880004882812 38.8359985351562 38.7960014343262 38.1520004272461 37.5999984741211 37.3400001525879 37.2519989013672 37.5839996337891 37.9280014038086 38.0519981384277 38.0559997558594 37.8800010681152 37.8800010681152 38.3600006103516 38.2960014343262 37.9560012817383 37.6279983520508 37.3159980773926 37.6679992675781 38.068000793457 38.3160018920898 38.5200004577637 38.4560012817383
34.4480018615723 34.5120010375977 34.3400001525879 34.476001739502 35.1279983520508 35.7000007629395 35.9080009460449 36.1879997253418 36.2239990234375 34.3199996948242 30.2280006408691 28.2399997711182 28.6319999694824 30.6800003051758 31.5240001678467 30.9720001220703 30.0599994659424 29.8959999084473 30.7639999389648 31.0919990539551 30.1760005950928 29.6959991455078 31.3840007781982 33.5200004577637 35.984001159668 37.6640014648438 38.2400016784668 38.5639991760254 38.560001373291 38.2680015563965 37.9000015258789 37.6119995117188 37.6160011291504 37.7599983215332 37.9519996643066 38.076000213623 38.0599975585938 38.0639991760254 37.992000579834 37.439998626709 37.1520004272461 38.2400016784668 38.0559997558594 37.6319999694824 37.8839988708496 38.2480010986328 38.1479988098145 38.2239990234375 38.4679985046387
34.6199989318848 34.3479995727539 34.2039985656738 34.492000579834 35.3320007324219 35.8680000305176 35.8720016479492 36.4080009460449 35.8439979553223 32.1959991455078 30.3839988708496 29.9160003662109 30.496000289917 30.511999130249 30.7959995269775 31.5520000457764 31.5520000457764 31.6240005493164 31.92799949646 31.7679996490479 30.1520004272461 30.9879989624023 33.4799995422363 35.7599983215332 36.8759994506836 37.5960006713867 38.007999420166 38.2159996032715 38.1920013427734 38.1040000915527 37.9720001220703 37.9200019836426 37.9440002441406 38.076000213623 38.0040016174316 37.9000015258789 37.8400001525879 37.9560012817383 38.1119995117188 38.1679992675781 38.1679992675781 38.7080001831055 39.2760009765625 38.8919982910156 38.5480003356934 37.5880012512207 38.1800003051758 38.7680015563965 38.4799995422363
35.3079986572266 35.507999420166 35.439998626709 35.1240005493164 35.2400016784668 35.6399993896484 36.068000793457 36.8240013122559 36.7200012207031 34.7360000610352 32.6160011291504 30.9120006561279 30.92799949646 30.503999710083 30.3759994506836 30.2719993591309 30.7959995269775 31.5559997558594 32.2080001831055 32.3439979553223 32.2360000610352 33.6520004272461 35.2239990234375 36.2120018005371 36.931999206543 37.4599990844727 37.7680015563965 37.9599990844727 38.023998260498 38.0719985961914 38.0919990539551 38.1599998474121 38.1640014648438 38.1720008850098 38.0120010375977 37.5439987182617 37.5400009155273 37.7239990234375 38.052001953125 38.423999786377 38.7200012207031 39.2560005187988 39.6679992675781 39.7239990234375 39.7439994812012 39.4039993286133 39.1240005493164 39.4640007019043 38.8279991149902
35.1920013427734 35.1319999694824 35.2799987792969 35.2120018005371 34.9799995422363 35.2480010986328 35.8800010681152 36.4360008239746 36.9080009460449 36.1399993896484 35.0639991760254 31.5399990081787 28.7719993591309 27.5240001678467 27.2560005187988 26.6760005950928 27.8279991149902 29.7999992370605 31.6359996795654 32.9560012817383 33.9560012817383 34.9959983825684 35.9519996643066 36.4080009460449 36.9560012817383 37.3320007324219 37.4199981689453 37.576000213623 37.7919998168945 38.1920013427734 38.2960014343262 38.2480010986328 38.2280006408691 38.0999984741211 37.7760009765625 37.5279998779297 37.5719985961914 37.7840003967285 38.0040016174316 38.3919982910156 38.7760009765625 39.3320007324219 39.6559982299805 39.7200012207031 39.8160018920898 40 39.9799995422363 39.7680015563965 38.9119987487793
35.9599990844727 35.6520004272461 35.6959991455078 35.9199981689453 35.4519996643066 34.8759994506836 35.0400009155273 35.8159980773926 36.3600006103516 35.6040000915527 33.560001373291 30.6919994354248 29.2280006408691 28.0520000457764 27.1040000915527 25.8519992828369 27.5559997558594 29.3799991607666 31.8080005645752 34.0960006713867 34.9440002441406 35.6840019226074 36.2560005187988 36.6800003051758 37.0559997558594 37.2519989013672 37.1879997253418 37.3959999084473 37.9080009460449 38.0919990539551 38.2760009765625 38.2039985656738 38.1160011291504 37.976001739502 37.8199996948242 37.7519989013672 37.9200019836426 37.9560012817383 38.1800003051758 38.515998840332 38.7039985656738 39.1640014648438 39.3959999084473 39.476001739502 39.6479988098145 39.8400001525879 39.9679985046387 39.8880004882812 39.439998626709
