model/data/bioclim/bclim13.asc
NCOLS 300 
NROWS 300 
XLLCORNER -125.25 
YLLCORNER 30.75 
CELLSIZE 0.0416666666666667 
NODATA_value -3.4e+38 
[rows 190 to 227 of 300, columns 172 to 257 of 300]
31 25 22 20 19 18 19 24 31 31 26 23 20 17 15 15 17 23 28 26 27 29 21 19 20 20 22 21 21 24 22 22 20 19 16 15 18 18 15 14 14 13 14 14 15 13 13 11 11 13 14 16 18 22 28 32 32 33 35 38 40 39 33 30 29 31 34 37 40 40 39 40 38 32 28 26 25 26 28 30 29 24 22 16 18 21
31 23 21 20 21 22 23 26 26 23 22 21 20 17 15 16 17 20 25 24 24 28 20 18 19 19 19 20 23 24 25 19 19 16 15 16 21 15 12 12 13 13 14 15 18 18 15 12 11 12 14 15 17 21 25 30 32 33 37 40 40 37 34 34 37 42 46 44 41 39 38 37 36 34 27 25 25 26 29 34 36 29 23 17 17 20
26 23 22 21 21 22 22 22 21 20 19 19 20 19 17 17 18 20 22 22 21 20 19 19 18 19 21 21 22 27 27 23 19 16 15 15 14 12 12 12 12 15 16 17 18 15 14 12 11 12 13 15 17 20 24 28 31 35 37 38 37 36 36 39 44 45 46 43 40 38 37 36 35 37 27 24 24 26 29 34 33 28 22 18 17 20
25 24 22 21 21 20 20 20 19 19 18 18 18 18 21 22 16 18 20 20 20 21 22 20 22 21 24 25 21 22 23 19 20 17 15 15 14 13 13 12 11 12 15 18 17 14 13 11 11 12 13 14 18 20 24 27 31 35 35 33 32 33 36 42 45 44 43 42 40 38 36 35 34 35 27 24 24 25 28 30 28 25 20 17 16 19
25 24 22 21 21 20 20 19 19 18 18 18 17 16 16 17 16 14 15 17 24 22 19 20 23 22 24 25 19 18 17 14 15 17 16 17 16 15 13 13 11 10 11 13 14 13 14 12 12 12 13 14 19 23 25 28 30 31 29 28 28 31 37 43 44 43 42 41 39 37 36 35 33 34 29 24 23 24 26 28 27 24 19 17 17 19
26 24 22 21 21 20 20 19 18 18 19 18 17 16 15 15 14 13 12 14 16 18 16 18 23 26 27 27 18 15 13 13 13 14 18 19 18 16 14 14 14 13 13 11 12 13 12 12 12 12 13 14 17 24 25 31 33 28 25 25 27 32 40 44 44 44 41 40 38 36 35 35 33 32 28 25 23 23 25 26 23 20 17 17 17 19
25 24 23 22 21 20 20 19 18 17 17 17 16 15 15 14 13 13 12 13 12 13 14 17 23 31 30 26 18 16 14 12 12 13 15 17 16 15 15 13 13 14 14 12 12 12 12 12 12 12 13 15 16 19 24 26 29 26 23 24 28 36 42 43 42 41 38 38 40 36 35 34 32 33 29 26 24 23 23 26 22 18 17 16 17 19
26 25 23 22 21 19 19 18 17 17 17 16 16 15 15 14 13 13 12 13 14 13 13 15 18 20 20 19 22 23 19 14 12 13 12 14 13 13 13 13 15 15 14 13 12 12 12 12 13 15 15 14 15 17 20 22 22 21 21 25 30 40 42 43 39 36 35 36 35 35 32 31 31 30 29 29 26 23 22 26 24 17 15 17 17 19
26 25 23 22 21 17 16 17 18 17 17 17 16 15 15 14 13 13 13 13 13 13 13 14 17 18 17 17 21 25 21 16 14 13 12 12 12 13 13 16 18 16 15 14 13 13 13 14 16 17 18 17 15 16 18 19 19 20 22 27 37 43 35 38 34 33 32 32 32 32 30 29 29 28 27 26 24 23 21 23 20 16 15 16 17 18
27 26 24 22 20 17 16 17 18 20 19 18 18 17 15 15 14 14 14 14 13 14 14 14 15 17 18 16 16 17 20 16 15 13 13 12 14 15 15 18 21 19 17 16 14 13 16 18 21 18 19 21 19 17 17 19 22 22 24 30 41 42 32 31 31 30 30 29 28 29 28 28 27 27 25 24 23 22 21 20 18 16 16 16 16 17
29 27 25 24 21 18 17 18 19 20 21 19 19 19 18 16 14 14 14 14 14 13 14 14 15 16 15 16 15 14 14 13 13 13 13 13 14 16 17 19 23 23 21 17 15 15 19 20 21 20 22 19 17 17 19 21 24 25 27 33 42 39 31 28 28 28 27 27 26 26 26 26 28 28 25 24 25 24 21 19 18 17 16 15 16 17
29 24 23 23 19 20 19 20 19 20 21 20 19 18 17 15 15 14 14 15 15 14 15 15 17 18 18 18 17 16 15 15 14 13 13 13 13 15 15 17 22 27 22 16 14 13 15 17 20 22 22 21 18 18 21 25 29 32 31 37 43 35 29 26 26 25 25 24 24 24 25 26 28 28 24 25 28 26 22 21 21 18 16 16 16 17
30 25 23 23 23 21 22 22 21 21 22 22 20 18 16 15 15 14 14 14 15 16 16 17 18 19 23 24 24 24 23 22 23 21 16 14 13 15 15 15 15 18 20 18 15 14 14 16 18 22 22 20 20 21 23 34 40 42 38 37 36 30 27 25 24 24 23 22 22 23 25 27 29 27 24 24 25 25 24 24 27 19 17 16 16 16
29 27 26 26 25 25 27 27 25 24 22 22 22 20 17 15 14 13 14 14 15 17 18 20 22 21 23 29 33 36 38 43 42 27 21 18 18 18 17 17 17 16 18 20 17 15 15 16 20 21 23 24 23 24 27 30 37 39 36 35 31 28 26 27 31 28 22 21 22 23 26 30 32 27 24 23 23 24 25 25 23 20 18 17 16 16
29 28 27 27 26 27 29 28 27 25 24 27 33 26 19 15 14 14 15 18 17 22 27 29 26 24 26 30 36 42 48 44 40 37 35 34 29 24 19 17 18 18 17 17 16 16 16 17 19 20 21 22 23 24 26 28 29 29 31 30 27 25 28 32 31 25 21 21 22 24 30 35 32 27 24 22 23 24 25 25 25 22 20 18 17 17
31 29 28 28 28 27 29 29 27 27 25 24 30 29 20 15 14 14 17 27 24 29 34 41 48 39 36 46 48 50 74 54 47 54 53 51 39 35 29 24 21 17 16 18 19 18 18 19 18 18 18 20 21 21 25 25 24 24 27 28 25 23 24 25 23 21 20 21 23 26 30 32 29 26 23 22 24 26 25 24 24 24 22 21 22 22
32 31 30 30 31 30 29 28 28 28 26 24 23 25 20 16 15 15 20 38 28 30 35 42 49 35 38 55 68 54 55 70 46 49 61 56 41 38 36 31 26 17 16 18 20 21 18 17 16 16 17 18 19 19 19 22 23 21 21 24 24 21 20 20 19 19 20 23 26 29 32 31 29 25 22 22 25 26 24 23 23 24 24 26 26 21
34 33 33 33 34 34 32 31 31 31 30 27 25 24 20 17 15 15 25 29 25 28 35 39 64 53 33 39 42 45 49 42 42 47 41 36 36 31 27 34 25 22 21 21 21 21 18 15 14 14 15 15 15 15 15 16 19 20 18 17 19 20 19 18 17 18 20 25 30 33 33 30 28 24 22 22 24 25 23 22 22 23 24 27 25 21
39 38 38 37 37 37 36 36 35 35 35 33 31 27 23 21 19 18 19 24 29 28 39 37 45 60 38 31 33 36 40 36 44 44 36 32 27 25 23 25 29 32 34 31 24 20 19 17 16 14 14 13 13 13 14 13 14 14 15 15 14 15 17 17 17 18 21 28 38 40 35 31 27 24 22 21 23 23 21 21 21 21 23 25 29 26
54 48 46 44 44 45 43 44 43 43 42 42 39 35 31 28 26 24 24 26 29 30 31 48 56 58 37 33 33 33 35 39 43 40 31 29 31 28 27 27 24 27 29 33 31 25 22 19 18 16 15 13 13 13 13 13 13 13 14 14 14 15 15 16 20 20 21 24 31 36 37 32 26 23 21 21 21 21 21 20 20 20 22 23 24 22
86 71 74 64 62 59 60 63 61 59 56 57 53 48 44 40 37 33 31 30 32 34 36 42 59 40 36 35 35 35 41 38 35 37 32 27 27 31 27 24 21 22 23 24 27 27 26 23 21 20 19 18 14 13 13 13 13 13 13 14 14 14 15 16 23 18 20 22 29 36 30 32 24 21 20 20 21 22 21 20 20 20 20 21 21 20
99 87 99 111 92 85 98 111 111 97 87 82 73 67 62 54 50 45 40 37 36 40 47 46 43 40 40 39 38 38 38 37 35 32 30 28 27 27 31 30 19 18 30 22 21 21 24 23 22 20 19 18 16 14 14 14 13 13 13 14 14 14 14 14 16 16 18 20 26 30 28 24 21 19 19 21 23 24 23 22 20 19 19 19 19 19
124 128 126 137 136 132 136 142 139 135 137 123 108 96 85 73 65 56 49 44 43 84 82 93 103 74 61 56 51 49 49 48 42 37 32 29 29 25 27 28 21 18 20 21 21 20 20 23 22 23 20 20 20 17 21 20 15 13 13 15 15 14 14 14 14 15 17 18 22 28 24 21 20 18 20 22 24 27 29 24 21 20 20 19 19 20
124 137 141 136 142 140 135 135 144 138 137 148 124 90 94 89 77 66 58 51 58 95 118 144 146 136 126 112 105 95 101 72 57 48 41 36 34 35 30 26 22 19 19 19 19 19 19 22 23 25 25 24 27 23 24 22 17 15 14 15 16 14 14 14 14 15 16 17 19 26 21 19 18 18 19 23 27 30 29 26 22 21 20 21 21 22
98 136 130 143 126 134 145 145 128 144 139 145 148 93 64 85 86 70 58 68 130 118 114 149 149 140 136 133 132 129 124 111 106 86 83 70 60 52 39 30 27 24 20 19 19 19 18 20 23 22 23 21 21 25 25 25 19 16 15 15 16 15 14 14 14 14 17 16 16 19 18 16 16 17 19 24 30 34 29 28 24 22 21 21 23 24
113 112 99 100 75 82 100 105 115 148 146 143 152 113 68 81 127 113 109 120 165 172 158 158 152 142 137 136 134 131 127 124 121 112 99 95 79 67 49 36 29 27 24 20 20 20 19 19 20 20 20 19 18 21 27 24 21 19 17 17 18 18 16 14 14 14 16 16 15 15 15 15 16 16 18 22 26 30 31 26 26 21 20 20 22 23
116 92 97 88 81 76 74 73 87 125 147 149 156 136 83 61 63 86 109 126 150 151 160 159 145 145 140 138 136 134 131 129 127 121 107 98 79 63 52 39 35 32 27 22 20 20 20 19 18 19 19 18 17 17 20 22 22 27 21 19 20 23 19 16 14 14 15 17 18 15 15 15 15 16 18 20 23 28 31 25 23 21 20 19 20 20
98 93 96 86 85 83 80 77 96 107 113 118 109 99 87 64 63 62 62 63 65 69 108 136 136 128 135 138 137 135 134 132 131 126 116 99 76 60 55 45 38 33 26 21 20 20 19 19 18 18 18 18 17 16 16 16 17 20 23 21 21 25 24 19 15 14 15 17 23 19 16 16 15 15 17 18 20 24 26 23 21 20 19 19 19 19
104 97 96 93 91 90 87 86 82 80 78 77 75 73 71 69 68 66 65 64 63 63 68 77 73 104 143 142 142 139 137 133 130 126 117 96 76 63 52 47 38 32 26 22 21 21 20 20 19 19 19 18 17 16 16 16 15 16 17 20 20 23 23 21 17 15 15 16 19 24 18 16 15 15 16 17 18 21 24 21 20 19 18 18 18 19
96 92 90 90 89 90 90 91 90 88 85 82 78 76 74 72 70 69 67 66 66 66 63 60 71 99 125 141 141 143 142 135 129 112 101 81 58 47 47 44 41 44 35 33 34 34 26 31 26 21 22 19 18 16 16 17 17 17 17 19 21 22 23 21 19 17 15 16 20 21 17 16 16 16 16 17 18 18 19 19 19 19 19 19 18 18
90 90 89 89 91 93 91 90 89 88 85 81 78 76 74 74 71 69 68 68 69 70 66 62 64 71 110 139 141 138 136 124 100 81 69 51 40 38 44 52 58 57 53 41 43 43 44 52 41 26 29 27 20 21 19 18 20 22 20 21 21 20 21 22 24 20 17 16 18 19 18 17 17 17 18 19 17 17 17 17 18 20 23 20 19 19
89 97 91 89 92 90 91 93 87 84 82 80 77 75 75 74 72 69 71 72 71 70 66 64 62 67 87 105 110 119 122 115 96 57 47 40 37 35 44 41 52 63 65 60 54 46 46 47 43 34 32 27 23 23 21 20 20 21 19 21 21 18 18 23 29 26 19 16 18 21 22 20 19 18 19 20 18 17 17 17 18 19 21 20 19 21
88 97 99 97 92 93 95 94 87 82 81 78 76 74 73 72 70 70 73 74 72 71 68 65 64 65 68 72 72 65 70 74 76 61 43 37 32 30 32 33 36 41 51 58 57 51 51 46 43 34 30 25 22 22 24 21 18 17 16 16 16 16 16 17 20 25 19 16 16 18 21 27 25 19 19 19 18 17 17 17 17 18 19 18 17 18
84 86 89 90 92 92 94 95 92 86 79 77 76 77 74 71 71 73 74 73 72 71 68 66 65 64 63 61 59 54 51 48 44 42 39 35 32 29 28 28 28 32 32 47 46 58 56 39 37 35 27 20 18 18 20 19 16 16 16 16 15 15 15 16 16 22 18 16 15 16 17 20 22 19 20 21 19 18 17 18 18 19 20 20 17 16
81 82 85 85 84 84 85 87 89 83 79 76 75 75 73 73 74 75 75 73 71 70 69 65 63 63 63 61 62 66 56 53 52 43 39 34 31 29 28 27 26 25 26 26 27 33 44 47 36 34 32 25 19 18 17 17 17 17 18 20 20 23 19 16 15 18 17 15 14 14 16 17 20 19 19 22 22 19 18 20 21 22 24 20 18 16
79 79 80 80 80 80 81 82 84 86 92 82 78 76 78 76 76 75 75 73 70 69 68 64 62 61 63 64 71 81 85 93 121 82 81 46 33 29 27 27 25 25 23 23 23 27 35 42 46 38 37 28 29 28 22 20 19 20 20 21 24 21 16 14 14 15 20 15 14 14 15 16 20 21 17 17 19 21 19 18 20 23 23 20 17 16
77 77 78 78 78 78 80 83 87 92 97 100 88 77 76 77 79 78 77 73 69 68 66 66 66 60 59 66 65 71 84 121 129 140 129 76 39 30 28 26 24 22 22 22 22 21 23 28 36 37 34 34 36 30 24 22 22 22 23 24 25 22 16 14 13 14 14 14 14 14 16 20 22 20 17 18 18 18 18 18 18 19 24 21 18 16
74 75 76 76 76 76 77 80 85 86 92 102 103 89 74 80 84 82 79 71 68 66 67 70 66 61 60 58 57 58 79 101 125 132 129 85 39 34 32 28 25 23 21 20 20 19 19 21 25 28 30 31 32 28 25 27 26 24 25 23 23 21 16 14 13 13 13 13 13 14 17 24 23 18 16 18 21 18 17 17 17 18 19 21 19 17
