model/data/bioclim/bclim5.asc
NCOLS 300 
NROWS 300 
XLLCORNER -125.250000000003 
YLLCORNER 30.7499999999996 
CELLSIZE 0.041666666666667 
NODATA_value -32768 
[rows 38 to 75 of 300, columns 86 to 171 of 300]
247 237 243 249 262 284 291 293 294 294 296 294 291 287 284 282 282 283 284 286 287 288 286 287 290 290 290 290 289 293 296 277 257 254 288 304 306 304 290 290 282 267 270 286 287 284 278 281 287 288 284 278 279 282 279 267 273 279 279 281 281 282 270 277 289 304 314 308 274 256 238 272 286 315 333 332 332 329 325 317 309 319 329 330 330 322
230 228 224 227 249 279 287 291 293 294 294 291 289 285 284 282 280 282 284 287 286 287 285 289 291 291 292 292 291 293 295 282 263 240 270 299 306 305 298 297 284 274 272 285 287 287 286 285 287 287 285 281 275 275 286 273 272 275 276 283 288 281 275 281 286 283 300 307 293 263 280 296 278 312 334 334 334 333 332 327 314 317 328 329 331 332
234 230 234 233 252 276 287 292 294 294 292 290 288 286 284 283 282 283 284 287 289 289 286 288 289 290 295 297 295 300 293 284 268 256 264 292 306 308 307 304 292 264 263 281 288 288 287 284 279 280 281 279 272 277 287 290 285 284 274 277 282 288 287 283 272 266 288 302 299 287 311 310 287 296 330 336 335 334 334 332 319 320 332 333 333 332
252 250 251 258 251 276 292 294 295 293 289 288 287 286 285 285 284 284 291 287 292 293 290 289 291 295 303 302 305 303 296 277 257 252 278 297 306 308 308 308 299 263 260 282 289 288 287 287 271 266 270 278 280 289 292 295 293 285 281 278 281 282 289 278 261 259 285 298 313 326 329 319 296 313 336 337 336 330 334 335 329 329 334 334 334 333
267 267 267 272 275 285 292 293 294 292 289 288 286 285 286 286 283 287 296 297 297 301 300 304 304 306 307 308 307 302 298 277 264 260 266 292 307 309 310 309 303 275 265 281 288 289 289 288 273 271 276 280 289 294 297 293 292 281 285 286 292 300 294 264 239 248 278 312 328 337 337 335 327 332 338 337 332 311 332 335 335 334 334 334 335 334
280 279 279 280 283 287 290 290 292 291 290 289 281 275 286 291 288 290 299 301 302 304 304 304 303 303 307 308 306 299 292 287 273 263 246 275 302 309 310 310 304 271 280 285 282 283 288 288 279 274 285 286 289 293 295 291 289 283 291 297 308 310 298 274 262 281 294 329 335 338 338 338 338 338 338 338 331 305 328 332 332 335 335 335 335 335
286 289 290 287 288 289 290 291 292 292 291 290 284 282 283 291 292 294 294 288 294 296 304 305 299 298 307 305 302 296 289 279 264 246 224 249 295 308 310 311 302 273 282 286 283 280 283 288 287 274 284 287 287 294 294 286 281 287 309 317 317 298 291 275 263 284 321 336 333 335 338 339 339 339 339 338 322 296 315 313 322 333 335 335 336 335
288 294 297 289 289 290 290 292 294 295 293 292 293 290 291 292 292 281 273 269 276 286 296 296 300 297 306 306 302 297 287 280 263 246 224 239 283 310 311 310 289 259 267 278 277 283 280 284 286 286 281 283 288 290 296 299 288 301 320 325 315 275 284 286 291 301 322 336 335 335 339 339 340 340 339 327 274 270 290 292 320 333 336 336 336 336
290 296 299 277 285 289 289 289 293 295 296 295 296 291 278 277 273 283 289 268 265 273 286 284 289 292 301 308 303 296 287 277 267 250 236 227 275 308 311 307 287 273 256 264 260 266 284 286 281 278 280 277 279 287 288 292 307 309 319 323 317 285 279 283 304 321 326 334 336 335 339 339 340 340 339 314 293 269 252 293 325 335 336 336 336 336
290 297 300 296 288 283 283 284 292 294 297 297 297 298 277 275 287 290 294 273 256 261 274 283 285 288 305 307 302 296 288 280 282 267 243 227 261 291 312 311 300 255 254 265 271 278 288 291 287 281 282 287 288 291 291 293 308 304 312 324 329 308 267 272 305 324 326 336 338 339 339 340 340 340 327 290 297 279 264 309 332 337 337 337 337 336
293 299 302 303 306 308 303 282 281 282 293 299 300 300 298 293 292 298 300 293 266 261 264 268 278 281 298 307 305 300 297 285 293 277 261 238 236 277 309 313 308 267 266 281 283 288 285 283 279 288 296 299 302 298 286 291 308 297 294 317 331 329 314 305 321 332 336 339 339 340 340 340 340 332 288 285 316 307 314 329 336 337 337 337 337 335
291 297 304 306 306 308 312 296 273 285 291 299 300 301 301 301 301 300 296 290 274 260 271 259 271 278 279 298 295 290 298 287 282 260 254 248 239 274 295 313 311 279 277 293 294 290 281 276 283 292 294 300 297 291 285 291 302 294 273 306 331 334 334 317 320 332 338 339 340 339 340 341 340 325 274 304 326 332 335 337 337 338 337 337 337 335
288 297 308 311 309 311 314 310 282 266 286 300 301 301 301 301 300 300 295 286 283 275 278 264 275 272 261 280 275 271 290 287 267 263 247 235 233 262 292 302 305 295 293 300 291 276 274 279 287 295 295 298 288 276 285 292 293 283 270 300 329 336 337 336 324 332 338 339 340 339 341 341 339 325 286 315 331 336 337 337 337 337 338 338 337 336
296 298 308 312 314 315 317 317 311 291 288 300 301 302 298 293 291 295 294 288 282 285 287 280 275 274 267 267 278 277 284 281 269 262 257 241 242 263 276 270 281 306 310 307 296 282 285 283 286 293 291 292 284 263 285 292 287 269 273 309 332 337 338 338 332 328 338 340 340 341 341 341 337 321 306 315 329 335 336 336 337 337 338 338 338 337
308 302 292 312 315 316 318 318 314 306 288 293 301 302 297 291 279 276 290 283 270 278 285 291 285 276 274 274 284 284 280 280 276 274 271 262 261 263 278 273 283 310 312 309 305 297 295 290 290 284 278 277 279 272 288 302 298 292 280 305 329 338 338 336 326 329 339 340 341 341 340 335 332 322 314 303 322 331 332 328 328 338 339 339 338 337
315 314 312 301 307 316 317 318 319 314 294 296 297 295 279 280 278 270 282 282 278 268 273 281 283 277 283 290 289 280 270 267 275 271 273 273 276 282 290 298 299 311 312 311 308 303 305 304 298 286 262 267 290 302 306 315 311 315 286 309 334 339 339 337 322 325 339 340 341 341 340 333 325 310 311 304 314 329 337 335 336 338 338 339 338 328
309 314 322 321 310 313 312 311 315 314 303 299 291 272 272 269 275 273 273 271 276 269 264 273 272 279 289 290 288 276 267 264 271 284 291 278 281 272 266 283 291 305 309 308 311 309 311 307 299 290 276 274 280 310 322 323 329 324 305 314 337 339 339 339 333 336 340 341 341 341 340 336 329 319 316 319 317 322 336 338 338 338 338 339 338 317
305 309 317 313 307 305 309 308 305 303 306 299 287 270 276 277 281 277 274 269 263 276 272 273 277 287 290 291 277 265 261 276 284 289 290 289 284 277 264 275 278 284 291 292 307 310 309 301 296 286 287 285 285 304 326 330 333 331 320 331 338 339 339 340 339 340 340 341 341 340 340 337 334 331 327 329 324 324 336 339 339 339 338 338 338 337
301 307 311 312 305 302 296 293 291 292 289 295 294 291 294 297 291 282 276 271 273 279 285 285 285 290 291 292 291 289 289 289 294 295 294 295 293 280 275 277 274 274 282 283 301 301 295 286 290 288 300 288 279 307 324 332 334 334 337 338 339 339 340 340 340 340 340 340 340 340 340 335 330 331 331 329 330 332 338 339 339 339 338 334 330 332
288 293 302 308 301 300 292 288 274 280 278 274 288 292 293 293 288 276 266 265 274 280 287 287 288 290 291 292 293 294 295 293 295 295 296 296 295 287 285 276 275 274 280 285 295 304 292 283 289 298 315 309 274 272 302 331 336 336 337 338 339 339 340 340 340 339 338 338 338 338 336 323 315 326 321 315 324 336 338 339 338 337 321 299 307 326
253 265 282 298 311 301 279 278 271 274 271 262 266 273 276 276 274 265 260 259 271 273 282 288 282 284 287 284 285 285 291 295 295 296 296 290 287 289 285 289 285 287 290 291 300 301 289 287 286 293 313 323 307 255 289 329 336 335 336 339 339 339 340 339 338 335 335 336 336 334 324 313 311 320 315 306 313 329 336 336 328 331 306 286 306 330
265 270 272 284 305 302 282 277 267 265 259 244 257 262 266 266 264 260 263 265 264 268 280 280 265 268 273 272 279 271 284 295 292 282 278 272 276 289 287 292 292 294 299 306 304 295 287 285 284 294 310 326 327 277 267 321 332 334 339 339 338 339 335 326 331 332 332 334 333 331 328 318 315 319 315 313 306 321 331 337 337 332 318 315 322 337
258 247 243 262 291 297 282 277 271 266 264 265 263 257 259 255 259 268 271 270 272 273 287 286 263 261 276 286 291 278 283 292 292 275 267 278 294 298 291 288 288 290 299 312 314 295 285 284 291 299 327 334 333 322 294 316 329 338 338 336 332 329 319 320 329 326 315 329 322 314 326 319 320 317 307 308 317 325 333 338 339 337 326 334 338 340
247 223 241 249 269 282 279 271 272 270 268 267 262 261 272 273 273 275 277 275 284 288 292 293 279 251 276 296 295 285 293 292 294 292 272 271 294 304 301 291 290 292 297 309 320 314 304 297 302 325 336 336 337 337 330 330 338 335 320 332 328 309 304 320 326 317 312 327 324 325 328 326 326 322 305 303 307 324 334 339 340 340 338 340 340 340
244 255 258 261 276 283 282 267 268 271 268 265 269 269 257 257 272 256 267 270 287 291 293 292 283 268 279 298 298 298 289 279 288 301 299 289 294 303 302 310 309 302 293 309 323 328 328 319 324 336 337 337 336 337 336 338 336 318 315 328 321 306 313 319 313 311 321 325 320 319 321 325 326 322 312 295 303 315 333 340 341 340 340 338 336 336
254 253 261 266 273 269 253 246 257 262 257 256 251 266 259 263 274 262 251 275 289 291 287 288 282 287 282 286 294 301 299 297 303 307 312 305 300 295 294 305 320 315 308 311 327 333 334 334 336 337 337 336 326 337 337 337 328 297 316 324 317 315 316 306 302 306 321 320 312 301 306 320 319 321 322 318 313 317 333 340 341 340 333 318 311 316
265 256 249 254 254 246 245 231 246 247 238 245 250 263 270 270 263 264 254 277 290 289 267 289 298 301 296 278 297 309 309 311 315 316 317 311 300 292 306 314 320 323 310 316 331 334 335 336 336 337 329 317 329 337 337 336 326 308 314 322 321 317 318 306 297 309 320 313 298 280 299 313 313 315 316 325 325 322 335 339 341 337 315 267 279 316
270 255 244 227 237 241 235 243 251 238 232 242 251 253 264 269 269 268 266 273 278 281 261 276 290 296 300 290 307 310 310 313 317 317 316 314 313 306 308 307 302 305 323 327 333 335 335 336 336 325 300 309 331 336 334 331 319 297 312 323 324 323 323 316 299 321 318 301 282 295 318 325 328 324 316 325 330 331 332 338 341 334 310 261 281 324
266 243 223 204 214 232 241 238 241 231 230 236 249 259 265 269 272 273 269 263 247 255 276 271 273 284 293 300 309 313 311 301 314 318 316 314 309 312 309 296 297 303 323 332 334 335 336 336 335 313 291 311 330 335 329 326 318 292 315 323 326 327 327 322 313 328 319 304 294 310 326 331 331 327 322 322 323 324 324 336 341 335 311 269 301 329
260 236 216 232 227 237 250 257 238 239 239 246 252 255 267 270 274 274 278 278 269 281 293 302 309 314 301 306 315 320 305 287 304 314 314 314 304 303 303 302 300 291 315 331 334 336 336 336 330 310 289 311 329 336 331 320 317 293 307 324 327 329 330 330 328 333 330 320 311 326 332 332 330 323 313 311 315 327 332 337 340 336 309 265 301 329
254 242 242 253 249 251 253 260 266 262 252 257 262 263 263 274 273 266 272 278 293 295 297 303 317 319 320 321 322 323 316 313 321 321 315 303 286 280 288 299 305 295 306 326 335 335 336 334 307 283 284 313 331 336 331 316 321 283 312 326 329 330 331 323 322 329 337 325 328 334 333 330 324 312 294 300 316 325 330 338 340 336 307 264 297 328
264 261 261 264 263 263 263 269 275 277 281 271 272 276 273 280 282 282 277 272 286 286 288 297 309 314 317 318 318 319 324 325 326 326 325 317 284 273 283 299 308 299 319 323 335 335 336 334 313 293 296 317 332 335 331 327 326 300 322 327 329 330 326 315 326 336 340 329 334 333 329 325 318 305 293 305 318 328 334 340 340 339 315 278 303 327
249 256 269 266 264 270 265 260 268 285 292 290 283 284 284 283 283 283 270 252 266 266 260 252 263 288 314 318 319 322 325 325 326 327 327 324 308 304 308 311 310 305 324 322 331 335 336 330 329 317 310 312 330 328 316 334 337 321 326 327 328 326 324 328 339 341 341 338 334 327 321 317 315 308 302 315 328 336 340 341 338 333 320 302 303 319
261 252 274 262 266 276 273 273 271 283 292 294 290 294 277 275 284 288 282 265 254 279 275 260 257 259 267 299 318 324 325 325 326 327 327 327 328 327 326 324 319 314 312 319 324 333 334 329 331 331 329 316 306 310 314 341 341 332 324 322 320 317 298 324 341 341 341 339 330 316 310 313 318 321 324 331 337 340 341 336 327 315 319 311 291 314
285 278 266 269 277 262 249 253 275 283 289 292 295 296 283 257 255 272 283 278 275 292 285 278 279 272 267 270 291 318 325 325 325 326 327 327 327 328 328 329 330 329 319 322 329 322 313 320 328 338 338 326 294 297 322 341 341 328 319 307 309 301 291 325 341 341 341 338 330 313 292 312 324 329 334 338 340 340 340 332 321 318 322 324 288 303
300 284 282 285 261 250 245 255 272 280 283 289 281 291 292 296 300 292 269 292 296 294 256 263 280 292 282 273 267 284 318 324 325 325 326 327 327 327 328 329 330 331 328 328 329 327 328 334 337 338 339 334 296 283 326 342 342 327 305 298 300 302 315 334 340 341 340 337 331 320 304 312 322 331 338 339 340 340 336 316 314 323 333 325 305 319
306 294 286 263 255 247 242 254 269 289 284 291 284 285 271 280 300 320 320 303 320 290 249 267 281 283 282 279 275 274 280 301 311 323 326 326 325 326 327 329 330 330 331 332 321 318 335 337 338 339 339 339 303 296 326 342 340 318 300 307 304 307 321 334 339 341 339 335 327 313 306 324 331 331 336 341 341 341 339 324 323 337 339 334 333 339
310 291 286 275 266 256 244 247 263 279 294 281 299 298 277 273 287 298 325 323 319 293 274 263 293 270 281 281 280 276 280 278 270 277 307 322 323 322 321 329 329 330 331 324 309 299 327 337 338 339 339 339 305 290 321 342 340 313 305 312 308 301 316 332 338 339 338 334 325 310 306 328 337 338 340 342 342 343 340 321 327 341 343 342 343 346
