model/data/bioclim/bclim10.asc
NCOLS 300 
NROWS 300 
XLLCORNER -125.25 
YLLCORNER 30.75 
CELLSIZE 0.0416666666666667 
NODATA_value -3.4e+38 
[rows 132 to 153 of 300, columns 196 to 244 of 300]
22.1259994506836 22.7493324279785 22.6026668548584 21.779333114624 20.5966663360596 20.0753326416016 20.6213340759277 21.2379989624023 21.6966667175293 21.906665802002 21.8186664581299 21.6786651611328 21.4640007019043 21.3093338012695 21.2379989624023 21.0773334503174 20.5419998168945 18.9026660919189 18.2113342285156 19.2826671600342 20.2333335876465 20.906665802002 21.2826671600342 21.0753326416016 21.457332611084 21.220666885376 20.7413330078125 21.0833339691162 21.5733337402344 21.7613334655762 22.0219993591309 21.8640003204346 21.8113327026367 21.8500003814697 21.7053337097168 21.1286659240723 20.2439994812012 19.4793338775635 19.6246662139893 19.6166667938232 20.224666595459 20.7520008087158 21.3446655273438 21.3933334350586 22.2546672821045 22.4153327941895 23.2933330535889 23.2740001678467 23.0879993438721
22.9020004272461 23.3713340759277 23.3166656494141 22.931999206543 22.2980003356934 21.2706661224365 20.746000289917 20.42799949646 21.220666885376 21.8320007324219 21.8746662139893 21.7726669311523 21.5673332214355 21.4126663208008 21.5793342590332 21.6100006103516 21.2560005187988 19.6273326873779 18.5986671447754 19.300666809082 20.4080009460449 20.949333190918 20.9773330688477 20.5513324737549 20.8393325805664 20.92799949646 20.7233333587646 21.3473339080811 21.8873329162598 21.9580001831055 21.7433319091797 21.5200004577637 21.6666660308838 21.771333694458 21.2693328857422 20.5753326416016 19.8933334350586 19.0120010375977 18.9393329620361 18.8693332672119 18.4853324890137 19.3040008544922 20.7573337554932 21.6119995117188 22.703332901001 23.203332901001 22.4226665496826 22.6280002593994 22.7146663665771
23.6019992828369 23.7566661834717 23.6433334350586 23.521333694458 23.1840000152588 22.511999130249 21.3806667327881 19.9160003662109 20.3533325195312 21.5133323669434 21.8840007781982 21.8666667938232 21.6666660308838 21.6840000152588 21.8040008544922 21.9046669006348 21.6226673126221 20.343334197998 19.8546657562256 20.3320007324219 20.9759998321533 21.2046661376953 21.0286655426025 20.5186672210693 20.7573337554932 21.0979995727539 21.2346668243408 21.6246662139893 21.8646659851074 21.8766670227051 21.6226654052734 21.5573329925537 21.7200012207031 21.5173320770264 20.2033348083496 19.5580005645752 18.8906669616699 18.5766658782959 19.211332321167 19.0839996337891 17.8279991149902 19.4766674041748 21.1873340606689 22.3206672668457 23.3360004425049 22.8066673278809 22.6873340606689 23.279333114624 23.2800006866455
23.7639999389648 23.7040004730225 23.5626678466797 23.4779987335205 23.1753330230713 22.6040000915527 21.6186676025391 20.4593334197998 20.2893333435059 21.3073329925537 21.779333114624 21.7706661224365 21.5120010375977 21.6473331451416 21.957332611084 22.0580005645752 21.8540000915527 20.7533340454102 20.1826667785645 20.8673324584961 21.2999992370605 21.3786678314209 21.0100002288818 20.1433334350586 20.1786670684814 20.8939990997314 21.2613334655762 21.5919990539551 21.7353343963623 21.7700004577637 21.6806659698486 21.4179992675781 21.1853332519531 21.1786670684814 20.2613334655762 20.292667388916 20.0266666412354 20.1573333740234 20.4080009460449 19.673999786377 19.6240005493164 21.3319988250732 22.6013336181641 23.4580001831055 23.9326667785645 23.2146663665771 23.507999420166 23.6773338317871 23.3186664581299
22.8666667938232 22.5240001678467 22.4640007019043 22.6639995574951 22.5126667022705 22.3819999694824 21.8379993438721 21.296667098999 20.9873332977295 21.2586669921875 21.554666519165 21.4759998321533 21.5046672821045 21.9053325653076 22.0833339691162 22.1486663818359 22.0966663360596 21.3740005493164 20.7066669464111 21.2520008087158 21.5566673278809 21.5013332366943 20.8786678314209 19.5526657104492 19.3373336791992 20.4506664276123 21.1540012359619 21.3986663818359 21.3933334350586 21.2226676940918 20.7320003509521 19.695333480835 20.224666595459 20.9346656799316 21.3386669158936 21.5266666412354 21.4233322143555 21.2746658325195 21.0699996948242 19.6206665039062 19.8640003204346 21.5966663360596 23.1293334960938 23.9253330230713 24.0933322906494 23.1760005950928 23.6593341827393 23.3579998016357 22.3626670837402
19.3026676177979 19.6313323974609 21.4020004272461 22.0633335113525 21.9540004730225 22.1313323974609 21.9113330841064 21.3540000915527 20.9700012207031 21.283332824707 21.5946674346924 21.7159996032715 21.8846664428711 22.1806659698486 22.257999420166 22.2226676940918 22.2093334197998 21.8379993438721 20.3513336181641 21.4846668243408 21.6133327484131 21.4433326721191 20.9293327331543 19.6480007171631 18.3659992218018 19.8466663360596 20.8793334960938 20.8600006103516 20.8073329925537 20.8700008392334 20.1493339538574 18.6339988708496 19.5559997558594 20.8553333282471 21.6399993896484 22.1313323974609 22.2940006256104 22.3586673736572 21.7840003967285 20.1933326721191 21.0713329315186 22.1499996185303 23.3040008544922 24.0686683654785 24.3020000457764 23.1226673126221 23.3020000457764 22.8513336181641 20.8199996948242
20.3126659393311 20.0240001678467 21.7486667633057 22.1586666107178 21.9899997711182 21.75 21.568000793457 21.0933322906494 21.0813331604004 21.542667388916 21.8553333282471 22.0166664123535 22.1579990386963 22.2466659545898 22.2686653137207 22.2773342132568 22.3013324737549 21.9046669006348 20.8379993438721 21.6226673126221 21.5206680297852 21.3393325805664 21.0873336791992 19.6526660919189 18.9186668395996 20.0833339691162 20.9686660766602 21.5273323059082 21.5266666412354 21.1386661529541 20.2606658935547 18.8293342590332 18.3020000457764 20.2426662445068 21.5866661071777 22.4233341217041 22.8093338012695 22.8986663818359 22.2299995422363 21.0126667022705 21.5746669769287 22.4213333129883 22.9320011138916 23.8059997558594 24.4366664886475 24.1726665496826 23.6986675262451 22.5853328704834 20.3439998626709
23.28733253479 22.6253337860107 22.746000289917 22.5879993438721 22.0913333892822 21.8080005645752 21.558666229248 21.3493328094482 21.5966663360596 21.8460006713867 22.1000003814697 22.2306671142578 22.308666229248 22.3293342590332 22.3460006713867 22.3613338470459 22.2106666564941 21.2053337097168 20.7133331298828 21.6406669616699 21.7379989624023 21.5839996337891 20.6733341217041 18.7933330535889 18.9006671905518 20.5520000457764 21.3726673126221 21.8966655731201 21.8806667327881 21.4799995422363 20.5073337554932 19.3426666259766 17.2973327636719 19.5386657714844 20.9720001220703 22.4139995574951 22.9900016784668 23.224666595459 23.1093330383301 22.3686676025391 21.4640007019043 21.503999710083 21.6879997253418 22.9866676330566 24.4160003662109 24.8226661682129 24.5886669158936 22.8386669158936 22.1933326721191
24.0766677856445 23.3433322906494 22.4186668395996 22.267333984375 22.1879997253418 22.0653324127197 21.9046669006348 21.568000793457 21.9393329620361 21.9926681518555 22.1026668548584 22.0366668701172 22.2413330078125 22.3546676635742 22.3126659393311 22.2840003967285 21.5060005187988 20.3566665649414 19.7886657714844 21.1553325653076 21.6140003204346 21.2373332977295 19.1086673736572 18.7740001678467 19.9686660766602 21.2000007629395 21.9713325500488 22.2140007019043 22.2826671600342 21.9993324279785 21.156665802002 19.9400005340576 18.5766658782959 20.0166664123535 21.0833339691162 22.271333694458 23.0060005187988 23.4160003662109 23.542667388916 23.1246662139893 21.9093322753906 20.4820003509521 20.6599998474121 22.4393329620361 24.207332611084 24.9600009918213 24.7320003509521 23.5206661224365 23.3759994506836
24.4386672973633 23.8486671447754 22.3759994506836 22.2133331298828 21.9753341674805 22.0979995727539 21.9793338775635 21.8179988861084 21.986665725708 21.8286666870117 21.5806655883789 21.4726676940918 21.9173336029053 22.0739994049072 21.8253326416016 21.6180000305176 20.4793338775635 19.3346672058105 18.9580001831055 20.1900005340576 21.1506671905518 20.3740005493164 18.8699989318848 19.8113327026367 21.0486679077148 21.996000289917 22.5026664733887 22.6426677703857 22.742000579834 22.6653327941895 21.8146667480469 20.6440010070801 19.7266674041748 20.6979999542236 21.4966659545898 22.2886657714844 22.9806671142578 23.4079990386963 23.7000007629395 23.5019989013672 21.521333694458 18.8486671447754 19.3013324737549 21.4806671142578 23.6406669616699 25.038667678833 25.0960006713867 24.0633335113525 24.1546669006348
24.6879997253418 24.538667678833 23.3793334960938 22.4893321990967 22.482666015625 22.3493328094482 21.8646659851074 21.5266666412354 21.529333114624 21.318000793457 21.1293334960938 21.1013336181641 21.3719997406006 21.1760005950928 20.5433330535889 20.3953323364258 19.6966667175293 18.8893337249756 18.6986656188965 19.3680000305176 19.9899997711182 19.3939990997314 18.9753341674805 19.9300003051758 21.4440002441406 22.4419994354248 22.7399997711182 22.8740005493164 22.9820003509521 23.0659999847412 22.8313331604004 22.4753322601318 22.021333694458 21.8153343200684 21.6219997406006 22.3066673278809 22.8613338470459 23.3680000305176 23.8206672668457 23.9160003662109 22.4873332977295 20.181999206543 20.1653327941895 21.4793338775635 22.4393329620361 24.3859996795654 25.3506660461426 24.8139991760254 24.7893333435059
24.8700008392334 24.8826675415039 24.5179996490479 23.4366664886475 23.2779998779297 22.6866664886475 21.0279998779297 20.7773323059082 20.4980010986328 21.2180004119873 20.8559989929199 20.9740009307861 20.8299999237061 20.5486660003662 20.2600002288818 19.800666809082 19.2953338623047 18.757999420166 18.3199996948242 18.3899993896484 18.8139991760254 18.6066665649414 19.2053337097168 19.3433322906494 20.3013324737549 22.0906658172607 22.6433334350586 22.9353332519531 23.0313320159912 23.0606670379639 22.8039989471436 22.5746669769287 22.7213325500488 22.4233341217041 21.7306671142578 21.7900009155273 22.2099990844727 23.1520004272461 24.0093326568604 24.3586673736572 23.8886661529541 22.6066665649414 21.3033332824707 22.0893325805664 22.3993339538574 24.1273326873779 25.3133335113525 25.6473331451416 25.054666519165
24.8066654205322 24.8166656494141 24.7019996643066 24.0013332366943 23.8740005493164 23.5120010375977 22.800666809082 22.1533336639404 21.4379997253418 21.8546657562256 22.0633335113525 21.6713333129883 21.1226673126221 20.5473327636719 20.1840000152588 19.8753337860107 19.1173324584961 18.4699993133545 17.9646663665771 17.935998916626 18.0900001525879 18.6240005493164 19.9400005340576 20.1219997406006 21.4366664886475 22.1940002441406 22.843334197998 23.0286674499512 23.1366672515869 22.728666305542 22.8946666717529 22.7586669921875 22.8153324127197 22.5226669311523 21.8080005645752 21.3686676025391 21.2773342132568 23.0440006256104 24.1459999084473 24.7000007629395 24.5060005187988 23.2479991912842 22.5319995880127 22.8546657562256 23.296667098999 23.6693325042725 25.0619983673096 25.8880004882812 25.8833332061768
24.7633323669434 24.7413330078125 24.7719993591309 24.5673332214355 24.4160003662109 24.2606658935547 23.9113330841064 23.3953342437744 22.5139999389648 22.6599998474121 22.740665435791 22.507999420166 22.0533332824707 21.3360004425049 20.9360008239746 20.7526664733887 20.2759990692139 19.3059997558594 18.9160003662109 19.4793338775635 18.5413341522217 19.482666015625 21.3946666717529 22.3693332672119 23.1173324584961 23.292667388916 22.711332321167 22.6533336639404 23.1299991607666 22.1560001373291 22.7393341064453 23.1079998016357 22.9806671142578 22.7106666564941 21.9766654968262 21.6726665496826 21.2226657867432 22.8159999847412 24.2393341064453 24.9713344573975 24.8579998016357 23.5153331756592 23.6420001983643 23.8780002593994 24.0173320770264 24.2700004577637 24.7693328857422 25.7406673431396 26.1153335571289
24.4340000152588 24.6919994354248 24.7059993743896 24.5939998626709 24.4986667633057 24.4793338775635 24.3579998016357 23.990665435791 23.5139999389648 23.2533340454102 23.267333984375 23.257999420166 22.5839996337891 21.8013324737549 21.2366676330566 21.2180004119873 21.3406658172607 21.2393341064453 21.1733322143555 20.9479999542236 20.1253337860107 20.191333770752 22.1933326721191 23.4640007019043 23.8459987640381 23.4513339996338 22.6293334960938 21.8486671447754 22.6586666107178 22.6280002593994 22.4113330841064 22.961332321167 22.8726673126221 22.6946659088135 22.2859992980957 21.6733322143555 20.767333984375 21.7620010375977 23.6100006103516 24.9213333129883 25.0913333892822 24.4939994812012 24.5946674346924 24.0026664733887 24.2880001068115 24.7000007629395 24.5960006713867 24.941333770752 24.931999206543
23.8413333892822 24.3126678466797 24.4020004272461 24.414665222168 24.3746662139893 24.2613334655762 24.2846660614014 24.3633327484131 24.1079998016357 24.0913333892822 23.8746662139893 23.32200050354 22.6273326873779 21.4420013427734 20.228666305542 20.4806671142578 21.6013336181641 22.0433330535889 22.3159999847412 21.8553333282471 21.2586669921875 21.8360004425049 23.1006679534912 23.8780002593994 24.1459999084473 23.8719997406006 23.0260009765625 22.2800006866455 22.6019992828369 23.0373344421387 22.8866672515869 22.96266746521 22.5453338623047 22.207332611084 21.492000579834 20.3646659851074 20.4360008239746 20.9613342285156 22.4633331298828 24.5946674346924 25.0120010375977 25.2146663665771 25.673999786377 24.826000213623 25.0686664581299 25.0593338012695 23.1466674804688 24.4293327331543 25.6026668548584
23.1186676025391 23.7633323669434 24.1226673126221 24.2613334655762 24.3239994049072 24.4146671295166 24.2800006866455 24.4226665496826 24.3020000457764 24.3526668548584 23.8773326873779 23.2159996032715 22.5346660614014 21.5073337554932 20.279333114624 20.2040004730225 21.3833332061768 22.3640003204346 22.7733325958252 22.4673328399658 21.9379997253418 22.6399993896484 23.3533325195312 24.0053329467773 24.3513336181641 24.3746662139893 23.7466659545898 23.0060005187988 22.966667175293 23.2193336486816 23.1540012359619 22.8786678314209 21.8959999084473 21.486665725708 21.6173324584961 20.7560005187988 20.9360008239746 22.6986675262451 23.1766662597656 24.0499992370605 24.71266746521 24.7466659545898 26.2626667022705 26.4846668243408 26.5153331756592 25.7819995880127 22.4133338928223 23.5193328857422 25.9440002441406
22.0613327026367 23.2566661834717 23.761999130249 24.0773334503174 24.2600002288818 24.3093338012695 23.9946670532227 24.3939990997314 24.5673332214355 24.3306655883789 23.808666229248 23.389331817627 23.1073341369629 22.6966667175293 21.558666229248 21.1746673583984 21.7846660614014 22.5826663970947 22.9680004119873 22.5866661071777 21.3479995727539 22.2406673431396 23.2399997711182 24.076000213623 24.4839992523193 24.6180000305176 24.2306671142578 23.7706661224365 23.304666519165 23.1919994354248 22.8506660461426 22.6133327484131 21.982666015625 21.9306659698486 22.5526676177979 22.3993339538574 21.8033332824707 23.7940006256104 24.7360000610352 23.7913341522217 24.1900005340576 25.2846660614014 26.4560012817383 26.7666664123535 26.7453327178955 26.3653335571289 22.7626667022705 22.0559997558594 25.6446666717529
21.4073333740234 22.6746673583984 23.2973327636719 23.7446670532227 24.0900001525879 23.7119998931885 23.4313335418701 24.3306674957275 24.8406677246094 24.6393337249756 24.1806659698486 23.7119998931885 22.9186668395996 22.9613342285156 22.8813343048096 22.6160011291504 22.3099994659424 22.8780002593994 21.7880001068115 21.5820007324219 21.2779998779297 22.7259998321533 22.9713325500488 23.9266662597656 24.4640007019043 24.6366672515869 24.5113334655762 24.3986663818359 23.8566665649414 23.5793342590332 22.5626659393311 22.1413326263428 22.5520000457764 23.5419998168945 24.5860004425049 23.7686672210693 22.6353321075439 24.0833339691162 25.5433330535889 25.1846656799316 23.6533336639404 25.554666519165 26.7473335266113 26.7293338775635 26.6886672973633 26.4220008850098 22.6673336029053 21.2573337554932 25.4306659698486
19.9479999542236 21.7893333435059 22.6539993286133 22.988000869751 23.6366672515869 23.1886672973633 23.9806671142578 24.6720008850098 25.1153335571289 24.8613338470459 24.3113327026367 24.1693325042725 23.6480007171631 22.5386657714844 21.8886661529541 22.1713333129883 23.3466663360596 23.1113338470459 20.9886665344238 20.8439998626709 20.7986660003662 22.585334777832 23.7066669464111 23.2853336334229 24.0993328094482 24.7026672363281 24.6573333740234 24.3586673736572 24.9306678771973 24.0779991149902 22.8506660461426 22.292667388916 23.0273342132568 24.5279998779297 25.6920013427734 25.3199996948242 22.7413330078125 24.1066665649414 25.7700004577637 26.1246662139893 24.5359992980957 24.025333404541 26.2426662445068 26.5486660003662 26.7273330688477 26.6213340759277 23.6420001983643 21.3360004425049 25.1493339538574
20.3653335571289 21.4979991912842 23.5133323669434 24.1873340606689 24.6146659851074 24.8526668548584 25.2293338775635 25.5060005187988 24.808666229248 23.9120006561279 23.826000213623 24.691333770752 24.695333480835 23.8466663360596 22.9553337097168 23.9166660308838 24.4193344116211 23.4126663208008 22.6433334350586 22.9586658477783 22.265998840332 23.058666229248 23.9159984588623 24.3093338012695 25.271333694458 25.7479991912842 25.1940002441406 25.3753318786621 25.7606658935547 24.8166656494141 22.4340000152588 22.07200050354 22.8753337860107 24.3866672515869 26.0106658935547 26.1726665496826 23.2913341522217 24.492000579834 25.9226665496826 26.3239994049072 25.1726665496826 23.8426666259766 24.3080005645752 24.0926666259766 24.9166660308838 25.9726657867432 24.0766658782959 20.9599990844727 24.6520004272461
23.4206676483154 21.7013320922852 23.5233345031738 24.8253345489502 25.4293327331543 25.8400001525879 26.2506675720215 26.4553337097168 25.1013336181641 23.1433334350586 23.8439998626709 25.271333694458 25.4513339996338 24.8959999084473 24.021333694458 24.8759994506836 25.4673328399658 24.57200050354 24.0073337554932 24.3846664428711 24.1493339538574 23.3206672668457 23.6166667938232 24.6773338317871 25.8279991149902 26.3333339691162 26.5246677398682 26.5419998168945 26.4619998931885 25.7333335876465 24.0406665802002 23.503999710083 22.533332824707 23.2666664123535 25.910665512085 26.5513343811035 23.0979995727539 24.2913341522217 25.8460006713867 26.3966674804688 24.9386653900146 22.7446670532227 22.6813335418701 22.8799991607666 23.6033344268799 24.8379993438721 23.4186668395996 20.2553329467773 23.8240013122559
