model/data/bioclim/bclim8.asc
NCOLS 300 
NROWS 300 
XLLCORNER -125.25 
YLLCORNER 30.75 
CELLSIZE 0.0416666666666667 
NODATA_value -3.4e+38 
[rows 198 to 219 of 300, columns 245 to 293 of 300]
11.1933336257935 11.4320001602173 11.7180004119873 12.1586666107178 12.6099996566772 12.9253330230713 12.7360000610352 13.5713329315186 14.4186668395996 14.4180002212524 14.3026666641235 14.4286661148071 14.2720003128052 13.724666595459 13.1413335800171 12.0786666870117 10.2019996643066 10.1440000534058 11.3059997558594 11.7133331298828 11.6759996414185 11.4573335647583 11.2253332138062 10.6920003890991 9.18266677856445 23.4020004272461 21.0126667022705 21.0033340454102 21.9966659545898 23.6433334350586 25.2866668701172 26.2913341522217 27.3059997558594 27.292667388916 26.4933338165283 26.2019996643066 25.1126670837402 24.0433330535889 24.0299987792969 23.4479999542236 22.6106662750244 21.4733333587646 20.5786666870117 20.949333190918 20.8353328704834 20.4006671905518 20.6113338470459 20.3866672515869 19.7946662902832
11.482666015625 11.7740001678467 12.1066665649414 12.5106658935547 12.8626670837402 13.1920003890991 13.474666595459 14.293999671936 14.529333114624 14.3413333892822 14.1713333129883 14.3733329772949 14.3280000686646 14.0419998168945 13.6253337860107 12.8433332443237 11.2133331298828 10.3213329315186 10.6519994735718 11.3313331604004 11.8940000534058 11.6106662750244 11.304666519165 10.8100004196167 27.1480007171631 24.6306667327881 22.3193340301514 21.4440002441406 22.2119998931885 23.9926662445068 25.7506675720215 27.0073337554932 27.8420009613037 28.1879997253418 27.8206672668457 25.8733329772949 23.9633331298828 22.7840003967285 23.3153343200684 23.3420009613037 22.2193336486816 20.576000213623 19.9253330230713 20.203332901001 20.517333984375 20.2746658325195 20.1373329162598 20.2479991912842 19.3780002593994
11.4340000152588 12.0080003738403 12.1926670074463 12.2200002670288 12.5353336334229 13.1693334579468 13.7373342514038 14.2700004577637 14.4333333969116 14.4946670532227 14.1940002441406 14.2839994430542 14.3639993667603 14.220666885376 13.9039993286133 13.326000213623 12.2880001068115 11.7200002670288 11.0933332443237 10.6373329162598 11.9846668243408 11.8626670837402 29.703332901001 10.953332901001 27.6053333282471 25.6299991607666 24.6393337249756 21.8266658782959 21.6586666107178 22.2453346252441 24.4300003051758 26.2940006256104 27.707332611084 28.7299995422363 28.3500003814697 26.445333480835 24.0819988250732 22.0960006713867 22.7719993591309 23.2473335266113 22.7493324279785 22.0273323059082 21.275333404541 20.5839996337891 20.1306667327881 20.2859992980957 20.5093326568604 20.3419990539551 19.2006664276123
11.5773334503174 12.2726669311523 12.2439994812012 11.8999996185303 12.2200002670288 12.9440002441406 13.3273334503174 13.5013332366943 14.243332862854 14.6113338470459 14.4686670303345 14.2686672210693 14.2826671600342 14.1586666107178 13.9833335876465 13.6966667175293 13.275333404541 12.8753328323364 11.9799995422363 11.4119997024536 11.9713335037231 12.2406673431396 11.6940002441406 11.2313327789307 28.7293319702148 27.7213344573975 25.7006664276123 23.7093334197998 21.207332611084 22.5593338012695 24.4886665344238 26.517333984375 27.6180000305176 28.9519996643066 28.5273323059082 26.9619998931885 24.9146671295166 22.3886661529541 22.4759998321533 23.4346675872803 23.8966655731201 23.3239994049072 22.5286674499512 21.4160003662109 21.2519989013672 21.5480003356934 21.0186672210693 20.3980007171631 19.3953342437744
30.257999420166 30.8933334350586 12.4773330688477 12.3739995956421 12.4399995803833 12.5266666412354 12.6033334732056 12.3753337860107 13.8319997787476 14.3780002593994 14.5613327026367 14.4006662368774 14.1319999694824 14.0666666030884 14.0726671218872 13.8900003433228 13.7473335266113 13.5866670608521 13.1626663208008 12.8940000534058 12.8013334274292 12.5620002746582 12.0053329467773 11.4793329238892 10.9686670303345 28.3473339080811 27.1673316955566 24.6940002441406 22.1966667175293 22.9553337097168 24.6259994506836 26.8859996795654 28.1553325653076 29.0913333892822 11.3059997558594 28.0353336334229 26.291332244873 24.2573337554932 22.5979995727539 23.6499996185303 24.3146667480469 23.9379997253418 23.5979995727539 23.5580005645752 23.5839996337891 22.3039989471436 20.8420009613037 20.3093338012695 19.9020004272461
29.9633331298828 12.438666343689 12.6546669006348 12.6173334121704 12.5346670150757 12.4860000610352 12.6773328781128 13 13.6946668624878 14.1506671905518 14.4739999771118 14.6213331222534 14.3606662750244 14.1346673965454 14.1866664886475 14.1053333282471 13.9726667404175 13.8433332443237 13.5380001068115 13.3020000457764 13.0193328857422 12.5913333892822 12.1599998474121 11.7066669464111 11.1853332519531 28.7299995422363 27.7233333587646 25.1786670684814 22.32200050354 22.8926658630371 25.0066680908203 27.0146675109863 28.3379993438721 11.326000213623 11.5786666870117 28.7766666412354 27.4839992523193 25.4733333587646 23.343334197998 23.2746677398682 23.9986667633057 24.6860008239746 24.8746662139893 24.8279991149902 24.0520000457764 22.7113342285156 21.5279998779297 20.5826663970947 20.220666885376
29.9793338775635 12.5286664962769 12.688666343689 12.5306663513184 12.4253339767456 12.4093332290649 12.6719999313354 12.7106666564941 13.239333152771 13.7746667861938 14.2093334197998 14.4540004730225 14.5413331985474 14.5046663284302 14.3359994888306 14.1586666107178 13.9526672363281 13.7526664733887 13.5593328475952 13.2813329696655 12.9573335647583 12.6579999923706 12.3226661682129 11.8973331451416 29.7066669464111 29.0893325805664 28.2226657867432 27.1639995574951 24.9346656799316 24.009334564209 25.9566650390625 27.3920001983643 28.492000579834 11.3013334274292 11.7360000610352 29.5553340911865 28.5900001525879 27.2546653747559 25.0793323516846 24.1226654052734 23.9773330688477 24.5360012054443 25.220666885376 24.8999996185303 23.5606670379639 22.7700004577637 21.7026672363281 20.9733333587646 20.6340007781982
30.2453346252441 12.6366662979126 12.760666847229 12.4040002822876 12.0959997177124 12.3653335571289 12.6693334579468 12.7133331298828 12.7639999389648 13.206000328064 13.5480003356934 13.4026670455933 13.3726663589478 14.4773330688477 14.4119997024536 13.6440000534058 13.5093336105347 13.3986663818359 13.2639999389648 13.0386667251587 12.7133331298828 12.3140001296997 12.3173332214355 12.0393333435059 11.6873331069946 29.5879993438721 28.9406661987305 28.1533336639404 27.1466655731201 25.9293327331543 25.974666595459 26.199333190918 27.1626663208008 28.7726669311523 11.7426662445068 11.8713340759277 29.0593338012695 26.8933334350586 26.0513343811035 25.1126670837402 24.695333480835 24.9386672973633 26.0659999847412 25.0359992980957 24.4766674041748 23.5013332366943 22.1606674194336 21.4013328552246 21.0073337554932
30.3806667327881 12.8353328704834 12.8959999084473 12.4446668624878 12.2773332595825 12.6053333282471 12.8966665267944 12.9693336486816 12.8959999084473 12.9060001373291 12.6093330383301 12.4860000610352 13.4940004348755 14.3926668167114 14.710000038147 13.9846668243408 13.5793333053589 13.2106666564941 12.789999961853 12.5033330917358 12.3033332824707 12.1746664047241 12.1759996414185 12.065333366394 11.8066673278809 30.0266666412354 29.5200004577637 28.9086666107178 28.3313331604004 27.7859992980957 27.1046676635742 26.1359996795654 26.0313339233398 27.5906658172607 29.6340007781982 12.2273330688477 29.8853340148926 27.6966667175293 26.4686660766602 25.9160003662109 25.6406669616699 27.0999984741211 26.8299999237061 25.5459995269775 25.4166660308838 24.0753326416016 23.3320007324219 22.8266677856445 22.6773338317871
30.6426658630371 31.3013343811035 13.0446662902832 12.789999961853 30.8793334960938 13.0319995880127 13.1813335418701 13.2446670532227 13.1393337249756 12.9506664276123 12.4593334197998 12.6059999465942 13.3966665267944 14.2226667404175 14.789999961853 14.5993337631226 14.1899995803833 13.3033332824707 30.0453338623047 29.3573341369629 29.6806659698486 30.0993328094482 11.9313335418701 11.9906663894653 11.8320007324219 11.6153335571289 29.8826656341553 29.3953323364258 28.9393329620361 28.4360008239746 28.0193328857422 27.6780014038086 27.2133331298828 27.8446674346924 29.9686660766602 12.2326669692993 30.2180004119873 29.1386661529541 28.474666595459 27.8693332672119 28.4113330841064 28.7606658935547 27.3606662750244 26.4873332977295 25.3713340759277 24.6619987487793 24.6700000762939 24.2513332366943 24.1639995574951
30.7493343353271 31.2906665802002 13.2006664276123 13.28600025177 13.4333333969116 13.507999420166 13.4673337936401 13.4686660766602 13.3913335800171 13.1906661987305 12.8500003814697 12.0066661834717 12.4233331680298 13.6920003890991 14.6466665267944 14.6733341217041 14.4653339385986 13.9566669464111 12.7506666183472 28.4113330841064 27.457332611084 28.3859996795654 29.716667175293 12.0093336105347 12.0013332366943 11.8186664581299 30.1493339538574 29.7800006866455 29.3939990997314 28.7360000610352 28.6380004882812 28.7939987182617 29.2706661224365 29.9553337097168 30.681999206543 12.6240005493164 12.1606664657593 29.8686676025391 29.8506660461426 29.496000289917 29.25 28.2779998779297 25.8206672668457 25.6499996185303 25.7679996490479 25.9039993286133 26.0319995880127 27.1420001983643 26.5539989471436
30.9926681518555 31.4939994812012 31.673999786377 13.521333694458 13.7213325500488 13.7273330688477 13.7093334197998 13.699333190918 13.5926666259766 13.4053335189819 13.2946662902832 13.2279996871948 13.760666847229 14.4646663665771 14.695333480835 14.543999671936 14.57200050354 14.2933330535889 13.4546670913696 12.2760000228882 28.6053333282471 29.029333114624 29.7566661834717 30.3613338470459 12.2746667861938 12.1713333129883 30.5139999389648 30.1979999542236 29.9646663665771 29.5193328857422 29.0813331604004 29.7379989624023 30.2733325958252 30.8293342590332 12.8606662750244 12.539999961853 29.6346664428711 29.5960006713867 30.1853332519531 29.4646663665771 28.673999786377 27.6826667785645 26.3466663360596 26.6966667175293 26.7480010986328 27.093334197998 27.4306659698486 28.1586666107178 27.800666809082
31.4906673431396 31.8500003814697 13.6099996566772 32.1233329772949 13.5573329925537 13.6440000534058 13.8226671218872 13.9506664276123 13.8999996185303 13.7106666564941 13.710000038147 13.9353332519531 14.3240003585815 14.7113332748413 14.7886667251587 14.6059999465942 14.6659994125366 14.6766662597656 14.264666557312 13.5739994049072 13.1026668548584 12.9699993133545 12.6706666946411 30.779333114624 30.9093322753906 12.6239995956421 12.3159999847412 12.1346664428711 30.5186653137207 30.2239990234375 29.6013336181641 30.4006671905518 30.8979988098145 12.7320003509521 12.7586669921875 30.4979991912842 29.0260009765625 28.3666667938232 29.267333984375 29.2266654968262 28.3633327484131 27.5820007324219 27.8366661071777 28.4433326721191 27.8713340759277 27.0786666870117 27.9713344573975 28.974666595459 27.8619995117188
32.0993347167969 32.1766662597656 32.1920013427734 31.9226665496826 31.6293334960938 31.7706661224365 32.2080001831055 14.0159997940063 14.1153335571289 14.0866661071777 14.0986671447754 14.2239999771118 14.4226665496826 14.6166667938232 14.7340002059937 14.7040004730225 14.6719999313354 14.804666519165 14.6333332061768 14.296667098999 14.0366668701172 13.4906673431396 31.220666885376 12.934666633606 13.1639995574951 31.3339996337891 30.9846668243408 12.5646667480469 30.9820003509521 30.6393337249756 30.0966663360596 30.5453338623047 30.7393341064453 30.7999992370605 31.3426666259766 30.5793323516846 29.656665802002 28.3353328704834 27.5386657714844 27.2006664276123 27.5626659393311 27.9160003662109 28.7600002288818 29.1613330841064 28.2573337554932 28.8940010070801 29.1660003662109 27.5186672210693 26.5319995880127
32.3153343200684 32.3013343811035 32.0919990539551 31.6286659240723 30.8173332214355 30.2719993591309 31.406665802002 13.8459997177124 14.0386667251587 14.1059999465942 14.1193332672119 14.192666053772 14.2233333587646 14.2526664733887 14.3473329544067 14.3766670227051 14.4526662826538 14.6493339538574 14.7573337554932 14.7273330688477 14.6346664428711 14.0486669540405 31.3906669616699 12.8433332443237 13.3179998397827 13.3833332061768 31.6959991455078 31.6479988098145 31.3106670379639 30.8040008544922 30.6273326873779 30.2806663513184 30.1533336639404 29.9326667785645 31.0006675720215 31.6033325195312 30.9360008239746 30.050666809082 28.9860000610352 27.9426670074463 27.7493343353271 27.7526664733887 28.6806678771973 29.7379989624023 30.1646671295166 29.6506671905518 29.1126670837402 26.9946670532227 26.1786670684814
32.6066665649414 32.4333343505859 31.8959999084473 30.8566665649414 29.9426670074463 30.1226673126221 30.945333480835 13.6226663589478 13.9326667785645 13.9873332977295 12.1579999923706 13.9286661148071 13.8100004196167 13.7080001831055 13.6713333129883 13.2659997940063 13.2506666183472 13.7453336715698 14.3173332214355 14.4119997024536 14.6613340377808 14.5520000457764 14.0986671447754 13.5286664962769 13.6793327331543 14.0299997329712 13.9160003662109 13.7293329238892 32.0066680908203 31.6686668395996 31.2253341674805 30.7560005187988 30.8579998016357 30.716667175293 31.4266662597656 31.7999992370605 31.8380012512207 31.1553344726562 30.5233345031738 29.9340000152588 30.2833347320557 29.9799995422363 30.2013320922852 30.3479995727539 30.5246677398682 30.2159996032715 28.9853324890137 27.8653335571289 26.6646671295166
32.9273338317871 32.7146682739258 31.7333335876465 29.9546661376953 28.8939990997314 29.9893341064453 30.5086669921875 31.5633335113525 13.7813339233398 12.2786664962769 13.8833332061768 13.6226663589478 13.3319997787476 13.1859998703003 30.5013332366943 29.4286670684814 30.3500003814697 31.2666664123535 13.5959997177124 14.0199995040894 14.2580003738403 14.6233329772949 14.6213340759277 14.5713338851929 14.1006660461426 14.3039999008179 14.2093334197998 14.0860004425049 32.5086669921875 32.2526664733887 31.7159996032715 31.0699996948242 31.173999786377 31.7486667633057 31.9933338165283 32.0466690063477 31.9166660308838 31.8400001525879 31.7439994812012 31.6539993286133 31.681999206543 31.5273323059082 31.1453323364258 29.6599998474121 28.75 29.8633327484131 29.1399993896484 27.8826675415039 26.3320007324219
14.7093334197998 32.992000579834 32.1860008239746 30.9853324890137 29.6580009460449 29.6240005493164 30.7633323669434 31.1580009460449 14.0013332366943 14.1999998092651 14.2266664505005 12.474666595459 13.8339996337891 13.8973331451416 13.4540004730225 13.1266670227051 31.042667388916 13.7053337097168 14.2679996490479 14.6906661987305 13.0626668930054 14.8226671218872 14.224666595459 14.3646669387817 14.576000213623 14.4739999771118 14.3486661911011 14.2180004119873 13.8526668548584 32.4599990844727 32.0713348388672 31.7299995422363 31.5946655273438 31.8566665649414 32.1580009460449 32.1713333129883 13.2720003128052 32.015998840332 32.015998840332 31.8519992828369 31.6473331451416 31.3133335113525 30.9333343505859 30.4106674194336 29.3586673736572 29.1653327941895 28.9479999542236 27.9899997711182 27.0013332366943
32.9673309326172 33.0326652526855 32.7353324890137 31.9653339385986 30.5806674957275 29.8759994506836 31.2366676330566 31.8713321685791 12.6166667938232 14.3833332061768 14.5446662902832 12.974666595459 14.6619997024536 12.9626665115356 14.5819997787476 14.6353330612183 14.7253332138062 14.9113330841064 15.1399993896484 15.343334197998 13.4839992523193 14.7040004730225 14.0373334884644 32.2213325500488 13.9546661376953 14.0113334655762 13.7886667251587 32.4793319702148 32.3880004882812 32.6233329772949 32.6599998474121 32.5859985351562 32.1526679992676 31.8859996795654 31.8146667480469 31.6686668395996 31.9053344726562 32.0553321838379 31.9906673431396 31.8026657104492 31.5353336334229 31.2846660614014 31.0206661224365 30.6813335418701 29.7520008087158 29.4939994812012 29.0419998168945 28.4253330230713 27.7393341064453
14.6293334960938 14.695333480835 12.815333366394 32.5386657714844 31.550666809082 30.9379997253418 31.7993335723877 14.1960000991821 12.7399997711182 14.5459995269775 14.6853332519531 14.8640003204346 13.1966667175293 13.1539993286133 14.9300003051758 15.0159997940063 13.2560005187988 13.2453336715698 13.256667137146 13.3020000457764 15.0166664123535 14.5480003356934 14.1146669387817 32.4039993286133 32.3153343200684 31.8573341369629 31.4833335876465 31.6706657409668 32.1126670837402 32.3753318786621 32.3546676635742 32.302001953125 32.292667388916 31.673999786377 31.0126667022705 30.8059997558594 31.5319995880127 31.8753318786621 31.8439998626709 31.7573337554932 31.6613330841064 31.5139999389648 31.199333190918 30.8580017089844 30.4126663208008 29.8393325805664 29.2119998931885 28.788667678833 28.308666229248
14.6286668777466 33.0060005187988 12.7073335647583 12.7153329849243 32.3233337402344 31.689998626709 14.2846670150757 14.453332901001 14.5859994888306 14.6860008239746 14.796667098999 14.9586668014526 13.3033332824707 15.1786661148071 15.2026662826538 13.2133340835571 14.8893337249756 14.8553333282471 14.9059991836548 14.9226665496826 13.03600025177 14.6433334350586 32.4280014038086 32.4126663208008 31.9560012817383 31.4873332977295 31.6026668548584 31.656665802002 31.6966667175293 31.8933334350586 31.8846664428711 31.7740001678467 31.6866664886475 31.3673324584961 30.6746673583984 30.6673336029053 31.4833335876465 31.6420001983643 31.6233329772949 31.5906677246094 31.4919986724854 31.3286666870117 31.1193332672119 30.8906669616699 30.484001159668 29.9946670532227 29.496000289917 29.1033325195312 28.8040008544922
32.8566665649414 14.4266672134399 32.8740005493164 12.6160001754761 12.8559999465942 13.0006666183472 14.7293338775635 14.7119998931885 14.6206665039062 14.5133333206177 14.6359996795654 14.8680000305176 13.2173337936401 13.4146671295166 15.3066663742065 14.8273334503174 14.3940000534058 14.5380001068115 14.7419996261597 14.6566667556763 14.3959999084473 14.1180000305176 14.0326662063599 32.1773338317871 31.9759998321533 31.8053321838379 31.7193336486816 31.724666595459 31.6879997253418 31.4873352050781 31.2660007476807 31.1986675262451 31.2993335723877 31.5700016021729 31.576000213623 31.5313339233398 31.3986663818359 31.3193321228027 31.2560005187988 30.7740001678467 30.0673332214355 29.5793323516846 30.1773338317871 30.7620010375977 30.6266670227051 30.246000289917 29.8226661682129 29.4373340606689 29.0533332824707
