model/data/bioclim/bclim1.asc
NCOLS 300 
NROWS 300 
XLLCORNER -125.25 
YLLCORNER 30.75 
CELLSIZE 0.0416666666666667 
NODATA_value -3.4e+38 
[rows 132 to 153 of 300, columns 147 to 195 of 300]
2.05733323097229 3.30616664886475 4.85616683959961 6.15050029754639 6.55149984359741 7.1564998626709 7.5078330039978 7.60883331298828 7.44116687774658 7.02083349227905 5.15433311462402 4.59833335876465 6.79083347320557 7.42166662216187 9.50183296203613 10.5116662979126 11.9215002059937 11.3786668777466 6.11666679382324 0.829333305358887 1.70716667175293 4.20000028610229 7.59666681289673 10.0568332672119 11.3381662368774 11.5625 11.0288333892822 10.063666343689 8.62600040435791 7.04433345794678 6.92916679382324 6.74266672134399 8.61100006103516 10.7744998931885 12.1411666870117 12.8061666488647 12.8804998397827 12.7080001831055 12.2598333358765 11.3823337554932 10.787166595459 9.95916652679443 8.67416667938232 9.22083377838135 10.2615003585815 10.820333480835 10.6941661834717 10.5144996643066 10.7226667404175
3.08533334732056 3.47099995613098 4.63683319091797 5.20566654205322 6.31316661834717 6.76533317565918 7.3343334197998 7.59600019454956 7.64316654205322 7.74983310699463 7.37016677856445 6.49849987030029 7.16633319854736 7.34416675567627 9.17666625976562 10.8979997634888 12.4291667938232 12.6203336715698 9.40299987792969 3.40050005912781 0.3078333735466 2.86766672134399 5.76383352279663 8.26150035858154 10.631667137146 11.405499458313 11.4096670150757 10.3518333435059 8.02099990844727 6.95633316040039 7.56366682052612 8.51249980926514 10.4473333358765 11.9248332977295 12.8223333358765 12.9844999313354 12.9281663894653 12.6016664505005 11.9536666870117 10.6051664352417 10.1195001602173 8.76550006866455 8.17300033569336 9.22333335876465 9.9883337020874 10.5046663284302 10.9576663970947 11.2536668777466 11.617166519165
3.84500002861023 4.20349979400635 3.34500002861023 4.98383331298828 6.25799989700317 6.92483329772949 7.29433345794678 7.47833347320557 7.71866703033447 7.7591667175293 7.39100027084351 7.15416669845581 7.76583337783813 8.39200019836426 9.20466709136963 11.1138334274292 12.4870004653931 12.8474998474121 10.631667137146 4.83599996566772 -0.300833374261856 0.475000023841858 4.57183313369751 7.33050012588501 9.52016639709473 11.2115001678467 11.5054998397827 11.2156667709351 9.70549964904785 8.81033325195312 8.28800010681152 9.489333152771 11.1529998779297 12.4259996414185 12.8330001831055 12.8948335647583 12.7519998550415 12.3996667861938 11.8001670837402 10.8431663513184 9.81900024414062 9.43333339691162 10.1389999389648 10.6271667480469 10.7565002441406 10.9518337249756 11.5094995498657 11.8213338851929 12.1101665496826
5.37333345413208 4.99983358383179 3.07683348655701 2.98966670036316 3.57566666603088 4.15350008010864 6.06366682052612 6.54166650772095 7.55399990081787 7.60416650772095 7.35816669464111 7.39916658401489 7.83299970626831 8.47033309936523 9.51016616821289 11.5684995651245 12.841833114624 13.1040000915527 11.296667098999 6.62583351135254 1.7188333272934 -0.540999948978424 2.51816654205322 5.93233346939087 8.23766708374023 10.2781667709351 11.2250003814697 11.4623336791992 10.9800004959106 9.99416637420654 9.23799991607666 9.15166664123535 10.4626665115356 11.6254997253418 11.9046669006348 11.9581661224365 11.8361663818359 11.7038335800171 11.0243330001831 10.3238334655762 9.30016708374023 10.0138330459595 11.1403331756592 11.2650003433228 11.0933332443237 11.2403335571289 11.7821664810181 12.0994997024536 12.3579998016357
6.95466661453247 4.93266677856445 3.07500004768372 1.30400002002716 0.601666510105133 0.814499974250793 1.93433332443237 3.39316654205322 5.87233352661133 6.43933343887329 6.94449996948242 7.72216653823853 8.50333309173584 9.01000022888184 10.3533334732056 11.8330001831055 12.9558334350586 13.4305000305176 12.5404996871948 7.97633361816406 2.40666651725769 0.0788333714008331 1.39783322811127 3.18700003623962 5.24933338165283 7.82766675949097 9.95916652679443 11.2388334274292 11.3513336181641 10.9379997253418 10.0256662368774 9.14966678619385 9.16899967193604 9.70516681671143 10.0620002746582 9.82966709136963 9.96216678619385 10.1703329086304 9.81633377075195 9.37400054931641 10.0953330993652 11.2941665649414 11.6636667251587 11.5605001449585 11.3858337402344 11.6070003509521 11.9303331375122 12.3125 12.1828336715698
6.16116666793823 4.99816656112671 3.84750008583069 3.07100009918213 0.988166749477386 -0.297333329916 -0.14266674220562 1.12899994850159 1.04083323478699 2.41466665267944 3.75600004196167 7.74049997329712 9.87283325195312 10.9375 11.8571662902832 12.3413333892822 13.2333335876465 13.6204996109009 13.3330001831055 10.0821666717529 5.25833320617676 1.66233336925507 1.56816673278809 2.88433313369751 3.941166639328 5.72266674041748 8.33416652679443 10.3561668395996 11.2620000839233 11.1984996795654 10.4861669540405 10.3441667556763 9.7839994430542 8.87266635894775 8.34216690063477 7.19199991226196 6.51533317565918 7.8274998664856 8.56366634368896 9.28366661071777 10.8400001525879 11.6783332824707 11.7261667251587 11.5856666564941 11.4691667556763 11.6211671829224 12.3156661987305 12.2598333358765 10.8228330612183
4.55450010299683 3.19950008392334 1.28233325481415 1.65766668319702 1.19300007820129 0.0574999675154686 -0.401666700839996 -0.357166618108749 -0.130499929189682 1.90066683292389 1.58866679668427 7.94933366775513 11.7760000228882 12.2241668701172 12.342999458313 12.8306665420532 13.2220001220703 13.4693336486816 13.5023336410522 11.4781665802002 7.7335000038147 4.08566665649414 2.24433326721191 2.53433322906494 3.88650012016296 5.64933347702026 7.09916639328003 9.37766647338867 10.8955001831055 11.2376670837402 11.1926670074463 10.9624996185303 10.4808330535889 9.68316650390625 8.87233352661133 7.77983331680298 6.98899984359741 7.07049989700317 8.22649955749512 9.41983318328857 10.3718338012695 11.533332824707 11.6370000839233 11.5553331375122 11.8551664352417 12.3301668167114 12.5661668777466 12.4770002365112 11.4903335571289
6.32600021362305 3.17600011825562 2.19916677474976 2.36933326721191 1.92850005626678 1.97100007534027 1.2553334236145 0.593666613101959 -0.429166704416275 0.536833345890045 1.08916664123535 8.10066699981689 12.1274995803833 12.5966663360596 12.5993337631226 12.8850002288818 13.2170000076294 13.5638332366943 13.7961664199829 12.6269998550415 8.80399990081787 5.14750003814697 2.99000000953674 3.878666639328 5.06966686248779 6.29616689682007 7.53200006484985 9.2495002746582 10.0398330688477 11.0083332061768 11.372166633606 10.9055004119873 9.83316612243652 9.07266712188721 9.23533344268799 8.8125 7.84450006484985 7.49783325195312 8.26900005340576 10.1830005645752 11.4676666259766 12.1026668548584 12.3155002593994 12.361499786377 12.4023332595825 12.4574995040894 12.5004997253418 12.6361665725708 12.6893329620361
7.66949987411499 5.95566654205322 5.46816682815552 5.30033349990845 4.19733333587646 1.77633333206177 0.281500101089478 -0.913500010967255 -1.36283326148987 -0.796000063419342 2.84433341026306 7.89966678619385 11.4095001220703 12.2546663284302 12.7236671447754 13.1659994125366 13.4130001068115 13.5036668777466 13.7126665115356 13.1584997177124 9.96000003814697 6.79733324050903 3.32966661453247 4.15850019454956 6.09283351898193 7.61899995803833 10.0384998321533 11.2036666870117 10.2141666412354 11.5761671066284 11.7613334655762 10.7019996643066 9.08416652679443 8.03816699981689 7.93916654586792 8.34233379364014 7.79616689682007 7.51700019836426 9.36033344268799 11.3093338012695 11.9591665267944 12.1303329467773 12.1859998703003 12.1175003051758 11.8718328475952 11.9756669998169 12.2744998931885 12.6511669158936 12.7659997940063
7.63266658782959 7.86499977111816 7.38766670227051 6.30700016021729 3.87800002098083 2.09666681289673 0.259833306074142 -1.36266660690308 -1.60716664791107 0.430666744709015 2.94050002098083 2.09299993515015 8.52066707611084 10.456166267395 11.6625003814697 12.7744998931885 13.2318334579468 13.3911666870117 13.6120004653931 13.5968332290649 10.9141664505005 7.17716693878174 5.40033340454102 6.19166660308838 8.41933345794678 10.3838338851929 11.6155004501343 11.2276668548584 12.2431669235229 13.8321666717529 13.8479995727539 12.1794996261597 11.2829999923706 10.2594995498657 9.23966693878174 8.92650032043457 9.19149971008301 10.0628337860107 11.1374998092651 11.6323337554932 11.6516666412354 11.3769998550415 11.3751668930054 10.8261661529541 10.6056671142578 11.076000213623 12.0979995727539 12.9888334274292 13.4128332138062
4.84549999237061 5.93283319473267 6.55433320999146 6.92199993133545 3.7221667766571 0.524166643619537 0.32166662812233 -1.09916663169861 -1.30300009250641 -0.544000089168549 -0.433166652917862 1.71583342552185 6.82816648483276 8.77349948883057 9.92749977111816 10.3471670150757 11.1611661911011 12.9359998703003 13.6988334655762 13.9421663284302 12.2028331756592 8.38899993896484 7.15549993515015 8.23966693878174 10.5284996032715 11.9031667709351 11.7643337249756 10.53600025177 13.0693330764771 14.6311664581299 15.0598335266113 14.4744997024536 12.9388332366943 9.57783317565918 10.0144996643066 11.3734998703003 11.8916664123535 12.1995000839233 12.3135004043579 11.3024997711182 10.7335004806519 10.6695003509521 10.4171667098999 9.89183330535889 9.56433296203613 10.668833732605 12.1563329696655 13.1046667098999 13.6746664047241
4.17183351516724 3.0368332862854 2.91799998283386 5.3013334274292 4.0988335609436 1.68133318424225 0.331499993801117 -0.00966668501496315 0.49333330988884 -0.663333356380463 -1.45050013065338 0.655333340167999 4.68983316421509 6.12033319473267 5.28016662597656 5.62666654586792 7.18783330917358 10.9646663665771 13.5200004577637 14.0186672210693 12.9340000152588 8.67116641998291 7.78933334350586 8.36016654968262 10.3559999465942 11.9021663665771 10.4826669692993 10.1138334274292 12.9744997024536 14.6035003662109 15.3723335266113 15.2956666946411 14.4633331298828 11.3103332519531 8.99116706848145 12.5431671142578 13.981333732605 14.4190006256104 14.0796670913696 12.9539995193481 12.2130002975464 11.4890003204346 10.2798337936401 9.00116634368896 9.21000003814697 11.1253337860107 12.5303335189819 13.1963338851929 13.8894996643066
4.54333305358887 3.55016684532166 2.64100003242493 3.25149989128113 4.38216686248779 3.65100002288818 3.60700011253357 1.95850002765656 -0.525333404541016 -0.958333313465118 -1.41016662120819 -0.00816660840064287 2.83266663551331 3.31466674804688 1.88749992847443 2.99733328819275 4.05566644668579 9.17700004577637 13.0711669921875 14.0553331375122 13.9316663742065 11.6893329620361 9.69266700744629 8.1788330078125 8.60400009155273 8.63066673278809 7.67400026321411 9.51716709136963 10.9646663665771 13.6944999694824 15.5825004577637 15.8518333435059 15.6029996871948 13.4966669082642 11.0603332519531 12.6584997177124 14.9995002746582 15.5574998855591 15.2006664276123 14.0271663665771 12.2208337783813 10.8991670608521 9.29416656494141 9.39200019836426 10.9293336868286 12.5469999313354 13.518500328064 13.7439994812012 14.0388336181641
3.8125 3.3108332157135 2.92666673660278 2.81350016593933 2.47716665267944 1.88866674900055 1.6193333864212 1.43949997425079 1.12399995326996 0.142833322286606 -1.5164999961853 -0.516166687011719 0.451499968767166 1.61866676807404 0.470333337783813 1.54283332824707 2.42133331298828 6.42883348464966 11.242166519165 13.8511667251587 14.2466669082642 13.8523330688477 12.2031669616699 9.8526668548584 7.56800031661987 6.87366676330566 7.31933307647705 8.58150005340576 9.59883308410645 12.3334999084473 15.3923330307007 16.1410007476807 16.2746677398682 14.6323337554932 12.7738332748413 12.2270002365112 13.9938335418701 16.0596675872803 15.9624996185303 14.8036661148071 13.0109996795654 11.2836666107178 10.2083330154419 10.6885004043579 11.9388332366943 13.1911668777466 13.8978338241577 13.9759998321533 13.8431663513184
4.44766664505005 3.02099990844727 3.69533348083496 3.97650003433228 3.37050008773804 3.23616671562195 1.85483336448669 0.684166610240936 0.554833352565765 -0.430499911308289 -1.21366667747498 -1.60483336448669 -0.997666656970978 0.25833335518837 -0.910833358764648 0.311166673898697 2.74566650390625 5.69000005722046 10.0030002593994 13.2965002059937 14.3543329238892 14.3691663742065 12.3528327941895 10.0115003585815 8.37383365631104 7.18149995803833 8.08316707611084 8.53816699981689 10.0129995346069 12.3381662368774 14.7814998626709 15.3448333740234 16.17799949646 16.2531661987305 15.0544996261597 13.5833330154419 12.323166847229 15.7856664657593 16.5561656951904 15.8606662750244 14.1964998245239 12.5740003585815 11.7366666793823 11.7239999771118 12.1719999313354 13.1319999694824 13.9741668701172 13.3296670913696 12.8459997177124
5.42233324050903 3.94783329963684 3.69883322715759 4.62266635894775 4.1584997177124 4.31233310699463 2.97366666793823 1.18066680431366 -0.118999928236008 -1.10266673564911 -1.31950008869171 -0.883666753768921 0.958000004291534 -0.0646666884422302 -1.29550004005432 -0.486166656017303 0.890499949455261 3.78166675567627 8.56400012969971 11.9923334121704 14.1258335113525 14.3751668930054 11.5886669158936 7.99700021743774 7.1855001449585 6.91849994659424 7.28049993515015 9.01433372497559 10.3745002746582 12.0869998931885 12.6844997406006 14.0650005340576 14.8109998703003 16.4055004119873 16.3215007781982 15.5901660919189 12.0111665725708 14.5076665878296 16.6066665649414 16.9158325195312 15.2933330535889 13.7243337631226 13.0190000534058 13.5100002288818 13.6304998397827 13.841833114624 13.0891666412354 11.6873331069946 11.8366670608521
7.1051664352417 5.50399971008301 4.69233322143555 5.02833318710327 5.69999980926514 3.71883344650269 2.90216660499573 2.25883340835571 0.975833296775818 -0.142333313822746 0.182166650891304 0.528499901294708 1.97200000286102 2.06916666030884 1.15100002288818 -0.827666640281677 -1.4835000038147 1.75433325767517 7.88700008392334 12.4006662368774 14.0073328018188 14.5568332672119 12.8948335647583 7.31500005722046 5.57649993896484 6.12583351135254 5.91433334350586 8.05316638946533 9.52350044250488 11.1800003051758 11.1961669921875 12.5769996643066 13.0661668777466 15.7624998092651 15.9945001602173 14.6213331222534 11.6599998474121 13.4571666717529 16.0471668243408 17.5231666564941 17.2778339385986 15.7398328781128 15.2971668243408 14.8878335952759 14.404333114624 13.0321664810181 11.0830001831055 10.2370004653931 11.4724998474121
8.61783313751221 7.09383344650269 6.17166662216187 6.91466665267944 5.57066679000854 3.17816662788391 2.43250012397766 2.36549997329712 1.62549996376038 0.690333425998688 1.69083333015442 3.89933347702026 3.22483325004578 3.00666666030884 0.374166637659073 -0.970833241939545 -1.32166659832001 0.411666721105576 7.03900003433228 12.6346664428711 14.4308338165283 14.9224996566772 13.5314998626709 9.00949954986572 5.70499992370605 5.42049980163574 4.08199977874756 6.86133337020874 9.41916656494141 11.390832901001 12.0008335113525 12.1606664657593 11.859167098999 13.5041666030884 14.4776668548584 12.9173336029053 11.3648338317871 11.6073331832886 15.2853336334229 17.2303333282471 17.9716663360596 18.1261672973633 17.0098342895508 15.6753330230713 14.7006664276123 12.2153329849243 9.45499992370605 8.63966655731201 10.2714996337891
10.6494998931885 7.05933332443237 7.1269998550415 7.98150014877319 5.34583330154419 3.68366670608521 3.43400001525879 4.77950000762939 3.71000003814697 3.08783340454102 2.94700002670288 5.85900020599365 5.89233350753784 2.81716680526733 0.531999945640564 -0.393166691064835 -0.048333328217268 -0.343666732311249 5.0901665687561 12.0659999847412 14.647500038147 14.9923334121704 13.826000213623 9.23616695404053 5.84450006484985 4.08766651153564 4.19016647338867 6.99300003051758 10.9204998016357 13.1230001449585 13.4443330764771 12.889666557312 12.3403329849243 12.0381669998169 13.2621669769287 12.5968332290649 9.68716716766357 10.2369995117188 14.4663333892822 16.496166229248 16.199333190918 17.994499206543 18.2975006103516 17.4326667785645 15.433500289917 11.8129997253418 9.25633335113525 8.17266654968262 9.57716655731201
12.2698335647583 9.29166698455811 10.1433334350586 8.58399963378906 5.80266666412354 4.4210000038147 5.04233312606812 6.43633317947388 6.52716684341431 6.89366674423218 5.62916660308838 4.74599981307983 3.06150007247925 0.667833387851715 0.705333292484283 0.658666670322418 -0.522166728973389 -0.795166671276093 3.63083338737488 10.3976669311523 14.4458332061768 15.0568332672119 14.7799997329712 11.7565002441406 8.60866641998291 6.05466651916504 4.88483333587646 7.67449998855591 12.3341665267944 15.2024993896484 15.4464998245239 14.6196670532227 13.0904998779297 12.0448331832886 14.8686666488647 13.1505002975464 8.59966659545898 10.3765001296997 13.9093332290649 14.2258329391479 13.4856662750244 16.236499786377 18.5065002441406 18.8411674499512 17.3656673431396 14.2123336791992 10.7369995117188 9.1555004119873 8.9868335723877
15.9104995727539 14.2609996795654 12.3678331375122 10.7931671142578 9.54733276367188 6.92600011825562 6.15216684341431 8.38066673278809 7.91099977493286 3.28033328056335 2.03633332252502 1.95283329486847 1.3401665687561 0.680166661739349 2.61666679382324 1.41400003433228 1.02366662025452 0.514833331108093 1.82916665077209 7.09600019454956 13.8208332061768 15.025333404541 14.9926662445068 13.7653331756592 10.9739999771118 8.31183338165283 7.67533302307129 11.279333114624 14.7428331375122 16.9513339996338 17.7508335113525 17.3063335418701 15.3411664962769 14.469500541687 16.3968334197998 12.8794994354248 8.8754997253418 8.83199977874756 12.5053329467773 10.5051670074463 9.67416667938232 13.886833190918 17.3050003051758 19.3171672821045 19.2633323669434 17.4354991912842 14.3101663589478 11.8906669616699 11.3226671218872
16.2853336334229 16.3428325653076 15.6491670608521 14.7378330230713 13.8013334274292 12.9825000762939 12.4611663818359 9.72266674041748 5.80399990081787 4.76149988174438 5.06566667556763 2.96633338928223 1.85833334922791 2.47666668891907 4.60916662216187 2.51516652107239 1.41799998283386 0.0708332732319832 1.39333343505859 7.635666847229 13.0273332595825 14.889666557312 15.0799999237061 14.9026670455933 13.5303335189819 10.3920001983643 7.99816656112671 11.0678329467773 15.2098331451416 18.0093326568604 18.7848339080811 18.5691661834717 17.8633327484131 17.9946670532227 17.22483253479 13.5115003585815 11.5223331451416 10.4018335342407 11.8541669845581 10.2665004730225 9.64583301544189 11.9906663894653 15.518500328064 19.2256660461426 20.7401657104492 20.771333694458 18.78733253479 15.5798330307007 14.1646671295166
