model/data/bioclim/bclim5.asc
NCOLS 300 
NROWS 300 
XLLCORNER -125.25 
YLLCORNER 30.75 
CELLSIZE 0.0416666666666667 
NODATA_value -3.4e+38 
[rows 22 to 43 of 300, columns 245 to 293 of 300]
30.6959991455078 30.5559997558594 30.5279998779297 30.3680000305176 30.3439998626709 30.3559989929199 30.3159999847412 30.2840003967285 30.4400005340576 30.5240001678467 30.2399997711182 30.0240001678467 29.8479995727539 28.5200004577637 28.3080005645752 27.8680000305176 27.3479995727539 27.6079998016357 27.8360004425049 27.7080001831055 26.8519992828369 25.9519996643066 26.576000213623 28.1800003051758 29.6800003051758 30.5279998779297 30.6480007171631 29.6159992218018 29.1920013427734 29.7760009765625 29.8519992828369 28.2919998168945 24.5200004577637 22.9479999542236 23.7439994812012 25.5359992980957 28.3239994049072 28.9640007019043 30.1840000152588 31.8719997406006 31.7320003509521 31.3560009002686 31.2600002288818 31.8439998626709 31.8719997406006 31.2999992370605 30.6760005950928 29.92799949646 28.4200000762939
29.8239994049072 29.92799949646 29.8239994049072 29.8519992828369 29.8959999084473 30.0200004577637 29.8680000305176 29.9519996643066 30.0879993438721 30.3479995727539 30.4200000762939 29.9759998321533 29.5599994659424 28.488000869751 27.4839992523193 26.8400001525879 26.1000003814697 25.3439998626709 26.2919998168945 26.511999130249 25.3239994049072 24.7999992370605 25.7159996032715 27.6480007171631 28.3239994049072 29.8239994049072 30.4479999542236 29.7119998931885 29.2399997711182 29.5200004577637 29.4519996643066 26.992000579834 25.4720001220703 26.6599998474121 27.5160007476807 28.992000579834 29.7560005187988 30.2600002288818 31.3799991607666 32.0559997558594 31.8320007324219 31.011999130249 31.2080001831055 31.8599987030029 31.8159999847412 31.3880004882812 30.8999996185303 29.9400005340576 28.7360000610352
29.3080005645752 29.2959995269775 29.1119995117188 29.3559989929199 29.3920001983643 29.57200050354 29.6800003051758 29.7240009307861 29.7999992370605 29.7639999389648 30.1040000915527 29.8680000305176 29.4479999542236 28.5559997558594 27.3400001525879 26.7679996490479 25.9799995422363 24.5319995880127 25.1119995117188 25.5799999237061 24.3120002746582 24.2240009307861 25.4720001220703 26.431999206543 27.4599990844727 28.996000289917 29.8519992828369 29.8199996948242 29.6800003051758 29.5960006713867 28.7119998931885 26.068000793457 23.4640007019043 25.0520000457764 27.6879997253418 29.1560001373291 27.9479999542236 28.2320003509521 30.5520000457764 31.8640003204346 32.1160011291504 31.1520004272461 31.3799991607666 31.6919994354248 30.1319999694824 29.5 30.2080001831055 30.1959991455078 29.6040000915527
28.7840003967285 28.6800003051758 28.7719993591309 29.0599994659424 28.9080009460449 28.8400001525879 29.3360004425049 29.4079990386963 29.511999130249 29.3279991149902 29.4080009460449 29.0200004577637 28.6720008850098 28.1760005950928 27.5240001678467 27.0240001678467 25.9120006561279 24.4559993743896 24.0799999237061 24.2959995269775 23.7800006866455 24.488000869751 25.3239994049072 26.2719993591309 27.6760005950928 28.8479995727539 29.3680000305176 29.57200050354 29.2959995269775 29.1959991455078 27.1399993896484 23.568000793457 21.7719993591309 22.4079990386963 26.5879993438721 28.8519992828369 27.07200050354 26.6480007171631 29.6319999694824 31.3320007324219 31.9759998321533 31.4160003662109 31.3600006103516 31.3479995727539 29.5359992980957 26.8159999847412 28 29.1599998474121 29.9759998321533
28.5279998779297 28.0399990081787 27.7000007629395 27.2000007629395 26.7519989013672 26.9479999542236 29.1000003814697 29.3799991607666 29.3999996185303 28.8640003204346 27.6840000152588 27.6000003814697 27.7719993591309 27.7040004730225 27.7320003509521 27.4599990844727 26.2800006866455 24.8600006103516 24.2399997711182 23.4720001220703 23.7600002288818 25.5520000457764 27.7360000610352 28.3279991149902 28.3680000305176 28.8199996948242 29.1959991455078 28.9160003662109 27.0520000457764 27.6679992675781 26.2639999389648 23.1480007171631 25.3519992828369 27.5799999237061 28.8880004882812 29.2800006866455 27.2199993133545 27.8840007781982 29.8799991607666 31.2119998931885 31.6599998474121 31.2280006408691 31.2919998168945 31.1800003051758 29.4039993286133 25.8159999847412 24.8959999084473 27.7280006408691 29.8360004425049
28.007999420166 27.3199996948242 26.1200008392334 25.4479999542236 25.1599998474121 26.9479999542236 29.4720001220703 29.3880004882812 29.3040008544922 28.1879997253418 26.8959999084473 27.42799949646 27.7399997711182 27.8559989929199 27.996000289917 27.8039989471436 27.0839996337891 25.7479991912842 25.2560005187988 24.3719997406006 24.4080009460449 25.431999206543 26.9519996643066 27.2600002288818 27.8120002746582 28.7560005187988 29.3479995727539 28.6639995574951 26.57200050354 25.4200000762939 26.7639999389648 25.4559993743896 27.1319999694824 28.7560005187988 29.5400009155273 29.8799991607666 29.1199989318848 28.0200004577637 30.3719997406006 31.3559989929199 31.2639999389648 30.923999786377 31.0799999237061 30.996000289917 29.3159999847412 26.1720008850098 24.9519996643066 26.423999786377 29.8239994049072
26.4759998321533 25.6040000915527 24.6599998474121 24.5319995880127 25.3959999084473 28.5319995880127 29.5359992980957 29.4039993286133 29.2800006866455 28.3439998626709 27.2919998168945 28.0639991760254 28.5319995880127 28.4360008239746 28.2320003509521 28.0520000457764 27.5960006713867 26.1599998474121 26.0559997558594 25.3279991149902 25.8840007781982 25.7880001068115 27.6280002593994 28.6200008392334 28.3040008544922 29.068000793457 29.5399990081787 28.576000213623 25.6560001373291 25.7399997711182 27.1159992218018 26.9599990844727 27.5919990539551 28.988000869751 29.8120002746582 29.9720001220703 30.2320003509521 30.2759990692139 30.8920001983643 31.1520004272461 31.4160003662109 31.4200000762939 31.0839996337891 30.8120002746582 29.3719997406006 26.5879993438721 27.0799999237061 28.3199996948242 30.7639999389648
24.5319995880127 24.4200000762939 24.5160007476807 25.3400001525879 26.1440010070801 28.6399993896484 29.011999130249 29.484001159668 29.1399993896484 29.0799999237061 28.5279998779297 28.8239994049072 28.8239994049072 28.4879989624023 28.3439998626709 28.1879997253418 27.8920001983643 26.5599994659424 26.6079998016357 26.8040008544922 26.992000579834 27.4519996643066 28.7399997711182 29.3719997406006 29.496000289917 29.8239994049072 29.5559997558594 28.5480003356934 26.1760005950928 27.1159992218018 28.2439994812012 28.1520004272461 28.6079998016357 29.7759990692139 29.7439994812012 29.7759990692139 29.8320007324219 29.8680000305176 30.1359996795654 30.2280006408691 30.6119995117188 31.0359992980957 30.9079990386963 30.8640003204346 30.1599998474121 29.2360000610352 30.011999130249 30.6599998474121 32.1440010070801
24.5 25.0200004577637 25.6639995574951 26.0919990539551 25.8959999084473 28.1800003051758 28.931999206543 29.2679996490479 29.1159992218018 29.5559997558594 29.488000869751 29.1879997253418 28.5839996337891 28.2560005187988 28.3799991607666 28.4839992523193 28.2000007629395 27.1560001373291 27.2919998168945 27.9360008239746 27.5960006713867 28.3479995727539 28.9839992523193 29.6760005950928 29.9680004119873 29.9799995422363 29.4519996643066 27.8840007781982 25.8080005645752 26.9160003662109 28.4600009918213 28.3880004882812 28.5400009155273 29.6919994354248 29.3479995727539 29.0559997558594 28.4799995422363 26.9519996643066 27.6840000152588 27.492000579834 26.9680004119873 28.4680004119873 29.4160003662109 29.9160003662109 30.6040000915527 31.2840003967285 31.8640003204346 32.2560005187988 32.7840003967285
25.2759990692139 26.2040004730225 27.2760009765625 26.5960006713867 26.7479991912842 27.8400001525879 28.7520008087158 29.3799991607666 29.6119995117188 29.6119995117188 29.511999130249 29.0240001678467 28.3479995727539 27.3640003204346 27.6679992675781 28.3039989471436 28.3640003204346 27.42799949646 27.7479991912842 28.7560005187988 28.9519996643066 29.3880004882812 29.6000003814697 29.9120006561279 30.1280002593994 29.3360004425049 28.1119995117188 26.3799991607666 25.1159992218018 24.7479991912842 27.6520004272461 28.9200000762939 28.4440002441406 29.0920009613037 28.8439998626709 28.0919990539551 26.7399997711182 25.2919998168945 23.3519992828369 22.2719993591309 23.068000793457 24.7080001831055 25.6399993896484 27.3199996948242 29.1639995574951 31.5359992980957 32.4440002441406 32.7799987792969 33.0359992980957
25.996000289917 27.3959999084473 27.7239990234375 27.0599994659424 27.5 27.3920001983643 28.2600002288818 29.5240001678467 29.8640003204346 29.7520008087158 29.6560001373291 29.2560005187988 27.8560009002686 26.3559989929199 25.9720001220703 27.2360000610352 28.2719993591309 28.7280006408691 28.6240005493164 29.2840003967285 29.8159999847412 30.0839996337891 30.1480007171631 30.1440010070801 29.9559993743896 28.568000793457 27.3759994506836 26.6079998016357 25.7399997711182 26.1000003814697 27.0160007476807 28.3159999847412 26.503999710083 26.4599990844727 26.503999710083 26.0919990539551 24.7320003509521 22.6079998016357 21.9559993743896 21.4519996643066 21.8080005645752 22.8840007781982 25.3600006103516 26.6959991455078 29.5960006713867 31.7399997711182 32.7919998168945 33.1119995117188 33.1920013427734
27.0319995880127 28.3320007324219 27.4479999542236 27.2320003509521 27.0480003356934 27.3680000305176 28.8320007324219 29.6760005950928 29.6679992675781 29.0960006713867 29.576000213623 29.3799991607666 27.9720001220703 26.3040008544922 25.6240005493164 27.076000213623 28.5480003356934 29.576000213623 29.6119995117188 29.8199996948242 30.1800003051758 30.3680000305176 30.2959995269775 30.0599994659424 29.0240001678467 28.3519992828369 28.4720001220703 27.7360000610352 26.8080005645752 27.5279998779297 27.0520000457764 27.9360008239746 26.5559997558594 25.923999786377 26.5799999237061 25.8560009002686 26.0879993438721 26.3680000305176 26.6199989318848 26.4599990844727 27.0799999237061 27.7600002288818 28.2239990234375 29.4720001220703 30.8759994506836 32.3800010681152 33.2439994812012 33.1520004272461 32.7760009765625
28.5319995880127 28.8279991149902 27.9400005340576 26.8120002746582 25.7000007629395 27.431999206543 29.1960010528564 29.8999996185303 28.5480003356934 26.9039993286133 28.6040000915527 28.8439998626709 27.2480010986328 26.5160007476807 26.8840007781982 28.003999710083 28.9440002441406 29.5359992980957 29.7840003967285 29.8560009002686 30.3080005645752 30.2240009307861 29.9559993743896 29.2800006866455 27.1240005493164 26.9720001220703 27.6840000152588 28.8799991607666 28.5319995880127 28.5279998779297 25.9200000762939 26.92799949646 26.1319999694824 26.8279991149902 28.0559997558594 28.4680004119873 29.0399990081787 29.5120010375977 29.488000869751 29.5319995880127 29.7199993133545 29.8880004882812 30.4400005340576 31.1159992218018 32.060001373291 32.8959999084473 33.3600006103516 33.4560012817383 33.2680015563965
28.9479999542236 28.3400001525879 28.4360008239746 27.6439990997314 26.2800006866455 27.4400005340576 29.0440006256104 29.3120002746582 28.2119998931885 26.5279998779297 28.0599994659424 27.9640007019043 27.511999130249 26.8959999084473 28.068000793457 28.8559989929199 29.3719997406006 29.3680000305176 29.4640007019043 29.4039993286133 29.5400009155273 29.5559997558594 28.8479995727539 28.0520000457764 27.5200004577637 27.7000007629395 28.3280010223389 29.2999992370605 29.6480007171631 28.935998916626 26.6359996795654 25.4799995422363 26.0920009613037 27.8640003204346 28.6760005950928 29.7759990692139 30.3640003204346 30.7000007629395 30.7759990692139 30.8600006103516 31.0200004577637 31.0240001678467 31.3080005645752 31.7999992370605 32.6399993896484 33.0959968566895 33.1440010070801 33.2360000610352 33.2879981994629
28.1959991455078 27.0240001678467 27.4360008239746 28.1800003051758 28.7760009765625 29.1520004272461 28.7880001068115 27.4079990386963 26.6359996795654 26.3120002746582 28 28.076000213623 27.7719993591309 27.9839992523193 28.9799995422363 29.4400005340576 29.5279998779297 29.0400009155273 28.9519996643066 28.7639999389648 28.2320003509521 28.1840000152588 27.92799949646 27.6000003814697 29.2679996490479 29.6079998016357 29.7040004730225 30.3120002746582 30.2000007629395 29.2639999389648 26.9039993286133 24.8759994506836 27.9120006561279 29.8120002746582 29.8799991607666 30.2119998931885 30.8439998626709 31.0960006713867 31.3719997406006 31.5879993438721 31.7360000610352 31.7639999389648 31.7240009307861 31.7280006408691 32.5400009155273 32.9160003662109 32.8279991149902 32.9000015258789 32.8800010681152
27.7880001068115 26.515998840332 27.4039993286133 28.4640007019043 29.3279991149902 29.2399997711182 27.8320007324219 26.0960006713867 25.8159999847412 26.4479999542236 27.0559997558594 28.0440006256104 28.2840003967285 28.9759998321533 29.7240009307861 29.7719993591309 29.0839996337891 28.5200004577637 28.4799995422363 29.1200008392334 29.1040000915527 28.2520008087158 27.1439990997314 27.4839992523193 29.5359992980957 30.4759998321533 30.7519989013672 30.9559993743896 30.3719997406006 29.2880001068115 26.5520000457764 25.7320003509521 29.1800003051758 30.2919998168945 30.6079998016357 30.996000289917 30.996000289917 30.8719997406006 31.2959995269775 31.4320011138916 31.5599994659424 31.9599990844727 31.8159999847412 31.5799999237061 32.2200012207031 32.9039993286133 32.7080001831055 32.6879997253418 32.6040000915527
27.3279991149902 27.4200000762939 27.6159992218018 28.7119998931885 29.5 29.3279991149902 28.8719997406006 28.4120006561279 27.7999992370605 26.1679992675781 26.0480003356934 28.0400009155273 28.7080001831055 29.4600009918213 30.3799991607666 30.1919994354248 28.7360000610352 27.3320007324219 27.3360004425049 29.0639991760254 29.7399997711182 29.3279991149902 28.2159996032715 28.1760005950928 29.007999420166 30.4839992523193 31.07200050354 31.1040000915527 30.9120006561279 29.7560005187988 27.4440002441406 27.992000579834 29.7320003509521 30.4360008239746 30.6280002593994 31.4599990844727 31.2360000610352 30.92799949646 31.1680011749268 31 30.8519992828369 31.8439998626709 32.3279991149902 32.3559989929199 32.7840003967285 33.0519981384277 32.6879997253418 32.3079986572266 32.0839996337891
26.3080005645752 27.5200004577637 28.4759998321533 29.076000213623 29.4519996643066 29.435998916626 29.0279998779297 28.5359992980957 27.496000289917 25.9440002441406 27.2199993133545 28.8159999847412 29.3880004882812 30.2560005187988 30.6960010528564 30.3120002746582 29.3920001983643 28.3959999084473 27.1800003051758 28.4080009460449 29.4519996643066 29.9759998321533 28.6240005493164 28.0399990081787 28.7320003509521 30.1159992218018 31.2600002288818 31.3559989929199 31.1079998016357 30.3040008544922 28.3799991607666 28.1959991455078 29.6720008850098 30.5639991760254 31.423999786377 31.8239994049072 31.7959995269775 31.6720008850098 31.5960006713867 31.2800006866455 31.4640007019043 31.57200050354 32.4000015258789 32.6759986877441 32.7080001831055 32.6479988098145 32.8800010681152 32.2560005187988 31.8400001525879
24.9640007019043 26.4360008239746 27.9440002441406 28.8640003204346 29.3239994049072 29.488000869751 29.2719993591309 28.7320003509521 27.7040004730225 27.1319999694824 29.1599998474121 29.9440002441406 30.3920001983643 30.7040004730225 30.5679988861084 30.42799949646 30.2880001068115 29.6760005950928 28.9360008239746 29.0799999237061 29.6960010528564 30.2360000610352 29.0200004577637 28.2479991912842 28.8280010223389 30.2239990234375 31.492000579834 31.488000869751 31.1440010070801 30.2959995269775 28.4479999542236 28.6319999694824 30.1639995574951 30.9799995422363 31.7999992370605 32.2159996032715 32.3040008544922 32.2119979858398 31.9519996643066 32.3839988708496 32.7120018005371 32.9640007019043 33.1199989318848 33.1640014648438 32.6479988098145 32.2999992370605 32.984001159668 32.3479995727539 31.7679996490479
24.7639999389648 26.1200008392334 27.5400009155273 28.6159992218018 29.1680011749268 29.3360004425049 29.2040004730225 28.8400001525879 27.9400005340576 29.07200050354 30.3199996948242 30.5200004577637 30.5240001678467 30.1679992675781 29.6000003814697 30.1319999694824 30.8519992828369 31.0200004577637 30.7320003509521 30.4559993743896 30.5200004577637 30.1399993896484 28.7399997711182 28.9559993743896 30.0200004577637 30.8840007781982 31.7840003967285 31.8719997406006 31.1560001373291 30.0200004577637 28.7240009307861 28.988000869751 29.7560005187988 31.1079998016357 32.2239990234375 32.7000007629395 32.7200012207031 32.6440010070801 32.7280006408691 33.023998260498 33.0880012512207 33.2000007629395 33.2040023803711 33.1360015869141 32.476001739502 31.4360008239746 32.492000579834 32.5040016174316 31.7199993133545
24.7719993591309 25.2679996490479 26.8479995727539 28.3439998626709 29.0839996337891 29.1959991455078 29.2600002288818 28.8680000305176 28.3759994506836 30.0599994659424 30.507999420166 30.4519996643066 30.3320007324219 29.2560005187988 28.3239994049072 29.2239990234375 30.5839996337891 31.0279998779297 31.1079998016357 30.8920001983643 30.9080009460449 30.0319995880127 29.5 29.6760005950928 30.9120006561279 31.42799949646 32.1560020446777 32.1640014648438 31.8360004425049 31.2360000610352 31.0839996337891 30.2200012207031 29.7159996032715 32.2239990234375 32.8959999084473 32.9519996643066 32.8040008544922 32.6559982299805 33.2999992370605 32.9119987487793 32.6279983520508 32.8320007324219 33.1040000915527 32.6759986877441 30.6959991455078 30.3680000305176 31.2600002288818 32.7919998168945 32.0439987182617
25.8640003204346 25.5160007476807 27.07200050354 28.4200000762939 29.1000003814697 28.9440002441406 29.5639991760254 29.5799999237061 29.7439994812012 30.2520008087158 30.2560005187988 30.2520008087158 30.0920009613037 29.2520008087158 29.1879997253418 30.1599998474121 30.5599994659424 29.8759994506836 29.4640007019043 30.3080005645752 31.6760005950928 31.4160003662109 31.1840000152588 30.9599990844727 31.2560005187988 32.2639999389648 32.5400009155273 32.5359992980957 32.552001953125 32.5040016174316 32.6000022888184 32.7119979858398 32.8479995727539 32.9160003662109 32.9480018615723 32.9959983825684 33.0439987182617 33.0320014953613 33.1399993896484 32.7480010986328 32.576000213623 32.7480010986328 32.9879989624023 32.1959991455078 30.2280006408691 30.8199996948242 31.8279991149902 32.8680000305176 32.6599998474121
