model/data/bioclim/bclim8.asc
NCOLS 300 
NROWS 300 
XLLCORNER -125.250000000003 
YLLCORNER 30.7499999999996 
CELLSIZE 0.041666666666667 
NODATA_value -32768 
[rows 80 to 119 of 300, columns 0 to 91 of 300]
-32768 -32768 -32768 -32768 -32768 -32768 -32768 -32768 -32768 -32768 -32768 -32768 -32768 -32768 -32768 -32768 -32768 -32768 -32768 -32768 -32768 -32768 -32768 -32768 -32768 -32768 -32768 -32768 -32768 -32768 -32768 77 71 69 65 66 64 52 48 48 48 53 61 61 46 47 47 47 46 42 43 37 37 49 34 22 33 42 34 37 37 42 59 76 79 81 82 84 80 81 82 83 83 84 84 85 85 84 84 83 83 81 84 80 74 76 57 54 47 42 30 22
-32768 -32768 -32768 -32768 -32768 -32768 -32768 -32768 -32768 -32768 -32768 -32768 -32768 -32768 -32768 -32768 -32768 -32768 -32768 -32768 -32768 -32768 -32768 -32768 -32768 -32768 -32768 -32768 -32768 -32768 -32768 -32768 74 73 72 64 66 61 55 58 49 45 50 64 56 43 52 56 56 57 58 47 54 39 23 22 32 39 39 44 49 59 74 78 79 78 81 78 80 81 81 82 83 84 84 84 84 84 84 83 83 82 81 83 82 78 77 64 64 50 33 38
-32768 -32768 -32768 -32768 -32768 -32768 -32768 -32768 -32768 -32768 -32768 -32768 -32768 -32768 -32768 -32768 -32768 -32768 -32768 -32768 -32768 -32768 -32768 -32768 -32768 -32768 -32768 -32768 -32768 -32768 -32768 -32768 -32768 77 70 66 64 62 60 57 58 51 45 57 62 47 53 63 65 63 62 56 57 48 40 30 40 43 40 32 35 45 64 76 81 80 77 78 80 80 82 82 83 83 83 84 84 84 83 82 82 82 81 85 84 81 82 73 68 53 47 63
-32768 -32768 -32768 -32768 -32768 -32768 -32768 -32768 -32768 -32768 -32768 -32768 -32768 -32768 -32768 -32768 -32768 -32768 -32768 -32768 -32768 -32768 -32768 -32768 -32768 -32768 -32768 -32768 -32768 -32768 -32768 -32768 -32768 84 73 65 64 59 61 56 60 57 53 57 64 53 50 62 65 64 61 49 42 51 50 37 26 35 49 53 52 39 52 68 80 76 77 77 79 80 81 82 83 83 83 83 83 83 82 82 82 82 81 81 80 85 84 78 76 70 60 49
-32768 -32768 -32768 -32768 -32768 -32768 -32768 -32768 -32768 -32768 -32768 -32768 -32768 -32768 -32768 -32768 -32768 -32768 -32768 -32768 -32768 -32768 -32768 -32768 -32768 -32768 -32768 -32768 -32768 -32768 -32768 -32768 -32768 -32768 78 71 63 61 61 53 56 62 58 51 57 63 56 58 64 62 60 54 42 32 39 49 26 20 29 47 62 56 54 63 77 73 74 77 78 80 81 82 82 83 82 83 83 83 82 82 82 81 81 80 80 80 84 83 82 75 74 61
-32768 -32768 -32768 -32768 -32768 -32768 -32768 -32768 -32768 -32768 -32768 -32768 -32768 -32768 -32768 -32768 -32768 -32768 -32768 -32768 -32768 -32768 -32768 -32768 -32768 -32768 -32768 -32768 -32768 -32768 -32768 -32768 -32768 -32768 74 75 67 61 61 53 50 62 60 53 54 64 57 63 60 60 64 62 50 42 29 43 38 23 27 38 56 63 65 70 74 75 76 74 77 80 81 82 82 82 82 82 82 81 82 82 82 81 80 80 81 81 80 85 84 81 78 70
-32768 -32768 -32768 -32768 -32768 -32768 -32768 -32768 -32768 -32768 -32768 -32768 -32768 -32768 -32768 -32768 -32768 -32768 -32768 -32768 -32768 -32768 -32768 -32768 -32768 -32768 -32768 -32768 -32768 -32768 -32768 -32768 -32768 -32768 -32768 74 75 68 63 61 55 60 62 58 55 62 54 46 50 56 61 60 51 43 30 36 43 29 29 39 43 51 62 73 74 74 73 75 77 80 81 81 82 82 82 82 81 81 82 81 81 81 81 81 82 82 82 81 84 82 75 71
-32768 -32768 -32768 -32768 -32768 -32768 -32768 -32768 -32768 -32768 -32768 -32768 -32768 -32768 -32768 -32768 -32768 -32768 -32768 -32768 -32768 -32768 -32768 -32768 -32768 -32768 -32768 -32768 -32768 -32768 -32768 -32768 -32768 -32768 -32768 78 75 74 73 67 64 59 60 62 65 64 65 52 45 55 58 66 59 45 26 23 34 43 34 34 35 49 59 70 73 73 73 76 77 79 81 82 82 82 81 81 81 81 82 82 81 81 81 82 82 82 82 81 83 81 81 77
-32768 -32768 -32768 -32768 -32768 -32768 -32768 -32768 -32768 -32768 -32768 -32768 -32768 -32768 -32768 -32768 -32768 -32768 -32768 -32768 -32768 -32768 -32768 -32768 -32768 -32768 -32768 -32768 -32768 -32768 -32768 -32768 -32768 -32768 -32768 77 75 78 76 73 67 59 58 63 65 59 58 63 53 48 46 51 57 57 38 30 40 43 37 45 44 44 56 69 73 72 72 76 78 79 80 81 82 82 82 82 81 82 82 82 82 82 82 82 82 82 82 82 79 78 83 82
-32768 -32768 -32768 -32768 -32768 -32768 -32768 -32768 -32768 -32768 -32768 -32768 -32768 -32768 -32768 -32768 -32768 -32768 -32768 -32768 -32768 -32768 -32768 -32768 -32768 -32768 -32768 -32768 -32768 -32768 -32768 -32768 -32768 -32768 -32768 79 76 77 74 75 71 60 59 60 63 57 59 63 66 60 53 35 39 48 40 28 40 51 49 39 36 37 50 65 71 72 72 75 77 79 80 81 81 81 82 82 81 81 82 82 82 82 82 82 82 82 83 83 82 81 78 74
-32768 -32768 -32768 -32768 -32768 -32768 -32768 -32768 -32768 -32768 -32768 -32768 -32768 -32768 -32768 -32768 -32768 -32768 -32768 -32768 -32768 -32768 -32768 -32768 -32768 -32768 -32768 -32768 -32768 -32768 -32768 -32768 -32768 -32768 79 77 76 80 78 74 74 73 69 60 63 66 60 63 67 63 63 52 36 46 59 51 50 55 47 40 34 51 59 64 69 72 70 72 77 79 79 81 81 81 81 81 81 81 82 82 82 82 83 82 82 83 83 83 83 82 79 76
-32768 -32768 -32768 -32768 -32768 -32768 -32768 -32768 -32768 -32768 -32768 -32768 -32768 -32768 -32768 -32768 -32768 -32768 -32768 -32768 -32768 -32768 -32768 -32768 -32768 -32768 -32768 -32768 -32768 -32768 -32768 -32768 -32768 -32768 86 77 82 81 77 76 78 79 77 71 65 70 68 63 66 63 66 51 44 55 63 65 58 58 44 35 38 37 59 63 69 71 69 70 76 78 79 81 81 81 81 81 81 81 81 81 82 82 82 82 83 83 83 84 83 82 80 78
-32768 -32768 -32768 -32768 -32768 -32768 -32768 -32768 -32768 -32768 -32768 -32768 -32768 -32768 -32768 -32768 -32768 -32768 -32768 -32768 -32768 -32768 -32768 -32768 -32768 -32768 -32768 -32768 -32768 -32768 -32768 -32768 -32768 -32768 85 82 81 81 79 74 75 73 73 68 66 70 71 62 63 64 64 64 57 60 61 64 62 55 37 26 33 52 61 62 70 70 68 69 75 78 78 80 81 80 80 80 80 80 81 81 82 81 82 83 83 84 84 84 83 83 81 80
-32768 -32768 -32768 -32768 -32768 -32768 -32768 -32768 -32768 -32768 -32768 -32768 -32768 -32768 -32768 -32768 -32768 -32768 -32768 -32768 -32768 -32768 -32768 -32768 -32768 -32768 -32768 -32768 -32768 -32768 -32768 -32768 -32768 -32768 85 82 80 81 81 80 80 76 74 68 67 65 67 61 71 69 76 73 60 56 53 59 62 60 50 38 36 56 62 65 67 70 67 69 75 77 78 79 80 80 80 80 80 80 81 81 81 81 82 83 84 84 84 84 84 83 82 80
-32768 -32768 -32768 -32768 -32768 -32768 -32768 -32768 -32768 -32768 -32768 -32768 -32768 -32768 -32768 -32768 -32768 -32768 -32768 -32768 -32768 -32768 -32768 -32768 -32768 -32768 -32768 -32768 -32768 -32768 -32768 -32768 -32768 -32768 87 83 83 85 84 82 82 81 79 75 71 68 71 63 77 73 75 80 69 57 51 52 58 61 57 47 43 52 57 57 61 69 68 68 72 78 78 79 80 80 80 80 80 79 81 81 81 82 83 83 83 84 84 84 84 84 82 86
-32768 -32768 -32768 -32768 -32768 -32768 -32768 -32768 -32768 -32768 -32768 -32768 -32768 -32768 -32768 -32768 -32768 -32768 -32768 -32768 -32768 -32768 -32768 -32768 -32768 -32768 -32768 -32768 -32768 -32768 -32768 -32768 -32768 -32768 88 84 83 84 83 84 80 80 78 74 73 67 70 76 79 78 72 79 77 62 62 59 54 55 58 51 38 48 58 58 59 66 68 64 70 76 77 79 80 79 79 79 79 79 80 81 81 81 81 83 84 84 85 85 84 84 88 85
-32768 -32768 -32768 -32768 -32768 -32768 -32768 -32768 -32768 -32768 -32768 -32768 -32768 -32768 -32768 -32768 -32768 -32768 -32768 -32768 -32768 -32768 -32768 -32768 -32768 -32768 -32768 -32768 -32768 -32768 -32768 -32768 -32768 -32768 -32768 86 84 83 82 83 82 81 79 79 75 70 67 73 77 79 74 72 69 63 59 66 60 53 54 61 57 48 55 60 60 61 66 65 69 74 78 79 80 79 79 79 79 79 80 80 81 79 77 80 84 85 85 85 85 84 88 87
-32768 -32768 -32768 -32768 -32768 -32768 -32768 -32768 -32768 -32768 -32768 -32768 -32768 -32768 -32768 -32768 -32768 -32768 -32768 -32768 -32768 -32768 -32768 -32768 -32768 -32768 -32768 -32768 -32768 -32768 -32768 -32768 -32768 -32768 -32768 86 85 85 84 83 83 81 79 77 74 68 72 73 79 80 75 61 62 66 70 68 69 62 53 52 61 62 61 58 56 61 64 67 70 71 78 79 80 79 79 79 79 79 80 80 81 80 80 82 84 85 86 86 85 84 88 86
-32768 -32768 -32768 -32768 -32768 -32768 -32768 -32768 -32768 -32768 -32768 -32768 -32768 -32768 -32768 -32768 -32768 -32768 -32768 -32768 -32768 -32768 -32768 -32768 -32768 -32768 -32768 -32768 -32768 -32768 -32768 -32768 -32768 -32768 -32768 -32768 84 81 84 86 86 83 82 79 74 69 62 69 74 81 74 62 58 63 68 70 67 66 58 52 59 57 61 58 63 62 60 67 69 73 77 79 79 79 79 80 80 79 80 80 81 82 83 84 85 85 86 86 86 89 88 86
-32768 -32768 -32768 -32768 -32768 -32768 -32768 -32768 -32768 -32768 -32768 -32768 -32768 -32768 -32768 -32768 -32768 -32768 -32768 -32768 -32768 -32768 -32768 -32768 -32768 -32768 -32768 -32768 -32768 -32768 -32768 -32768 -32768 -32768 -32768 -32768 89 84 78 79 82 85 86 76 73 69 64 73 73 82 76 64 63 65 69 69 67 67 64 60 58 60 58 59 62 62 57 67 69 72 74 78 79 79 79 79 79 79 80 81 81 82 83 84 85 85 86 86 89 89 88 87
-32768 -32768 -32768 -32768 -32768 -32768 -32768 -32768 -32768 -32768 -32768 -32768 -32768 -32768 -32768 -32768 -32768 -32768 -32768 -32768 -32768 -32768 -32768 -32768 -32768 -32768 -32768 -32768 -32768 -32768 -32768 -32768 -32768 -32768 -32768 -32768 -32768 85 80 78 74 77 85 87 80 75 69 67 72 73 80 65 60 63 68 66 67 66 66 62 63 62 63 65 64 63 59 64 68 68 69 76 77 78 79 79 80 81 81 81 82 82 83 84 85 85 86 86 89 89 88 87
-32768 -32768 -32768 -32768 -32768 -32768 -32768 -32768 -32768 -32768 -32768 -32768 -32768 -32768 -32768 -32768 -32768 -32768 -32768 -32768 -32768 -32768 -32768 -32768 -32768 -32768 -32768 -32768 -32768 -32768 -32768 -32768 -32768 -32768 -32768 -32768 -32768 89 79 78 79 73 83 81 85 82 73 70 72 76 79 76 64 62 68 69 66 66 66 66 64 64 63 62 66 64 62 64 66 68 66 75 75 76 78 79 80 80 81 82 82 82 83 83 84 85 85 89 89 89 89 88
-32768 -32768 -32768 -32768 -32768 -32768 -32768 -32768 -32768 -32768 -32768 -32768 -32768 -32768 -32768 -32768 -32768 -32768 -32768 -32768 -32768 -32768 -32768 -32768 -32768 -32768 -32768 -32768 -32768 -32768 -32768 -32768 -32768 -32768 -32768 -32768 94 92 83 79 78 78 74 81 80 84 76 67 74 77 81 83 78 70 65 68 66 66 64 61 65 65 63 63 64 67 68 66 66 69 66 74 74 74 77 79 79 81 82 82 82 82 83 84 84 85 88 89 88 89 89 89
-32768 -32768 -32768 -32768 -32768 -32768 -32768 -32768 -32768 -32768 -32768 -32768 -32768 -32768 -32768 -32768 -32768 -32768 -32768 -32768 -32768 -32768 -32768 -32768 -32768 -32768 -32768 -32768 -32768 -32768 -32768 -32768 -32768 -32768 -32768 -32768 94 93 89 83 77 77 80 77 79 77 79 70 65 66 72 78 80 73 65 67 65 65 63 61 62 64 65 64 64 61 61 66 69 71 67 70 73 74 76 78 79 81 81 82 82 82 83 83 84 88 89 89 89 89 89 89
-32768 -32768 -32768 -32768 -32768 -32768 -32768 -32768 -32768 -32768 -32768 -32768 -32768 -32768 -32768 -32768 -32768 -32768 -32768 -32768 -32768 -32768 -32768 -32768 -32768 -32768 -32768 -32768 -32768 -32768 -32768 -32768 -32768 -32768 -32768 -32768 -32768 93 88 87 77 81 85 81 78 79 76 80 77 78 76 78 80 71 65 65 65 67 64 63 64 61 63 64 64 63 61 62 65 67 70 71 76 72 75 77 79 80 82 82 82 82 82 83 84 88 89 89 89 90 89 90
-32768 -32768 -32768 -32768 -32768 -32768 -32768 -32768 -32768 -32768 -32768 -32768 -32768 -32768 -32768 -32768 -32768 -32768 -32768 -32768 -32768 -32768 -32768 -32768 -32768 -32768 -32768 -32768 -32768 -32768 -32768 -32768 -32768 -32768 -32768 -32768 -32768 -32768 92 86 87 82 82 80 83 78 74 74 78 79 80 77 81 81 68 67 66 65 63 65 63 65 63 64 65 67 66 66 65 68 67 67 77 76 74 77 79 80 81 82 82 82 82 83 83 88 88 89 89 90 90 90
-32768 -32768 -32768 -32768 -32768 -32768 -32768 -32768 -32768 -32768 -32768 -32768 -32768 -32768 -32768 -32768 -32768 -32768 -32768 -32768 -32768 -32768 -32768 -32768 -32768 -32768 -32768 -32768 -32768 -32768 -32768 -32768 -32768 -32768 -32768 -32768 -32768 -32768 -32768 91 87 88 89 84 85 84 79 73 79 83 82 81 81 92 83 78 74 70 67 61 60 63 64 69 70 68 71 70 72 70 71 69 74 80 74 77 80 81 81 82 82 82 82 82 83 83 83 89 89 90 90 91
-32768 -32768 -32768 -32768 -32768 -32768 -32768 -32768 -32768 -32768 -32768 -32768 -32768 -32768 -32768 -32768 -32768 -32768 -32768 -32768 -32768 -32768 -32768 -32768 -32768 -32768 -32768 -32768 -32768 -32768 -32768 -32768 -32768 -32768 -32768 -32768 -32768 -32768 -32768 -32768 93 92 91 87 88 85 85 78 77 78 81 87 86 90 92 78 75 69 67 66 65 65 69 71 72 73 73 76 73 69 73 73 72 79 80 77 81 82 82 81 82 82 82 82 82 83 83 84 84 85 86 85
-32768 -32768 -32768 -32768 -32768 -32768 -32768 -32768 -32768 -32768 -32768 -32768 -32768 -32768 -32768 -32768 -32768 -32768 -32768 -32768 -32768 -32768 -32768 -32768 -32768 -32768 -32768 -32768 -32768 -32768 -32768 -32768 -32768 -32768 -32768 -32768 -32768 -32768 -32768 -32768 -32768 96 93 92 89 88 83 79 83 76 76 84 85 87 93 89 86 74 69 68 68 68 69 71 72 74 74 75 77 74 76 77 73 78 81 81 82 82 82 82 81 81 81 82 82 83 83 84 84 85 85 86
-32768 -32768 -32768 -32768 -32768 -32768 -32768 -32768 -32768 -32768 -32768 -32768 -32768 -32768 -32768 -32768 -32768 -32768 -32768 -32768 -32768 -32768 -32768 -32768 -32768 -32768 -32768 -32768 -32768 -32768 -32768 -32768 -32768 -32768 -32768 -32768 -32768 -32768 -32768 -32768 -32768 -32768 -32768 93 90 89 90 86 88 83 77 82 81 86 91 89 88 89 86 77 81 71 69 68 68 71 74 76 78 79 78 80 76 73 78 80 82 83 83 82 82 81 81 81 82 82 83 83 84 84 85 85
-32768 -32768 -32768 -32768 -32768 -32768 -32768 -32768 -32768 -32768 -32768 -32768 -32768 -32768 -32768 -32768 -32768 -32768 -32768 -32768 -32768 -32768 -32768 -32768 -32768 -32768 -32768 -32768 -32768 -32768 -32768 -32768 -32768 -32768 -32768 -32768 -32768 -32768 -32768 -32768 -32768 -32768 -32768 -32768 92 88 88 86 89 87 81 78 82 86 85 87 90 89 88 85 84 81 73 69 68 71 78 80 80 79 80 82 79 74 74 76 82 83 83 83 82 82 81 81 81 83 83 83 83 85 84 85
-32768 -32768 -32768 -32768 -32768 -32768 -32768 -32768 -32768 -32768 -32768 -32768 -32768 -32768 -32768 -32768 -32768 -32768 -32768 -32768 -32768 -32768 -32768 -32768 -32768 -32768 -32768 -32768 -32768 -32768 -32768 -32768 -32768 -32768 -32768 -32768 -32768 -32768 -32768 -32768 -32768 -32768 -32768 -32768 -32768 91 88 88 84 83 84 84 83 82 83 88 89 90 85 87 82 82 81 83 79 74 73 77 81 81 79 82 83 78 75 76 82 84 84 84 83 82 82 81 82 83 82 83 83 84 84 85
-32768 -32768 -32768 -32768 -32768 -32768 -32768 -32768 -32768 -32768 -32768 -32768 -32768 -32768 -32768 -32768 -32768 -32768 -32768 -32768 -32768 -32768 -32768 -32768 -32768 -32768 -32768 -32768 -32768 -32768 -32768 -32768 -32768 -32768 -32768 -32768 -32768 -32768 -32768 -32768 -32768 -32768 -32768 -32768 -32768 98 92 88 86 82 83 88 89 86 83 86 87 90 89 86 82 80 79 78 82 84 80 77 79 79 77 77 83 82 79 77 81 84 85 84 83 83 82 82 82 83 82 82 83 83 84 85
-32768 -32768 -32768 -32768 -32768 -32768 -32768 -32768 -32768 -32768 -32768 -32768 -32768 -32768 -32768 -32768 -32768 -32768 -32768 -32768 -32768 -32768 -32768 -32768 -32768 -32768 -32768 -32768 -32768 -32768 -32768 -32768 -32768 -32768 -32768 -32768 -32768 -32768 -32768 -32768 -32768 -32768 -32768 -32768 -32768 -32768 -32768 94 88 83 85 86 90 91 88 88 87 88 88 88 84 81 80 76 75 80 85 84 82 81 80 80 82 83 82 81 82 85 85 84 84 83 82 82 82 82 82 83 83 83 83 84
-32768 -32768 -32768 -32768 -32768 -32768 -32768 -32768 -32768 -32768 -32768 -32768 -32768 -32768 -32768 -32768 -32768 -32768 -32768 -32768 -32768 -32768 -32768 -32768 -32768 -32768 -32768 -32768 -32768 -32768 -32768 -32768 -32768 -32768 -32768 -32768 -32768 -32768 -32768 -32768 -32768 -32768 -32768 -32768 -32768 -32768 -32768 -32768 -32768 88 91 87 91 91 89 89 86 87 88 88 87 86 84 80 77 77 83 88 87 84 80 79 81 81 82 79 81 84 84 84 84 83 82 82 82 82 83 83 82 83 82 83
-32768 -32768 -32768 -32768 -32768 -32768 -32768 -32768 -32768 -32768 -32768 -32768 -32768 -32768 -32768 -32768 -32768 -32768 -32768 -32768 -32768 -32768 -32768 -32768 -32768 -32768 -32768 -32768 -32768 -32768 -32768 -32768 -32768 -32768 -32768 -32768 -32768 -32768 -32768 -32768 -32768 -32768 -32768 -32768 -32768 -32768 -32768 -32768 -32768 -32768 94 94 92 87 87 87 85 86 88 88 89 88 86 84 84 80 80 84 88 87 82 79 81 82 81 78 82 83 83 83 83 82 83 82 83 82 82 82 82 82 82 83
-32768 -32768 -32768 -32768 -32768 -32768 -32768 -32768 -32768 -32768 -32768 -32768 -32768 -32768 -32768 -32768 -32768 -32768 -32768 -32768 -32768 -32768 -32768 -32768 -32768 -32768 -32768 -32768 -32768 -32768 -32768 -32768 -32768 -32768 -32768 -32768 -32768 -32768 -32768 -32768 -32768 -32768 -32768 -32768 -32768 -32768 -32768 -32768 -32768 -32768 -32768 92 89 88 87 88 88 85 87 89 89 87 85 83 86 86 80 82 86 88 87 83 82 82 83 79 82 83 83 83 83 83 82 83 83 82 82 82 82 82 82 82
-32768 -32768 -32768 -32768 -32768 -32768 -32768 -32768 -32768 -32768 -32768 -32768 -32768 -32768 -32768 -32768 -32768 -32768 -32768 -32768 -32768 -32768 -32768 -32768 -32768 -32768 -32768 -32768 -32768 -32768 -32768 -32768 -32768 -32768 -32768 -32768 -32768 -32768 -32768 -32768 -32768 -32768 -32768 -32768 -32768 -32768 -32768 -32768 -32768 -32768 -32768 -32768 93 91 91 90 85 84 87 88 90 90 87 81 82 89 84 81 84 88 89 88 84 84 84 84 82 84 84 84 83 83 83 83 82 82 81 82 82 82 82 82
-32768 -32768 -32768 -32768 -32768 -32768 -32768 -32768 -32768 -32768 -32768 -32768 -32768 -32768 -32768 -32768 -32768 -32768 -32768 -32768 -32768 -32768 -32768 -32768 -32768 -32768 -32768 -32768 -32768 -32768 -32768 -32768 -32768 -32768 -32768 -32768 -32768 -32768 -32768 -32768 -32768 -32768 -32768 -32768 -32768 -32768 -32768 -32768 -32768 -32768 -32768 -32768 95 93 93 88 88 88 87 87 89 91 90 84 85 88 90 88 86 88 89 89 86 82 85 85 84 85 84 84 84 84 83 83 82 82 81 82 82 82 82 82
-32768 -32768 -32768 -32768 -32768 -32768 -32768 -32768 -32768 -32768 -32768 -32768 -32768 -32768 -32768 -32768 -32768 -32768 -32768 -32768 -32768 -32768 -32768 -32768 -32768 -32768 -32768 -32768 -32768 -32768 -32768 -32768 -32768 -32768 -32768 -32768 -32768 -32768 -32768 -32768 -32768 -32768 -32768 -32768 -32768 -32768 -32768 -32768 -32768 -32768 -32768 -32768 -32768 -32768 93 89 89 89 89 90 90 92 92 90 88 88 92 91 89 90 90 89 86 85 86 87 86 85 86 85 85 84 83 83 83 82 82 82 82 82 82 82
