model/data/bioclim/bclim10.asc
NCOLS 300 
NROWS 300 
XLLCORNER -125.250000000003 
YLLCORNER 30.7499999999996 
CELLSIZE 0.041666666666667 
NODATA_value -32768 
[rows 76 to 113 of 300, columns 172 to 257 of 300]
216 213 205 194 193 179 206 230 230 230 229 227 213 190 201 203 205 205 207 208 209 208 205 195 179 182 202 205 192 180 190 187 170 173 195 198 194 191 194 191 192 193 196 197 196 193 186 183 172 193 196 195 193 177 177 193 192 187 176 155 165 188 188 187 183 171 161 168 177 174 170 178 181 180 179 170 134 138 156 184 188 188 187 183 178 177
208 191 172 183 188 189 229 232 231 231 228 218 183 174 200 207 208 208 207 207 209 207 201 186 186 203 206 204 198 188 187 183 174 178 197 198 196 187 176 172 184 193 195 197 196 193 189 178 177 195 196 196 192 158 167 189 192 188 183 173 174 181 185 185 178 161 171 177 176 169 165 177 181 181 179 171 142 147 174 187 189 188 183 167 163 172
192 168 180 193 208 227 233 232 231 229 223 212 187 183 205 207 208 207 205 203 205 204 198 191 201 205 204 203 198 189 189 192 190 191 199 199 196 184 170 182 190 193 194 193 190 190 189 176 191 196 196 196 194 163 157 184 191 189 184 173 153 162 176 179 165 161 170 181 175 162 170 181 182 180 177 162 127 165 185 188 188 186 174 140 159 169
179 191 210 227 233 233 232 231 230 227 222 217 206 200 204 206 207 207 204 198 196 194 201 199 204 203 202 200 195 181 189 196 197 199 199 199 192 183 168 181 188 181 177 180 177 187 185 179 195 196 196 196 195 180 158 183 188 188 183 172 151 157 169 162 170 178 182 178 169 174 179 182 181 174 170 156 148 181 188 188 188 182 163 151 168 172
174 215 231 233 234 234 233 231 227 222 216 220 217 209 204 204 205 205 199 193 190 197 199 203 198 196 200 197 188 178 187 196 199 200 200 200 173 172 173 177 179 159 145 159 171 183 183 181 196 197 196 196 196 183 156 174 186 187 186 177 164 157 170 174 182 184 182 160 170 181 183 182 175 162 166 166 180 188 188 188 186 166 153 168 175 173
188 222 234 233 234 234 232 227 218 217 206 211 208 207 200 202 203 202 196 186 185 187 188 203 196 195 192 184 181 171 187 196 199 200 200 199 172 170 180 173 170 156 143 152 167 180 178 181 195 196 196 195 195 182 142 168 192 192 190 188 174 169 174 183 185 185 177 153 176 183 182 178 165 150 167 172 182 188 189 188 183 163 144 171 178 173
222 232 234 234 233 230 226 214 201 206 202 193 184 196 197 203 203 202 194 186 174 172 187 202 194 185 176 172 162 167 179 194 200 200 200 186 160 173 182 177 162 151 166 160 167 171 181 188 195 196 196 196 195 181 145 178 194 193 193 187 169 168 169 184 186 185 182 170 180 182 182 176 161 146 168 171 166 187 189 188 184 170 155 169 178 175
233 233 234 234 230 223 214 197 181 188 197 188 184 189 187 197 201 200 195 182 184 195 201 198 190 180 172 167 150 166 176 192 200 200 194 168 161 180 185 182 173 167 177 179 179 177 184 190 195 195 195 195 194 182 155 189 193 193 184 178 169 168 178 186 186 185 182 168 177 183 181 172 155 155 168 170 156 170 189 188 185 174 146 162 178 178
234 234 233 230 223 210 195 182 167 178 195 201 202 196 178 193 196 197 191 175 186 201 200 196 188 175 149 138 170 186 193 196 200 199 181 161 164 185 188 187 185 184 186 186 184 185 181 189 195 195 196 194 194 172 167 190 193 192 166 155 169 177 182 186 186 185 167 145 169 180 181 176 159 173 170 152 144 150 188 188 185 171 139 149 179 186
233 234 230 222 211 189 161 157 171 192 203 205 204 195 171 181 187 191 191 170 191 202 198 194 188 176 147 150 182 191 196 195 198 191 175 161 182 188 189 189 190 189 189 189 188 189 186 189 194 195 195 194 192 168 158 192 193 191 160 154 168 176 184 186 186 182 160 148 167 177 181 181 180 179 162 137 133 161 187 189 184 166 142 149 181 189
233 228 212 194 191 180 159 173 197 204 205 205 202 184 148 168 175 185 190 179 196 201 199 193 182 172 158 162 182 189 192 187 184 166 163 164 186 190 191 191 191 192 191 191 191 192 188 174 189 195 194 193 189 171 160 192 193 192 162 162 169 180 185 186 186 180 164 152 163 173 180 181 181 178 161 144 153 177 189 189 183 161 137 154 173 192
229 216 181 159 157 154 162 193 203 204 205 203 198 183 163 169 176 184 184 184 194 200 198 194 180 167 160 164 181 185 183 167 153 156 166 178 189 190 190 191 192 192 192 182 188 193 193 184 186 195 194 192 184 163 138 185 194 193 187 185 183 179 184 185 184 182 174 166 165 172 178 180 181 180 164 163 178 187 189 188 180 152 135 150 172 194
224 211 174 143 141 168 192 202 204 204 203 198 190 184 180 180 180 182 181 186 193 193 199 196 172 165 176 181 182 185 173 144 144 169 184 187 190 190 191 191 191 192 192 189 190 189 184 186 190 193 191 188 176 155 148 188 194 192 192 190 186 174 181 182 182 180 174 167 163 169 173 179 180 179 159 169 187 189 190 188 177 147 139 151 171 195
217 203 175 133 144 180 199 202 202 198 189 168 168 181 184 183 177 172 186 193 197 198 199 196 182 176 186 178 182 186 173 163 179 187 189 190 190 190 190 189 191 192 193 192 190 184 166 165 175 187 184 174 173 161 164 192 193 192 191 190 185 177 177 178 178 177 171 163 157 156 165 175 177 170 155 171 188 189 188 187 174 166 153 126 167 196
198 184 172 161 160 189 197 192 192 180 158 155 174 183 185 182 172 178 189 194 198 199 199 193 170 168 173 181 192 193 181 171 186 190 190 189 188 186 185 182 186 189 191 191 188 179 163 165 161 168 160 166 159 171 187 192 192 190 190 187 183 175 170 173 167 169 165 166 164 160 165 164 158 157 155 160 186 188 187 186 176 175 155 129 162 195
184 176 181 179 184 191 181 157 169 166 144 168 179 183 185 183 164 179 191 195 197 198 197 179 150 151 173 186 196 198 186 187 184 189 187 186 184 176 168 167 180 186 189 190 189 178 159 161 156 144 151 164 156 177 190 192 187 183 187 185 182 175 165 164 162 166 171 175 174 170 163 155 148 145 161 153 168 177 188 186 164 168 143 109 150 193
180 183 192 185 198 195 177 138 141 155 162 173 180 184 185 184 171 184 193 195 196 193 190 152 153 159 185 197 200 200 198 195 186 187 179 179 172 158 137 143 171 185 188 189 187 181 167 164 158 152 165 175 174 179 191 190 185 174 183 183 179 173 158 159 161 163 174 177 177 169 161 154 157 155 165 172 152 174 188 176 164 162 139 105 141 189
191 193 194 198 204 197 178 133 136 152 159 172 181 184 185 185 176 186 192 194 194 188 170 139 132 178 196 200 201 201 200 196 182 187 183 173 158 145 129 146 166 182 186 188 186 182 173 157 167 178 178 184 189 191 191 186 175 170 181 181 177 171 155 162 167 166 173 176 177 174 165 150 161 161 163 173 178 184 186 162 159 155 137 106 134 184
202 208 208 208 205 191 181 149 139 144 152 176 183 185 185 183 168 180 191 192 191 171 136 127 151 192 200 201 202 200 192 182 180 186 183 178 163 151 147 148 171 181 185 186 183 179 169 152 173 188 187 189 191 185 181 182 172 176 181 180 174 167 157 155 165 154 171 177 177 174 167 149 154 163 164 170 178 182 182 158 147 147 119 112 115 173
211 211 209 204 191 193 186 159 149 156 156 180 183 183 182 177 166 169 188 190 179 137 137 120 174 199 202 202 202 196 186 165 176 185 183 180 169 152 154 139 167 181 185 185 176 177 176 169 183 190 190 191 191 186 172 175 174 179 181 176 151 143 145 145 158 150 171 177 177 176 165 153 158 160 163 166 166 179 178 157 132 134 117 144 128 170
195 202 200 191 175 186 185 166 150 159 175 180 181 175 164 161 160 173 186 182 168 134 141 150 191 200 202 202 199 186 173 161 169 181 183 177 154 154 147 149 172 182 184 176 159 168 172 168 184 189 189 190 189 184 175 171 177 178 176 173 145 133 142 138 148 149 169 176 177 175 164 157 166 162 157 157 167 175 176 164 143 144 121 153 171 191
183 192 189 180 167 174 178 164 159 168 176 178 172 153 136 140 155 179 178 169 149 117 130 175 195 200 203 202 191 165 155 154 171 179 182 175 158 160 148 161 164 180 178 155 145 159 168 169 182 187 188 188 185 181 177 178 182 179 170 182 170 151 156 149 139 152 166 172 175 174 167 166 171 168 160 145 158 171 176 170 164 158 142 135 178 194
185 193 190 182 177 177 170 167 170 172 174 171 156 139 125 139 157 177 170 155 136 118 146 189 201 203 202 199 183 145 142 157 171 177 180 178 172 164 140 147 156 171 165 136 139 156 169 176 182 186 186 182 179 175 179 183 185 180 180 187 180 164 161 154 146 153 158 167 170 173 174 173 175 169 154 126 150 166 175 175 167 149 153 137 179 196
196 195 187 183 183 185 181 171 173 172 168 159 138 137 144 156 172 171 158 139 123 143 194 202 203 203 200 193 168 140 141 148 158 173 178 176 172 164 147 139 144 162 156 130 145 161 170 177 181 182 175 165 168 170 177 184 185 185 188 188 179 165 162 139 140 148 149 160 166 172 176 179 177 172 162 131 137 164 174 176 172 158 157 173 186 195
199 201 197 194 195 197 196 171 171 172 166 150 130 143 160 167 170 163 147 137 138 186 201 204 203 201 197 186 172 140 123 131 154 172 177 174 169 161 149 133 137 148 151 136 151 163 171 176 179 179 167 152 155 169 175 188 190 188 190 188 182 172 164 147 146 153 149 161 167 171 171 181 179 179 172 142 131 163 174 176 173 166 155 169 188 197
202 207 206 195 194 207 199 164 164 170 165 153 131 148 161 165 163 155 140 122 157 196 203 204 204 201 192 180 160 135 126 132 163 174 173 170 164 156 141 140 155 148 154 147 150 164 171 175 179 179 168 151 154 169 183 190 194 188 188 192 187 173 158 145 151 155 159 169 172 172 178 183 185 184 177 151 145 165 173 174 172 167 159 176 189 196
206 207 212 206 199 212 177 153 162 170 170 157 148 152 160 160 155 141 117 129 174 200 203 205 204 201 185 163 155 140 135 155 170 174 170 167 157 146 132 151 167 160 162 148 148 165 168 174 177 178 171 166 156 165 181 191 196 192 189 195 190 178 162 133 143 152 162 171 178 178 181 184 187 186 182 161 145 158 172 172 168 159 157 176 187 195
208 211 216 218 216 208 166 147 161 174 174 165 149 153 160 155 146 126 111 141 187 199 202 204 202 194 179 163 145 139 143 164 174 174 168 162 155 138 146 161 170 169 165 146 157 162 158 171 176 176 174 174 170 170 175 190 198 195 192 199 192 181 161 121 146 157 166 172 178 181 182 188 189 189 185 163 130 153 170 168 158 156 150 165 187 194
214 218 221 221 210 195 170 162 170 178 178 162 141 149 155 147 131 110 127 141 185 198 202 203 199 191 176 162 151 149 157 171 175 173 164 149 138 141 161 170 173 171 160 156 164 153 145 166 176 175 173 180 179 174 171 189 198 200 202 203 195 180 158 119 135 150 161 173 179 180 178 189 191 191 186 161 146 155 168 160 148 155 138 166 187 194
223 224 224 221 193 163 159 170 176 181 178 166 150 147 152 140 122 98 121 133 159 199 202 203 197 182 162 144 137 154 170 174 175 171 148 128 126 138 167 173 175 166 145 156 166 144 160 165 178 179 179 183 183 178 168 185 192 199 205 206 200 186 156 133 143 166 164 174 177 179 184 193 193 192 183 158 149 162 166 163 156 156 156 176 189 195
223 221 221 212 186 159 150 169 178 184 179 166 151 144 143 144 137 112 116 108 135 197 203 202 193 171 130 95 121 156 171 174 174 163 136 107 127 150 169 175 176 166 144 160 172 165 169 167 178 178 183 186 185 180 169 179 178 191 205 209 207 199 187 180 175 173 168 171 171 181 184 195 195 192 180 154 153 164 162 163 161 158 167 180 190 196
221 216 210 199 190 175 163 171 182 186 178 161 137 142 146 134 130 126 108 117 138 194 201 199 189 165 129 92 112 144 167 173 170 150 134 110 127 155 172 178 174 164 149 169 179 178 166 166 172 181 186 188 184 172 162 169 178 196 207 211 211 208 200 194 187 163 167 175 182 191 195 197 196 193 168 146 159 167 166 156 157 166 178 184 190 196
216 213 205 203 195 193 185 180 188 187 176 158 139 142 145 131 138 138 133 147 154 191 200 195 184 169 147 119 129 138 155 171 173 153 130 113 126 159 176 178 170 157 153 163 177 183 167 165 176 185 189 188 180 156 167 182 183 196 211 213 212 209 206 198 187 176 170 184 193 198 198 198 197 189 170 157 165 172 166 148 154 175 184 188 189 188
211 210 209 206 203 200 193 189 193 188 177 162 145 153 153 134 134 154 148 147 168 195 198 190 172 151 124 133 143 145 161 172 172 150 138 125 145 165 179 179 164 145 138 152 176 188 179 170 182 190 190 187 176 160 172 187 198 207 213 214 214 211 207 190 191 183 175 188 197 200 200 199 196 172 150 153 167 175 172 152 129 171 186 190 190 180
195 204 208 203 198 194 192 189 196 193 184 175 165 166 163 153 151 160 166 152 173 197 195 185 168 141 127 134 141 159 169 172 170 156 147 141 154 169 182 177 160 136 140 137 181 193 184 174 187 192 189 185 172 175 185 198 206 212 215 216 215 214 206 177 177 184 175 186 196 200 201 201 197 174 149 156 170 177 180 169 136 171 187 191 192 187
176 174 197 200 189 182 182 186 193 198 192 181 176 174 159 161 165 172 178 169 176 200 194 178 161 148 155 161 160 165 171 171 167 153 146 161 161 172 182 166 160 162 158 151 192 197 192 191 194 193 179 176 175 174 190 207 214 217 217 217 216 215 197 170 168 178 178 186 189 197 202 202 201 191 171 163 173 179 182 179 156 180 190 192 192 189
165 159 182 194 184 165 165 177 188 198 201 196 195 186 184 173 179 173 179 191 197 198 190 173 154 153 164 174 169 165 169 167 158 144 167 176 170 166 180 175 166 178 184 195 201 200 195 196 196 195 187 179 181 183 203 215 218 218 217 218 217 210 165 161 168 170 171 177 195 198 203 203 202 197 186 173 169 170 185 182 164 184 191 193 194 191
173 155 170 187 184 167 159 170 185 188 195 204 205 203 201 192 193 195 197 202 201 193 179 166 160 162 173 181 175 169 165 156 143 154 176 185 182 177 183 175 175 196 202 203 204 198 183 195 197 197 190 183 185 199 212 218 220 219 218 218 217 207 168 159 155 171 176 186 200 203 204 205 204 201 191 162 157 179 189 184 168 185 192 194 195 194
