model/data/bioclim/bclim2.asc
NCOLS 300 
NROWS 300 
XLLCORNER -125.250000000003 
YLLCORNER 30.7499999999996 
CELLSIZE 0.041666666666667 
NODATA_value -32768 
[rows 114 to 151 of 300, columns 172 to 257 of 300]
175 174 172 175 176 176 175 176 177 178 178 179 180 180 181 180 180 180 180 180 178 175 170 164 169 171 172 171 169 165 165 160 163 166 169 170 166 165 164 162 163 171 173 173 172 171 169 171 172 172 171 171 171 175 177 178 179 179 180 180 180 179 172 163 166 170 177 179 181 183 183 184 185 184 180 166 176 180 180 176 171 176 178 179 178 178
176 176 175 171 174 177 177 178 177 178 179 178 178 180 180 180 180 179 179 178 177 174 170 170 171 172 172 168 164 162 162 161 160 165 169 169 166 166 163 162 164 170 172 173 172 171 168 170 171 172 172 172 172 176 178 178 179 179 179 180 179 176 171 167 164 170 178 180 181 182 183 183 184 184 174 174 179 179 178 173 174 168 175 178 177 176
175 173 173 165 167 175 177 178 177 176 178 178 178 179 179 179 179 178 177 176 175 174 173 172 173 172 171 167 161 158 159 157 158 166 169 169 168 167 161 162 164 170 172 173 172 169 168 170 171 171 171 173 175 177 177 178 178 179 179 179 176 169 165 166 170 175 179 180 181 182 182 183 183 181 172 173 178 178 175 175 175 170 174 176 175 174
175 168 163 163 166 175 177 177 177 175 176 177 177 177 178 178 178 177 175 172 170 170 172 173 172 172 171 168 164 160 156 155 159 165 169 169 168 166 160 160 162 169 172 172 172 172 170 167 169 171 169 171 176 177 177 177 177 178 178 176 169 158 157 167 172 176 178 180 181 181 182 182 182 179 169 172 177 176 172 176 174 166 170 174 174 173
176 174 168 170 173 176 177 177 176 174 176 177 176 177 178 178 177 177 174 169 161 166 171 172 172 171 170 169 165 164 162 161 164 164 169 168 168 166 160 160 163 168 171 172 172 172 170 165 170 171 170 172 175 176 176 177 177 177 177 174 166 152 157 169 173 177 178 179 181 181 181 181 178 177 174 174 175 171 171 176 174 169 167 170 172 171
177 176 175 174 173 176 176 176 176 175 176 176 175 177 177 177 177 176 174 171 164 167 169 170 171 170 168 166 164 164 164 165 166 166 169 168 168 166 163 162 165 168 171 171 172 172 171 168 168 170 172 173 175 175 176 176 177 176 174 172 163 152 163 172 175 177 177 178 180 180 180 177 176 177 175 174 171 170 175 175 173 169 166 168 169 169
177 177 176 176 174 174 175 176 175 174 174 175 176 177 176 176 176 175 174 171 167 167 167 168 169 168 165 163 161 163 164 163 166 167 167 167 168 167 164 163 167 169 170 171 171 172 170 167 168 171 173 174 174 175 175 175 174 167 165 166 159 160 169 174 177 177 173 176 179 179 179 178 176 177 175 172 169 173 176 174 171 167 164 166 168 167
176 177 177 178 177 174 173 172 172 169 170 174 176 176 176 176 175 174 173 170 167 166 167 168 168 166 163 160 162 162 165 164 164 166 167 167 167 167 165 163 165 169 170 170 170 170 170 171 172 172 173 173 173 173 173 171 166 158 159 160 160 167 172 175 177 176 176 177 178 177 178 179 175 177 174 168 169 174 176 173 169 164 164 166 167 166
175 177 178 179 178 174 169 169 170 165 171 176 176 176 175 175 174 173 171 169 165 164 167 168 168 166 164 162 162 164 164 162 163 165 166 167 166 166 165 163 163 167 168 169 167 165 168 170 171 172 173 172 171 171 166 160 160 153 161 164 165 171 173 176 176 173 176 177 174 173 174 177 178 177 175 172 173 176 176 173 170 167 165 165 166 166
179 180 180 180 179 172 167 170 172 171 174 176 176 175 174 172 172 171 169 167 165 164 166 167 167 167 165 164 163 164 164 162 162 164 165 166 165 164 162 160 162 166 167 167 164 163 166 169 171 171 172 170 168 167 163 157 152 157 164 165 169 172 174 175 175 173 176 177 175 171 169 173 176 178 176 174 174 176 177 176 173 170 163 160 165 165
180 181 181 181 180 177 175 175 175 175 176 176 175 171 168 168 169 170 168 165 163 163 165 166 166 166 166 164 162 164 164 162 161 163 165 165 164 162 160 159 159 165 166 165 162 162 165 169 171 171 171 170 167 164 159 154 156 163 167 168 171 173 174 175 174 176 176 177 176 174 170 163 168 174 177 175 172 175 177 176 175 168 162 156 159 164
181 182 182 181 181 179 178 178 178 177 176 175 171 162 158 164 166 167 166 164 162 161 164 165 165 165 165 165 164 164 164 163 163 164 164 163 162 158 153 153 160 164 165 164 162 160 163 168 170 170 171 169 164 161 160 156 160 164 167 169 171 172 173 174 174 174 176 176 175 173 169 162 162 169 176 175 171 174 177 177 177 172 162 154 155 160
178 181 182 179 174 178 179 179 178 177 176 173 169 165 161 163 164 166 166 164 161 160 162 164 164 164 164 164 161 163 163 163 163 163 163 160 159 156 152 152 159 162 163 162 161 158 161 167 170 170 170 168 163 160 163 163 165 166 167 169 171 172 172 172 172 174 175 175 175 172 168 161 161 169 175 172 167 174 177 177 177 172 163 154 153 156
177 181 182 181 173 176 178 178 178 176 174 169 164 161 161 165 163 166 167 165 162 160 161 162 163 163 163 163 161 161 162 162 163 162 161 159 157 153 153 150 156 159 161 162 161 159 159 165 168 169 169 166 161 161 165 168 168 169 166 162 169 171 170 167 168 174 175 175 174 170 167 167 164 170 176 172 171 174 177 178 178 169 159 153 152 152
178 179 183 183 177 169 173 176 176 176 174 170 167 163 164 166 167 168 167 165 162 159 160 161 161 161 161 161 161 161 161 161 161 161 160 160 158 157 156 154 153 157 159 161 161 160 156 162 167 168 167 164 162 165 168 169 170 169 166 158 168 169 167 162 167 174 174 174 173 167 165 169 171 172 174 167 171 176 178 178 178 172 161 153 151 154
184 184 184 183 177 163 162 168 171 174 176 174 173 171 169 167 168 167 165 163 162 160 158 160 160 160 160 160 160 160 160 160 161 161 160 160 159 158 158 157 154 154 158 160 161 160 156 160 166 167 166 163 165 166 168 169 170 170 167 160 166 167 164 159 168 173 173 174 173 167 167 172 174 175 172 166 172 176 178 178 177 173 165 154 151 159
186 186 185 177 173 168 158 157 158 169 176 177 176 175 171 164 165 162 161 160 159 158 155 156 158 157 157 157 156 157 158 159 160 160 160 159 159 159 158 157 156 153 155 159 160 161 160 162 165 165 165 163 164 166 168 169 170 170 169 161 164 162 163 164 169 171 172 171 172 173 169 174 177 173 170 166 171 176 178 178 177 174 167 159 158 168
187 186 180 164 159 156 155 155 162 166 175 177 176 174 170 163 159 156 154 154 155 154 152 153 155 157 156 154 153 154 156 157 158 159 159 159 159 159 159 158 157 153 152 157 159 161 162 163 164 164 163 161 163 166 168 169 169 170 169 165 163 161 163 164 167 169 171 169 170 173 175 177 175 172 168 164 170 176 177 178 177 170 169 164 160 169
188 181 168 158 151 152 149 157 168 175 178 177 175 171 164 159 155 152 152 151 151 150 151 151 153 157 157 154 152 152 153 155 157 158 158 158 158 158 158 158 157 154 153 156 158 160 161 160 162 161 161 162 164 165 168 169 169 168 167 165 162 160 161 161 164 166 168 167 171 171 176 176 174 171 167 163 170 175 177 178 175 165 165 161 155 164
189 186 169 152 149 154 156 165 174 178 178 177 174 168 159 156 152 150 151 150 149 150 151 153 155 158 159 157 155 153 153 153 155 157 158 158 158 158 158 158 158 154 153 155 158 160 160 158 160 161 160 162 165 167 168 168 168 167 166 164 162 159 159 159 158 160 165 168 173 175 171 172 171 167 163 161 169 174 176 177 172 163 161 162 158 164
189 189 182 163 157 155 161 171 177 178 177 175 172 166 160 155 152 152 151 150 150 152 154 156 158 160 160 160 159 156 153 151 152 156 157 157 157 158 159 159 158 155 155 156 158 160 160 158 160 161 162 163 165 166 167 167 167 166 160 159 157 156 159 159 154 159 166 170 174 173 172 174 173 171 169 168 170 173 175 174 168 159 161 165 170 175
180 187 187 178 164 159 159 167 174 174 173 171 168 162 158 152 153 155 153 151 152 155 157 158 159 160 159 159 158 156 153 151 151 154 156 156 156 157 158 158 158 155 155 157 158 159 159 157 158 160 161 163 164 165 165 165 164 164 160 161 159 160 163 160 159 165 170 173 175 173 174 174 173 170 171 171 172 173 171 166 161 157 160 166 174 179
159 174 184 183 175 164 157 158 161 163 161 161 160 157 153 154 156 158 156 153 154 156 158 158 156 155 155 155 155 155 154 153 152 154 155 155 155 157 158 158 158 156 155 157 159 159 157 154 155 159 161 162 162 162 160 157 160 162 164 164 164 163 165 159 158 165 171 174 175 173 174 172 168 165 170 171 172 171 167 161 155 156 161 168 178 169
144 160 174 181 179 168 165 161 155 153 148 146 150 152 152 157 159 158 156 154 154 159 158 151 147 147 150 153 153 154 154 152 152 153 154 155 155 157 158 158 158 157 154 158 159 159 157 154 151 156 159 159 159 160 158 153 158 162 165 166 166 167 166 159 162 166 170 173 175 172 172 169 160 160 167 170 171 171 167 158 152 155 162 174 171 159
142 150 164 176 178 176 170 165 159 154 149 146 146 150 152 154 158 157 155 156 159 160 158 152 148 148 151 153 153 153 153 152 152 153 155 155 156 157 157 158 158 157 154 157 158 158 157 153 152 156 159 161 161 160 157 154 153 160 164 166 167 168 166 162 164 167 169 171 174 174 172 167 156 156 164 168 171 171 167 159 153 155 161 168 175 158
145 150 160 165 173 175 170 161 156 157 153 149 147 149 154 158 160 160 160 160 160 160 159 158 156 153 154 155 153 153 152 152 153 154 155 155 156 156 156 157 156 154 153 157 157 157 155 150 151 156 159 161 161 160 157 155 149 157 160 165 167 168 168 166 163 163 163 169 173 174 173 166 164 160 165 170 172 171 168 161 158 155 160 164 174 162
150 165 172 161 171 172 165 155 150 150 151 148 145 151 158 160 160 160 159 157 156 157 159 158 160 156 153 153 153 153 153 152 153 154 154 153 155 155 155 155 154 152 151 155 156 156 150 151 154 157 160 161 162 161 159 156 152 157 160 164 166 167 168 168 165 159 159 166 172 174 173 169 169 167 167 170 171 171 168 160 155 156 162 167 174 170
165 175 170 175 181 179 169 166 160 154 151 152 155 158 159 159 157 156 152 151 151 155 159 161 161 158 152 152 152 153 152 152 152 152 152 152 153 154 153 153 151 150 149 153 155 153 149 153 156 158 160 161 162 162 160 157 155 159 161 163 165 166 167 168 163 153 154 162 169 173 173 170 170 170 168 170 170 169 165 160 151 155 162 169 174 174
176 175 164 179 182 181 179 173 153 156 162 163 163 162 156 154 153 151 148 147 150 155 159 161 162 161 156 153 153 153 152 151 151 150 150 151 152 152 150 151 150 149 149 150 152 150 150 153 157 159 160 161 161 162 162 162 162 161 160 163 164 165 167 168 165 158 157 161 164 170 173 172 172 170 168 169 168 166 163 155 156 159 165 170 171 170
175 165 160 178 180 181 179 177 162 148 167 171 171 169 163 159 156 150 146 147 152 156 159 162 162 162 160 156 156 154 149 149 148 150 149 150 151 150 150 149 149 148 148 148 150 149 151 151 153 157 159 161 161 162 162 163 162 162 160 160 161 164 166 168 167 164 160 162 163 169 172 173 171 168 165 166 161 163 160 155 164 168 170 170 167 169
152 145 157 164 177 180 179 178 173 159 165 173 173 171 166 158 152 146 147 152 158 160 161 162 162 162 160 158 158 156 154 153 150 152 153 152 151 150 149 149 148 147 147 147 148 149 152 152 155 157 159 160 161 160 161 162 162 161 159 158 158 164 166 167 167 164 162 163 164 166 170 172 171 170 168 162 161 162 160 165 169 171 170 167 169 170
140 143 149 154 169 179 178 178 173 166 162 168 173 172 168 160 152 148 151 155 159 161 162 161 162 161 160 160 159 159 158 156 152 153 154 154 153 151 151 151 150 148 148 150 147 150 155 157 158 159 158 158 160 157 159 161 161 161 159 159 158 163 166 167 167 164 164 165 166 167 168 170 171 171 168 158 161 163 163 168 170 170 167 168 169 169
142 148 148 156 168 177 176 177 176 174 167 159 173 173 170 164 157 153 152 153 157 162 159 156 160 161 161 160 160 159 159 157 155 154 155 155 153 152 151 152 152 152 152 152 150 150 155 158 159 158 157 155 157 158 158 160 160 160 160 159 156 160 164 167 167 165 166 165 165 167 167 167 167 170 169 161 161 164 166 168 168 167 167 168 168 167
140 142 151 158 167 168 173 173 175 175 174 159 169 172 172 166 160 156 159 159 161 159 152 152 157 159 159 159 159 158 158 158 157 157 156 155 153 150 148 149 152 153 154 152 151 152 156 158 159 158 157 155 157 159 159 159 158 158 156 154 154 156 160 166 166 166 167 165 166 166 162 166 167 169 169 163 165 166 167 167 166 164 166 166 166 166
136 136 147 153 160 158 165 164 174 174 171 157 165 171 172 170 166 164 163 162 158 151 147 151 155 157 158 158 158 158 157 158 158 158 156 154 152 150 147 148 151 153 154 153 152 154 156 157 158 158 158 156 157 158 158 158 156 155 156 153 154 160 160 163 165 164 168 168 168 167 158 163 168 169 168 166 166 166 166 165 165 165 165 165 165 164
133 127 140 150 159 160 161 157 166 169 163 156 156 169 171 171 170 168 164 161 154 145 143 147 151 155 156 157 158 157 156 158 159 157 156 155 154 153 149 149 150 153 154 153 150 152 155 157 158 158 158 157 157 157 157 156 155 155 157 157 156 162 164 161 163 165 168 168 168 168 158 157 167 168 168 167 166 165 163 163 164 164 164 163 163 162
124 127 140 158 165 165 161 159 156 162 161 148 149 166 170 168 170 170 167 162 151 144 141 145 150 153 155 156 157 155 154 157 159 158 156 155 153 153 152 151 151 153 150 151 150 153 154 156 157 158 158 158 157 157 155 155 156 158 161 159 157 162 166 165 160 165 168 168 168 167 157 154 165 167 167 166 165 163 161 162 163 163 162 162 161 156
130 127 139 162 172 171 167 161 154 167 162 143 151 164 164 161 168 170 169 166 159 148 143 142 145 150 152 153 155 153 156 158 159 158 156 156 154 151 150 150 154 153 148 148 149 153 155 154 155 157 157 157 158 157 155 154 156 160 163 162 156 161 165 166 162 160 166 167 167 166 159 154 164 166 165 165 164 162 161 162 162 161 161 160 159 157
