model/data/bioclim/bclim13.asc
NCOLS 300 
NROWS 300 
XLLCORNER -125.25 
YLLCORNER 30.75 
CELLSIZE 0.0416666666666667 
NODATA_value -3.4e+38 
[rows 114 to 151 of 300, columns 172 to 257 of 300]
18 18 19 19 18 18 18 18 18 18 18 17 16 16 16 17 17 17 17 17 19 21 23 25 23 22 21 21 22 24 24 27 25 24 22 21 23 24 25 27 26 21 19 20 20 21 23 22 22 22 23 23 24 21 20 19 21 20 21 23 23 23 28 37 35 31 27 26 25 25 24 24 25 25 28 37 30 28 28 31 39 31 28 28 28 28
18 18 18 19 18 18 17 17 17 17 17 17 17 16 16 16 16 16 17 18 19 20 22 22 21 20 20 22 25 26 26 26 27 24 21 21 23 24 26 26 25 21 19 19 20 21 23 22 22 22 22 23 23 20 19 19 23 22 21 22 21 25 29 31 37 33 27 25 25 24 24 25 25 26 31 31 28 28 28 33 35 38 32 28 28 28
18 17 18 21 21 17 17 17 17 17 17 16 16 16 15 15 16 16 17 18 19 19 20 20 20 19 20 22 26 28 27 29 29 23 21 21 21 23 27 26 25 21 20 19 20 22 24 22 22 22 23 22 21 19 19 21 20 22 22 21 25 30 34 33 31 28 26 25 25 24 25 25 25 27 32 32 29 29 29 30 29 33 30 28 28 29
17 19 22 22 21 17 17 16 17 18 17 16 16 16 15 15 15 16 17 20 21 21 19 19 19 19 20 21 24 26 30 30 27 23 21 20 21 23 27 27 26 21 20 19 19 20 22 24 23 22 24 23 20 20 20 20 20 23 21 23 29 39 42 34 29 27 25 25 24 24 25 25 25 28 34 32 29 30 31 29 29 38 34 29 31 29
17 17 19 19 18 17 17 16 16 18 17 16 16 16 15 15 15 16 17 20 24 22 19 18 18 18 19 20 22 23 24 25 23 23 20 20 20 22 27 27 25 21 19 19 19 19 21 25 23 22 23 22 20 20 20 20 21 21 22 25 31 46 43 33 28 26 25 25 24 24 25 26 27 28 29 30 29 31 31 28 29 32 33 30 30 30
17 17 16 16 17 16 16 16 16 16 16 16 16 15 15 15 15 15 16 18 22 21 19 18 18 18 19 21 23 22 22 22 21 21 20 20 20 21 24 25 23 21 19 19 19 19 21 23 24 22 21 21 20 20 20 20 21 22 24 26 34 46 36 29 26 25 26 25 24 24 25 27 28 27 28 29 30 31 28 27 29 31 33 31 30 30
16 16 16 16 16 17 16 16 16 17 17 16 15 15 14 15 15 15 16 18 20 20 20 19 17 19 21 23 24 22 21 22 20 20 19 20 20 21 23 24 22 20 19 19 19 19 21 23 23 21 20 20 20 20 20 21 22 28 30 31 37 38 29 26 25 25 28 26 25 25 25 27 27 27 28 29 31 29 27 28 29 31 34 32 30 30
15 16 15 15 16 16 17 17 17 19 19 16 15 14 14 14 15 15 16 17 19 19 18 17 17 19 21 23 22 22 20 21 21 19 19 19 19 20 22 24 22 20 19 20 20 20 20 21 20 20 20 20 21 21 22 24 28 35 38 36 36 30 27 25 24 25 26 26 25 26 25 25 27 27 28 31 31 28 27 28 30 33 32 30 29 29
15 15 15 15 15 16 18 18 18 20 17 15 14 14 14 15 15 15 16 17 19 20 17 16 16 18 19 21 21 20 20 22 21 20 19 19 19 20 21 23 23 20 20 20 21 23 22 20 20 20 20 21 22 23 27 32 32 41 35 31 30 27 25 24 24 26 25 25 27 28 27 26 25 26 27 29 28 27 26 27 29 30 30 30 29 29
15 15 17 17 15 17 19 18 17 17 16 14 14 14 15 15 15 15 16 17 18 19 17 16 15 16 17 19 20 19 18 21 21 20 19 19 20 21 23 25 24 21 20 21 24 25 23 21 20 20 20 22 24 25 29 34 41 36 30 30 27 25 25 24 25 26 25 24 26 29 30 28 27 26 26 27 28 26 26 26 27 28 31 33 29 29
14 14 15 18 14 15 16 16 16 15 14 14 17 16 17 17 16 16 16 17 18 18 16 15 15 15 16 17 19 18 18 20 21 20 19 19 20 22 24 25 25 21 21 22 25 25 23 21 20 20 20 22 25 28 31 36 36 30 28 27 25 25 25 24 25 24 25 27 25 27 29 33 30 27 26 27 28 27 26 26 26 29 31 41 33 29
14 14 14 14 14 14 14 14 14 14 14 15 16 20 22 18 17 16 16 17 18 18 16 15 15 15 16 16 17 17 17 18 19 18 19 20 21 25 30 30 25 22 21 22 24 27 24 21 20 20 20 22 26 30 30 34 31 28 27 26 25 25 25 24 25 25 26 25 25 27 30 34 34 29 26 26 28 27 26 25 26 27 31 43 38 30
15 13 14 14 16 15 14 14 14 14 15 16 17 18 20 18 18 16 16 16 18 18 16 15 15 15 16 16 18 17 17 18 18 18 19 21 23 26 30 30 25 23 22 23 25 27 26 22 20 22 20 23 26 30 28 28 27 27 26 26 25 25 25 26 26 24 25 24 25 27 30 35 35 29 26 27 30 27 25 25 25 27 31 40 40 34
15 14 13 14 16 16 15 14 14 15 15 17 18 20 19 17 17 16 15 15 16 17 16 16 16 16 16 16 17 17 17 17 18 18 20 22 24 28 29 32 27 24 23 23 24 26 27 23 20 20 21 24 28 28 26 25 24 25 27 30 26 25 26 28 28 24 25 24 26 28 30 30 31 29 26 27 28 27 26 26 26 29 34 41 43 38
15 15 13 13 15 17 16 15 15 15 15 16 17 18 18 16 15 15 15 15 16 16 16 16 16 16 16 16 17 17 17 18 18 18 19 21 22 24 25 27 29 26 24 24 24 25 29 25 21 21 22 24 27 25 24 23 23 24 27 33 27 26 28 32 29 27 28 28 25 29 30 28 28 27 26 29 28 26 25 26 26 28 33 42 46 37
14 13 13 14 16 20 20 18 17 16 15 15 15 15 16 16 15 15 15 15 16 16 16 16 17 16 16 17 17 17 17 18 18 18 19 20 21 22 23 24 28 28 25 24 23 25 29 25 21 21 23 25 24 23 23 22 22 23 25 31 27 27 30 33 27 25 28 29 25 29 29 27 26 25 27 30 27 26 25 26 26 28 31 38 40 34
14 14 13 15 16 18 22 22 21 17 14 14 14 14 15 16 16 16 16 16 16 16 17 17 16 17 17 18 19 19 18 18 18 18 19 20 20 21 22 23 25 29 27 24 23 23 25 23 22 22 23 25 25 23 22 22 22 22 23 30 28 30 30 30 27 25 25 26 26 26 28 25 24 26 28 30 28 26 27 28 27 28 30 34 34 31
13 13 15 20 22 24 25 24 19 17 15 14 14 14 15 17 17 19 18 18 17 18 18 18 17 17 17 19 21 21 19 19 18 18 19 20 20 21 21 22 24 27 29 25 24 23 23 22 22 23 24 26 25 23 22 22 22 22 24 27 29 31 29 29 27 26 26 27 26 25 24 23 25 27 29 31 28 26 31 31 26 28 29 31 32 30
13 15 19 24 29 28 30 23 17 15 14 14 14 15 17 18 19 21 20 19 18 19 19 19 18 17 17 19 21 22 21 20 19 19 19 19 20 20 21 22 23 26 28 26 24 23 23 24 23 24 26 25 23 23 22 22 22 23 24 26 29 31 30 31 29 28 27 28 26 26 23 24 25 27 29 31 28 26 27 33 28 31 31 33 37 34
14 14 19 29 31 26 24 18 16 14 14 14 15 16 18 18 21 24 21 20 19 19 18 18 17 16 16 17 18 20 21 21 20 19 19 19 20 21 20 21 22 26 28 26 24 23 24 25 25 24 26 24 23 22 22 24 22 23 25 27 29 31 32 32 33 32 28 27 24 23 26 26 27 29 31 33 28 27 26 27 29 33 33 33 35 34
13 13 14 21 23 25 20 17 15 14 14 14 15 16 18 19 20 19 19 19 19 18 17 17 16 16 16 16 16 18 20 23 22 19 19 19 20 20 20 20 22 24 25 24 23 23 23 25 25 24 24 23 22 22 22 22 23 24 29 30 32 33 31 32 37 33 28 25 23 25 25 24 25 27 28 29 28 27 26 27 31 36 35 33 31 30
16 13 13 15 20 22 22 17 15 15 15 16 16 17 18 21 20 18 18 18 18 17 17 16 16 16 16 16 17 18 20 22 22 20 20 20 21 21 20 20 21 24 25 23 23 22 24 26 26 24 24 23 23 23 23 24 25 25 29 29 30 29 28 31 32 28 25 23 22 24 24 24 26 27 27 27 27 27 28 30 34 37 37 34 30 28
27 18 14 14 16 20 23 22 19 18 18 18 18 19 20 19 18 17 17 18 17 17 16 16 17 17 18 17 18 18 19 20 21 20 20 21 21 20 20 20 20 23 24 23 22 22 24 28 28 25 24 23 23 24 26 29 27 26 26 25 26 27 26 31 32 28 24 22 21 24 23 25 28 30 28 27 27 28 30 34 38 37 36 34 29 33
39 26 18 15 15 18 19 20 22 24 27 30 24 23 21 18 17 17 17 17 17 16 16 19 23 23 19 18 19 18 19 20 21 20 20 20 20 20 19 20 20 21 25 22 22 22 24 28 31 27 25 25 25 25 28 32 29 26 24 24 24 24 25 30 29 26 24 22 21 24 24 27 32 33 29 28 27 28 31 37 41 38 35 31 33 37
41 33 23 17 16 16 17 18 21 23 26 29 28 24 21 20 17 17 18 17 16 16 16 18 22 23 19 18 18 19 19 21 21 20 20 20 20 20 20 20 20 22 24 22 22 22 24 28 30 27 25 23 24 25 28 32 32 28 25 23 23 23 25 28 27 26 25 23 21 22 24 28 35 36 30 28 27 27 30 35 39 38 36 34 32 40
39 33 25 22 17 16 17 21 23 22 23 26 28 25 20 18 16 16 16 16 16 16 16 16 17 18 17 18 18 19 20 20 19 19 19 19 20 20 20 20 21 23 24 22 22 22 26 30 30 26 24 23 23 24 27 30 36 30 27 24 23 22 23 25 28 28 28 25 22 21 23 28 29 32 29 27 26 27 29 33 36 39 37 36 33 38
36 24 19 24 18 17 20 25 28 27 25 27 30 24 18 17 16 16 16 17 17 16 16 16 15 17 18 19 18 19 19 20 19 19 20 20 20 20 20 21 23 25 26 23 23 24 30 29 27 25 23 22 22 23 26 29 32 28 27 24 23 22 22 23 26 30 31 26 22 21 22 26 26 28 28 27 26 27 29 33 39 39 37 34 30 34
25 19 21 17 14 14 17 19 21 24 25 25 22 19 18 18 18 18 20 20 20 18 16 15 15 16 19 19 19 19 19 20 20 20 21 21 21 21 22 22 25 26 27 25 23 26 30 26 24 23 22 21 22 22 24 27 29 27 26 24 23 23 22 22 27 35 34 29 24 21 21 25 25 25 27 27 27 28 30 36 47 43 35 32 28 28
20 19 25 16 15 14 14 16 26 23 19 18 18 18 20 21 21 21 23 24 21 18 16 15 15 15 17 19 19 19 20 21 21 22 22 22 22 22 24 24 26 27 28 27 26 28 29 26 23 22 21 21 21 21 22 23 23 24 26 24 24 23 22 22 25 31 32 29 28 23 21 23 23 25 27 31 27 29 32 39 41 38 33 30 29 31
20 25 27 16 15 15 15 14 21 29 17 15 15 15 17 18 20 23 26 25 21 18 16 15 15 15 16 17 17 19 23 23 24 23 24 23 23 23 24 25 26 27 28 29 28 29 28 28 27 23 22 21 21 21 28 24 22 24 26 26 26 24 22 22 22 25 29 28 28 24 22 21 23 26 28 28 31 31 36 40 33 30 28 28 31 29
39 42 30 24 16 16 15 14 16 21 18 14 14 14 16 19 22 27 26 21 18 16 16 16 16 16 16 16 16 17 19 20 22 21 20 21 22 24 24 25 27 28 29 29 30 29 26 26 24 23 21 21 21 22 22 22 23 24 26 27 28 24 22 21 22 25 27 27 26 25 22 21 21 23 25 30 31 31 34 31 28 26 27 31 29 26
48 45 38 31 20 16 16 15 15 17 19 16 14 14 15 18 22 25 22 19 17 16 16 16 17 17 16 16 16 16 17 18 20 20 19 20 21 23 23 24 25 27 27 26 29 27 23 21 21 21 22 23 22 25 23 22 23 24 26 26 28 24 22 21 21 25 25 25 24 24 23 21 21 21 24 32 31 29 30 26 23 24 28 28 27 25
48 41 39 30 21 16 15 15 15 15 17 20 15 14 14 16 19 21 21 20 18 16 17 18 16 16 17 17 16 16 16 17 18 19 19 19 20 22 23 22 22 23 23 24 27 27 22 20 20 21 23 25 23 23 24 23 23 24 25 26 29 26 23 21 21 23 23 25 24 24 24 23 24 20 22 30 30 28 26 23 23 26 25 26 24 23
51 47 36 29 22 20 17 16 15 15 15 21 16 14 14 15 18 19 18 17 16 17 21 21 17 17 17 17 17 17 17 17 17 18 18 19 21 23 26 25 23 22 22 23 25 24 21 20 19 20 22 24 23 22 22 23 24 25 27 30 30 29 26 22 22 21 21 24 23 23 28 24 22 19 20 27 25 25 23 21 25 28 24 24 23 22
55 55 41 34 26 27 21 21 15 15 16 23 18 15 14 14 16 16 16 16 18 22 25 22 19 18 17 17 17 17 17 17 17 17 18 20 21 24 27 27 24 22 21 22 24 22 21 20 19 20 21 22 23 22 22 24 26 28 27 30 29 25 25 23 22 23 20 20 20 22 30 26 21 19 19 22 23 22 21 25 26 24 23 22 21 22
59 68 48 36 28 26 24 26 20 17 19 24 23 15 14 14 14 14 16 17 21 28 31 26 22 19 18 18 17 17 18 17 17 18 19 20 20 21 25 26 24 22 21 23 26 24 21 20 19 20 20 21 22 23 24 24 26 27 26 26 28 23 21 24 24 22 19 19 19 20 29 30 21 18 18 19 20 21 26 26 24 22 20 20 22 26
73 68 50 30 23 23 24 25 26 21 21 31 28 17 15 15 14 14 14 17 23 29 34 28 24 21 20 19 18 19 20 18 17 18 19 20 21 21 22 23 24 22 25 25 26 22 22 21 20 20 20 20 22 22 25 26 25 23 21 24 26 22 20 21 25 21 19 19 20 20 30 33 22 18 17 18 19 22 28 25 22 21 19 21 25 34
68 69 50 27 19 19 20 24 28 18 21 38 27 18 17 19 15 14 14 15 19 26 31 32 28 23 22 21 20 21 19 18 17 18 19 20 21 23 25 24 22 22 27 28 28 24 21 22 21 22 20 21 20 21 24 26 24 21 19 20 27 23 19 19 23 25 20 19 19 20 27 33 23 19 17 17 18 22 25 23 21 19 18 21 25 31
