model/data/bioclim/bclim12.asc
NCOLS 300 
NROWS 300 
XLLCORNER -125.250000000003 
YLLCORNER 30.7499999999996 
CELLSIZE 0.041666666666667 
NODATA_value -32768 
[rows 0 to 37 of 300, columns 172 to 257 of 300]
306 297 285 276 273 275 280 289 291 287 286 264 267 256 268 314 330 327 361 417 428 386 376 362 327 339 368 395 422 428 355 292 303 342 276 251 231 236 248 247 240 248 257 263 276 278 285 286 282 279 281 286 296 309 316 339 355 366 391 417 445 453 458 503 505 480 470 457 443 440 439 421 420 419 418 427 406 406 385 385 408 404 401 401 414 415
278 267 267 272 273 273 278 290 292 277 261 274 269 284 306 335 336 337 358 374 367 361 405 400 347 338 364 392 415 418 407 316 320 342 286 259 240 237 244 239 227 230 238 246 262 260 263 264 264 263 265 268 274 289 294 310 318 326 344 365 388 414 424 441 456 458 449 452 433 428 420 413 412 412 414 419 412 409 411 393 393 399 399 398 409 397
264 264 271 272 273 272 272 275 277 272 271 296 310 313 324 322 320 328 336 343 338 341 356 364 356 344 358 395 430 459 430 379 395 398 356 281 254 250 241 231 218 208 213 234 240 238 243 244 250 254 254 254 260 266 279 290 294 300 322 338 354 354 367 379 401 403 409 405 399 395 390 384 382 386 373 366 362 369 365 371 377 374 363 378 376 361
270 268 271 278 275 270 267 262 236 254 272 282 297 309 308 312 314 316 316 323 325 341 332 334 341 360 359 378 424 478 455 412 457 414 373 296 262 251 244 232 216 207 201 199 211 220 226 229 233 233 236 238 244 250 261 268 277 282 295 310 318 322 330 334 342 349 350 363 363 360 357 354 353 346 340 339 326 318 319 326 325 317 315 316 309 313
268 268 272 272 284 268 262 251 246 235 262 271 296 299 305 313 312 308 313 324 339 336 333 338 338 359 396 371 413 461 483 468 462 384 325 292 270 260 245 232 218 207 200 199 197 203 210 215 220 223 224 226 224 229 242 253 260 266 275 288 296 303 307 311 313 323 324 325 316 319 313 309 309 305 300 296 289 295 290 285 284 282 279 278 279 283
275 272 269 264 261 259 249 241 235 244 259 269 281 292 302 314 313 307 308 319 333 339 325 320 332 354 391 387 398 411 436 474 475 443 378 356 299 267 246 222 210 203 200 197 193 189 187 190 200 212 213 215 219 223 232 240 249 256 263 272 277 281 288 291 292 298 302 290 267 267 272 276 273 272 268 270 275 273 268 261 259 264 264 262 270 267
274 273 266 262 259 249 248 242 240 249 258 265 280 290 302 304 306 303 307 314 311 311 313 313 318 329 347 371 379 387 425 490 508 506 494 389 315 274 263 248 226 209 208 202 201 197 189 186 187 190 200 202 205 207 213 224 238 245 247 256 256 253 256 268 276 270 257 261 255 254 254 266 264 266 274 265 260 261 258 252 251 250 249 254 258 261
291 274 264 259 258 252 248 242 240 244 258 257 252 263 277 288 299 299 300 300 307 313 320 316 316 318 349 366 373 361 404 423 450 454 487 430 369 314 275 259 240 222 225 221 213 204 199 190 186 187 187 192 196 200 209 203 208 217 229 226 232 241 236 243 261 247 248 252 267 253 253 258 260 259 257 256 254 251 248 249 248 245 247 249 255 260
295 270 257 254 257 253 248 242 230 240 247 244 248 252 263 275 286 299 304 306 302 308 326 331 320 315 329 349 338 343 361 379 397 410 410 410 401 369 299 269 256 253 246 235 227 217 206 194 191 191 192 194 190 191 198 213 213 210 229 227 227 242 248 261 266 261 260 251 258 259 250 252 252 252 250 241 245 246 243 246 243 241 245 251 256 261
297 271 259 246 245 243 241 240 229 225 219 240 254 256 265 289 305 305 299 307 318 326 335 357 341 321 341 333 338 342 346 357 364 374 364 366 375 418 373 303 327 300 277 253 238 229 218 203 202 200 195 191 189 191 195 199 216 237 246 235 227 237 246 245 251 256 255 255 248 253 252 256 256 256 252 249 233 240 240 238 239 240 241 247 251 257
305 282 281 259 241 240 240 239 230 230 227 234 252 261 263 275 289 306 304 314 320 324 334 361 363 334 369 372 360 361 356 363 364 348 347 365 366 357 346 333 379 338 317 278 250 228 221 216 210 204 196 190 193 197 203 201 202 228 244 236 241 238 240 243 246 246 248 251 246 252 252 252 254 250 249 233 225 234 235 234 235 237 238 244 249 256
277 266 263 259 241 237 234 229 229 238 237 241 248 255 264 281 290 294 296 302 310 316 322 337 343 346 393 425 419 380 385 392 395 364 359 367 388 381 372 404 394 392 347 296 271 249 234 228 219 206 203 196 202 204 220 210 204 223 246 251 260 260 250 241 243 243 244 251 249 249 249 248 252 247 246 228 221 227 230 230 230 233 237 240 248 255
239 247 248 248 238 233 232 230 230 233 236 238 242 256 273 289 291 282 295 308 307 306 311 314 321 339 393 435 456 408 419 418 421 396 378 397 386 390 390 410 435 406 360 347 331 319 296 257 243 226 223 211 215 216 230 220 223 230 252 255 259 259 259 260 253 245 244 246 243 242 244 248 250 245 244 235 233 222 225 228 229 229 234 237 244 252
237 235 233 233 232 233 231 230 232 233 238 241 247 256 267 282 286 292 296 290 304 301 306 313 319 329 357 379 398 409 430 424 424 409 386 402 386 383 409 409 403 410 398 389 394 368 321 302 270 261 246 232 233 229 235 236 245 247 256 261 264 266 265 265 270 265 254 248 241 237 239 242 252 251 244 241 233 222 219 221 222 226 231 234 241 246
239 237 231 230 231 232 230 229 233 235 240 245 249 252 260 275 290 314 310 297 287 301 309 313 316 321 327 341 363 378 398 408 406 378 380 386 378 385 403 404 399 392 388 388 376 353 335 322 295 281 281 265 266 263 247 245 250 249 255 266 275 279 277 270 267 267 266 263 260 249 245 245 243 250 250 243 235 230 218 223 230 227 225 229 232 235
237 237 232 229 231 233 234 239 239 234 242 256 257 256 267 276 289 303 309 298 288 295 305 307 306 313 324 332 344 357 368 371 363 346 344 362 372 379 391 392 394 394 391 382 364 372 367 340 313 292 301 300 290 281 269 258 250 253 258 264 270 274 274 273 269 270 267 261 265 263 255 258 251 244 245 247 239 234 231 238 240 238 234 234 235 235
231 233 233 230 232 237 250 254 252 237 235 246 262 268 276 280 289 295 299 305 300 287 293 296 302 306 318 338 345 346 356 354 347 346 355 362 362 368 373 375 378 377 377 380 377 369 365 343 322 303 310 315 301 296 286 275 265 260 260 260 265 267 267 267 269 270 274 273 266 262 265 258 256 248 245 244 244 241 241 243 248 243 242 240 240 239
238 237 233 233 232 241 252 278 276 246 238 250 264 281 287 289 296 302 302 302 299 283 279 299 300 320 323 358 356 350 351 345 350 340 332 340 348 365 370 373 373 371 374 383 369 365 366 348 339 323 309 312 312 306 294 284 276 268 262 261 263 271 269 271 271 272 276 280 280 276 262 264 266 263 249 242 241 240 240 246 247 249 250 247 248 242
239 241 233 233 237 255 256 269 277 245 243 261 283 290 293 293 299 302 299 296 284 300 294 297 302 325 347 366 378 369 337 329 330 320 327 335 349 360 373 374 365 363 364 360 363 363 367 365 356 351 320 313 311 309 306 291 282 283 275 260 266 278 275 275 274 277 278 284 283 277 273 265 265 261 254 246 247 243 246 248 251 257 257 253 253 252
242 252 238 248 248 252 261 261 270 253 272 283 292 299 297 294 292 292 296 295 277 291 295 302 304 317 333 357 396 398 375 356 325 310 314 326 334 342 356 360 360 357 350 356 356 367 367 367 367 362 335 326 317 306 303 297 291 287 279 272 276 287 294 282 273 272 276 285 293 282 274 271 264 260 261 253 251 246 248 252 254 265 268 260 255 257
243 252 259 274 276 255 263 268 276 278 285 297 299 299 302 296 292 296 298 304 291 300 300 296 304 324 335 350 367 360 366 352 320 294 301 320 322 327 327 341 344 348 352 353 349 358 367 368 369 365 351 330 319 309 304 293 288 292 285 274 278 291 297 291 291 278 280 284 290 288 280 276 272 261 263 266 261 256 253 255 260 261 264 265 260 258
274 279 277 275 320 283 274 267 286 304 299 298 299 304 308 300 297 295 296 300 295 305 308 305 297 316 330 331 307 305 324 324 303 292 292 307 326 326 327 328 338 340 351 348 345 345 361 363 373 370 358 328 317 314 311 296 291 289 273 281 280 282 289 293 294 288 280 285 287 291 296 284 277 269 267 266 265 267 267 260 263 263 261 261 260 259
323 330 290 285 314 321 287 273 295 324 339 313 306 309 311 305 300 296 295 301 303 305 303 307 306 306 303 310 307 287 301 318 320 292 298 303 321 321 320 324 332 340 350 341 336 330 339 342 345 358 357 334 319 308 306 303 300 272 263 285 285 282 289 290 294 291 290 289 287 291 292 288 280 277 278 277 279 274 273 276 273 269 262 262 263 269
353 366 286 265 271 299 290 269 285 320 345 319 315 313 313 311 304 304 298 303 305 307 304 307 312 313 313 305 281 282 299 307 314 291 289 306 309 306 312 321 331 338 340 335 325 324 325 332 343 351 349 343 322 313 308 300 302 278 293 286 287 287 288 291 293 305 298 294 293 293 296 298 294 293 289 292 287 283 279 281 277 273 266 264 270 283
340 362 290 269 261 257 262 262 280 317 344 324 321 321 327 322 321 319 312 308 311 314 309 307 311 311 311 310 285 302 305 302 302 299 286 289 295 293 306 310 324 334 337 324 322 319 319 325 342 351 345 351 340 317 309 295 303 289 299 298 292 289 291 292 297 303 300 298 292 295 307 307 302 301 298 302 292 291 286 281 277 273 272 271 271 282
349 378 340 320 272 255 250 253 287 320 325 340 331 329 338 340 334 330 325 315 316 315 316 315 315 306 304 298 278 287 303 305 302 296 286 290 305 303 306 310 319 328 335 324 316 314 316 321 344 356 354 347 347 334 318 308 307 288 307 306 303 294 294 304 305 304 304 297 296 301 311 319 312 311 310 302 290 292 298 283 275 271 276 284 292 296
366 384 382 398 309 259 246 246 270 315 305 350 344 341 345 355 345 334 325 325 325 315 315 316 314 305 304 305 292 288 294 298 303 304 304 301 308 311 306 300 308 321 330 320 319 311 313 330 360 366 356 351 350 340 321 307 306 290 316 318 308 305 303 305 303 301 302 296 294 295 304 309 312 312 317 324 331 342 349 283 277 282 296 329 326 319
343 354 369 386 321 258 245 244 256 275 289 350 357 348 343 345 339 329 329 325 324 315 315 313 304 303 299 298 296 305 297 290 302 301 295 303 305 304 295 297 305 320 335 316 319 310 311 343 377 386 373 357 351 330 328 324 321 301 310 326 317 312 309 307 306 303 303 301 292 293 304 312 314 321 334 363 376 393 353 277 277 286 318 353 330 322
285 285 291 303 325 290 243 243 253 260 274 311 354 352 344 341 335 333 334 327 319 315 312 305 302 299 293 288 293 305 296 282 295 293 282 289 290 291 290 294 307 325 335 315 312 308 310 355 387 396 391 380 363 340 326 329 333 322 306 327 320 314 317 307 308 309 310 307 294 299 301 321 338 360 375 400 405 395 293 274 274 283 315 345 314 301
271 272 283 273 278 276 251 244 246 252 261 280 327 324 335 344 335 343 338 331 322 314 314 306 303 295 290 287 302 304 296 294 286 295 289 279 280 287 289 295 312 322 331 317 307 307 308 349 406 423 414 390 391 371 345 345 338 330 302 332 327 324 329 320 310 310 312 313 306 308 320 348 378 403 402 406 377 367 294 286 271 284 290 310 297 295
279 285 294 293 270 261 248 243 243 248 255 268 291 298 311 318 334 349 343 334 324 308 304 302 294 293 285 287 308 304 295 295 295 284 294 299 304 313 317 318 319 329 333 319 307 307 307 327 402 429 424 384 374 402 388 368 353 324 309 337 353 345 349 339 334 335 342 343 339 338 357 395 446 390 378 367 357 384 312 293 280 281 272 276 288 306
312 301 292 276 269 261 250 244 242 247 253 273 296 303 348 328 311 329 334 330 322 320 311 304 297 290 285 285 292 308 308 295 293 281 285 290 298 303 311 314 316 320 320 314 305 307 307 314 350 379 404 393 383 412 422 374 360 304 337 371 397 398 378 361 381 383 365 390 382 373 385 433 431 365 350 321 355 359 326 301 283 264 267 274 294 315
317 308 281 272 276 277 273 245 242 247 261 294 338 331 353 362 348 339 364 338 326 320 312 304 300 295 289 291 288 289 299 296 291 285 280 287 290 298 304 309 310 312 313 308 305 314 323 340 341 361 388 402 409 419 408 378 370 319 314 351 403 441 423 380 416 447 398 455 459 431 415 425 397 355 321 315 347 334 343 318 278 261 263 272 290 341
328 337 288 278 285 288 285 241 244 252 262 302 339 375 392 375 367 358 408 358 330 318 312 307 301 295 289 290 290 286 285 285 285 282 281 285 289 292 298 304 304 304 302 305 307 327 357 379 364 362 344 356 371 424 438 374 345 343 343 319 347 387 457 414 540 504 391 471 501 439 396 376 341 338 301 332 339 353 343 301 272 265 285 276 288 333
339 317 286 276 277 267 258 242 245 252 269 315 378 389 378 366 349 339 384 362 333 323 316 311 301 295 289 288 287 290 285 283 281 279 281 285 288 290 292 294 295 295 292 293 305 325 365 423 408 386 354 342 349 371 392 381 372 386 411 349 353 476 490 450 506 532 460 508 494 399 346 331 321 301 295 320 352 400 339 288 261 299 359 300 298 354
315 306 271 267 265 241 241 243 249 258 279 307 367 375 353 341 335 323 348 351 331 320 314 306 301 297 290 287 287 287 285 281 279 279 279 285 287 288 290 291 289 288 286 289 300 322 374 435 425 377 355 332 349 363 381 372 387 401 429 416 351 505 445 505 512 548 519 470 420 351 318 308 298 288 308 299 323 384 340 284 270 299 359 310 317 334
290 266 254 253 241 237 238 245 256 274 303 349 403 357 329 337 357 338 329 332 323 315 314 305 301 298 294 289 287 285 283 280 279 279 279 284 286 287 288 288 288 287 283 292 305 323 376 428 457 390 336 347 362 385 360 372 380 369 407 359 339 385 394 450 446 483 491 423 361 326 310 299 291 311 357 338 314 291 275 283 323 347 361 305 306 324
262 255 248 238 236 237 244 250 274 310 357 421 422 378 331 325 350 342 337 319 307 314 316 312 301 296 293 290 286 283 282 280 279 279 279 284 287 287 288 288 288 292 287 291 306 342 469 421 397 374 396 399 403 374 350 354 356 365 408 390 354 331 393 416 400 467 449 379 332 317 309 295 298 330 379 339 304 275 273 322 390 393 363 340 313 306
