model/data/bioclim/bclim12.asc
NCOLS 300 
NROWS 300 
XLLCORNER -125.25 
YLLCORNER 30.75 
CELLSIZE 0.0416666666666667 
NODATA_value -3.4e+38 
[rows 72 to 107 of 300, columns 0 to 80 of 300]
-3.4e+38 -3.4e+38 -3.4e+38 -3.4e+38 -3.4e+38 -3.4e+38 -3.4e+38 -3.4e+38 -3.4e+38 -3.4e+38 -3.4e+38 -3.4e+38 -3.4e+38 -3.4e+38 -3.4e+38 -3.4e+38 -3.4e+38 -3.4e+38 -3.4e+38 -3.4e+38 -3.4e+38 1956 1971 1986 1967 1947 1901 1865 1845 1840 1860 1789 1697 1614 1526 1601 1569 1491 1379 1413 1479 1591 1636 1505 1381 1376 1320 1379 1414 1389 1322 1256 1318 1454 1509 1381 1399 1189 1014 904 862 834 829 803 777 759 755 742 719 695 675 661 662 662 699 758 766 802 819 854 898
-3.4e+38 -3.4e+38 -3.4e+38 -3.4e+38 -3.4e+38 -3.4e+38 -3.4e+38 -3.4e+38 -3.4e+38 -3.4e+38 -3.4e+38 -3.4e+38 -3.4e+38 -3.4e+38 -3.4e+38 -3.4e+38 -3.4e+38 -3.4e+38 -3.4e+38 -3.4e+38 -3.4e+38 -3.4e+38 -3.4e+38 1963 2001 2020 1983 1925 1869 1842 1844 1842 1741 1732 1692 1577 1676 1653 1441 1401 1450 1447 1523 1497 1361 1319 1353 1302 1298 1370 1448 1308 1378 1590 1750 1684 1526 1320 1044 941 891 850 829 800 761 747 727 704 683 663 644 626 619 624 639 695 756 786 825 870 961
-3.4e+38 -3.4e+38 -3.4e+38 -3.4e+38 -3.4e+38 -3.4e+38 -3.4e+38 -3.4e+38 -3.4e+38 -3.4e+38 -3.4e+38 -3.4e+38 -3.4e+38 -3.4e+38 -3.4e+38 -3.4e+38 -3.4e+38 -3.4e+38 -3.4e+38 -3.4e+38 -3.4e+38 -3.4e+38 -3.4e+38 -3.4e+38 1966 1964 2007 2009 1929 1863 1834 1830 1787 1678 1624 1679 1705 1674 1577 1437 1504 1539 1516 1456 1355 1292 1320 1375 1319 1330 1457 1495 1532 1567 1621 1396 1362 1439 1455 1138 909 851 822 793 750 709 690 675 655 635 615 599 596 602 614 633 703 778 828 895 958
-3.4e+38 -3.4e+38 -3.4e+38 -3.4e+38 -3.4e+38 -3.4e+38 -3.4e+38 -3.4e+38 -3.4e+38 -3.4e+38 -3.4e+38 -3.4e+38 -3.4e+38 -3.4e+38 -3.4e+38 -3.4e+38 -3.4e+38 -3.4e+38 -3.4e+38 -3.4e+38 -3.4e+38 -3.4e+38 -3.4e+38 -3.4e+38 -3.4e+38 -3.4e+38 1941 1949 1964 1905 1868 1836 1777 1765 1636 1697 1711 1715 1599 1524 1426 1395 1414 1426 1382 1332 1287 1392 1410 1428 1519 1596 1672 1608 1658 1539 1390 1224 1221 1177 1092 898 847 776 732 689 659 645 636 619 603 590 584 591 599 611 634 712 779 825 875
-3.4e+38 -3.4e+38 -3.4e+38 -3.4e+38 -3.4e+38 -3.4e+38 -3.4e+38 -3.4e+38 -3.4e+38 -3.4e+38 -3.4e+38 -3.4e+38 -3.4e+38 -3.4e+38 -3.4e+38 -3.4e+38 -3.4e+38 -3.4e+38 -3.4e+38 -3.4e+38 -3.4e+38 -3.4e+38 -3.4e+38 -3.4e+38 -3.4e+38 -3.4e+38 -3.4e+38 -3.4e+38 1909 1945 1888 1867 1840 1784 1722 1697 1679 1674 1641 1564 1504 1398 1404 1502 1416 1352 1297 1300 1374 1503 1523 1561 1580 1723 1757 1592 1619 1590 1470 1411 1413 1074 822 759 725 685 653 640 619 604 591 583 579 581 589 604 624 660 732 786 859
-3.4e+38 -3.4e+38 -3.4e+38 -3.4e+38 -3.4e+38 -3.4e+38 -3.4e+38 -3.4e+38 -3.4e+38 -3.4e+38 -3.4e+38 -3.4e+38 -3.4e+38 -3.4e+38 -3.4e+38 -3.4e+38 -3.4e+38 -3.4e+38 -3.4e+38 -3.4e+38 -3.4e+38 -3.4e+38 -3.4e+38 -3.4e+38 -3.4e+38 -3.4e+38 -3.4e+38 -3.4e+38 1856 1950 1920 1883 1858 1821 1799 1749 1736 1685 1650 1588 1536 1422 1387 1524 1469 1387 1297 1222 1336 1425 1613 1440 1556 1659 1787 1776 1682 1828 1632 1578 1426 1175 897 750 693 672 644 629 610 593 583 574 573 578 585 594 615 637 671 762 854
-3.4e+38 -3.4e+38 -3.4e+38 -3.4e+38 -3.4e+38 -3.4e+38 -3.4e+38 -3.4e+38 -3.4e+38 -3.4e+38 -3.4e+38 -3.4e+38 -3.4e+38 -3.4e+38 -3.4e+38 -3.4e+38 -3.4e+38 -3.4e+38 -3.4e+38 -3.4e+38 -3.4e+38 -3.4e+38 -3.4e+38 -3.4e+38 -3.4e+38 -3.4e+38 -3.4e+38 -3.4e+38 -3.4e+38 1899 1896 1902 1865 1842 1799 1778 1740 1702 1675 1628 1553 1545 1437 1358 1391 1286 1293 1278 1250 1474 1602 1412 1335 1506 1744 1757 1517 1504 1438 1613 1557 1234 938 750 685 650 637 621 604 589 580 570 570 574 583 589 605 624 646 686 812
-3.4e+38 -3.4e+38 -3.4e+38 -3.4e+38 -3.4e+38 -3.4e+38 -3.4e+38 -3.4e+38 -3.4e+38 -3.4e+38 -3.4e+38 -3.4e+38 -3.4e+38 -3.4e+38 -3.4e+38 -3.4e+38 -3.4e+38 -3.4e+38 -3.4e+38 -3.4e+38 -3.4e+38 -3.4e+38 -3.4e+38 -3.4e+38 -3.4e+38 -3.4e+38 -3.4e+38 -3.4e+38 -3.4e+38 -3.4e+38 1770 1872 1874 1855 1822 1780 1748 1721 1686 1659 1626 1498 1415 1346 1293 1257 1351 1341 1370 1377 1544 1725 1608 1247 1353 1597 1444 1291 1543 1674 1650 1263 991 734 665 629 608 592 580 575 568 566 567 571 579 584 595 611 630 649 715
-3.4e+38 -3.4e+38 -3.4e+38 -3.4e+38 -3.4e+38 -3.4e+38 -3.4e+38 -3.4e+38 -3.4e+38 -3.4e+38 -3.4e+38 -3.4e+38 -3.4e+38 -3.4e+38 -3.4e+38 -3.4e+38 -3.4e+38 -3.4e+38 -3.4e+38 -3.4e+38 -3.4e+38 -3.4e+38 -3.4e+38 -3.4e+38 -3.4e+38 -3.4e+38 -3.4e+38 -3.4e+38 -3.4e+38 -3.4e+38 -3.4e+38 1792 1820 1826 1817 1783 1744 1732 1720 1669 1632 1539 1418 1356 1481 1423 1385 1347 1336 1375 1342 1437 1416 1172 1450 1672 1455 1269 1416 1349 1352 1281 966 696 634 614 599 586 577 568 561 563 563 566 575 576 585 603 617 635 670
-3.4e+38 -3.4e+38 -3.4e+38 -3.4e+38 -3.4e+38 -3.4e+38 -3.4e+38 -3.4e+38 -3.4e+38 -3.4e+38 -3.4e+38 -3.4e+38 -3.4e+38 -3.4e+38 -3.4e+38 -3.4e+38 -3.4e+38 -3.4e+38 -3.4e+38 -3.4e+38 -3.4e+38 -3.4e+38 -3.4e+38 -3.4e+38 -3.4e+38 -3.4e+38 -3.4e+38 -3.4e+38 -3.4e+38 -3.4e+38 -3.4e+38 -3.4e+38 1759 1731 1727 1767 1728 1691 1667 1604 1618 1630 1539 1326 1362 1502 1324 1220 1188 1142 1105 1267 1123 1370 1685 1694 1479 1346 1324 1249 1149 975 718 652 630 634 598 583 571 564 561 559 559 563 568 572 581 593 609 626 647
-3.4e+38 -3.4e+38 -3.4e+38 -3.4e+38 -3.4e+38 -3.4e+38 -3.4e+38 -3.4e+38 -3.4e+38 -3.4e+38 -3.4e+38 -3.4e+38 -3.4e+38 -3.4e+38 -3.4e+38 -3.4e+38 -3.4e+38 -3.4e+38 -3.4e+38 -3.4e+38 -3.4e+38 -3.4e+38 -3.4e+38 -3.4e+38 -3.4e+38 -3.4e+38 -3.4e+38 -3.4e+38 -3.4e+38 -3.4e+38 -3.4e+38 -3.4e+38 -3.4e+38 1666 1740 1742 1711 1673 1637 1608 1546 1565 1609 1412 1296 1463 1324 1127 1066 1061 1045 1112 1068 1229 1367 1568 1352 1267 1305 1494 1430 1259 891 664 594 594 582 569 557 552 550 552 558 559 564 567 575 587 600 613 634
-3.4e+38 -3.4e+38 -3.4e+38 -3.4e+38 -3.4e+38 -3.4e+38 -3.4e+38 -3.4e+38 -3.4e+38 -3.4e+38 -3.4e+38 -3.4e+38 -3.4e+38 -3.4e+38 -3.4e+38 -3.4e+38 -3.4e+38 -3.4e+38 -3.4e+38 -3.4e+38 -3.4e+38 -3.4e+38 -3.4e+38 -3.4e+38 -3.4e+38 -3.4e+38 -3.4e+38 -3.4e+38 -3.4e+38 -3.4e+38 -3.4e+38 -3.4e+38 -3.4e+38 1472 1655 1722 1695 1679 1625 1615 1530 1507 1500 1415 1294 1370 1383 1146 1059 1047 1065 1250 1368 1178 1168 1443 1667 1466 1168 1061 1090 1370 1122 803 602 583 578 569 554 549 544 543 549 556 559 564 572 579 589 603 619
-3.4e+38 -3.4e+38 -3.4e+38 -3.4e+38 -3.4e+38 -3.4e+38 -3.4e+38 -3.4e+38 -3.4e+38 -3.4e+38 -3.4e+38 -3.4e+38 -3.4e+38 -3.4e+38 -3.4e+38 -3.4e+38 -3.4e+38 -3.4e+38 -3.4e+38 -3.4e+38 -3.4e+38 -3.4e+38 -3.4e+38 -3.4e+38 -3.4e+38 -3.4e+38 -3.4e+38 -3.4e+38 -3.4e+38 -3.4e+38 -3.4e+38 -3.4e+38 -3.4e+38 -3.4e+38 1509 1611 1678 1660 1613 1642 1577 1455 1457 1496 1371 1257 1297 1234 1101 1098 1104 1187 1398 1596 1436 1192 1659 1799 1595 1210 909 1012 1080 886 627 611 588 557 555 544 535 532 540 549 552 557 564 570 582 594 614
-3.4e+38 -3.4e+38 -3.4e+38 -3.4e+38 -3.4e+38 -3.4e+38 -3.4e+38 -3.4e+38 -3.4e+38 -3.4e+38 -3.4e+38 -3.4e+38 -3.4e+38 -3.4e+38 -3.4e+38 -3.4e+38 -3.4e+38 -3.4e+38 -3.4e+38 -3.4e+38 -3.4e+38 -3.4e+38 -3.4e+38 -3.4e+38 -3.4e+38 -3.4e+38 -3.4e+38 -3.4e+38 -3.4e+38 -3.4e+38 -3.4e+38 -3.4e+38 -3.4e+38 -3.4e+38 1399 1500 1622 1648 1604 1649 1644 1467 1440 1475 1419 1251 1299 1184 1179 1142 1061 1060 1242 1401 1677 1347 1447 1757 1684 1436 1029 905 832 743 582 569 560 574 551 533 523 520 522 533 536 544 551 560 571 584 601
-3.4e+38 -3.4e+38 -3.4e+38 -3.4e+38 -3.4e+38 -3.4e+38 -3.4e+38 -3.4e+38 -3.4e+38 -3.4e+38 -3.4e+38 -3.4e+38 -3.4e+38 -3.4e+38 -3.4e+38 -3.4e+38 -3.4e+38 -3.4e+38 -3.4e+38 -3.4e+38 -3.4e+38 -3.4e+38 -3.4e+38 -3.4e+38 -3.4e+38 -3.4e+38 -3.4e+38 -3.4e+38 -3.4e+38 -3.4e+38 -3.4e+38 -3.4e+38 -3.4e+38 -3.4e+38 -3.4e+38 1351 1456 1536 1581 1564 1588 1490 1427 1431 1435 1297 1360 1456 1351 1222 1115 1104 1237 1395 1677 1515 1363 1646 1649 1436 1338 1157 901 682 577 563 577 550 532 520 511 510 511 517 523 529 537 548 560 575 590
-3.4e+38 -3.4e+38 -3.4e+38 -3.4e+38 -3.4e+38 -3.4e+38 -3.4e+38 -3.4e+38 -3.4e+38 -3.4e+38 -3.4e+38 -3.4e+38 -3.4e+38 -3.4e+38 -3.4e+38 -3.4e+38 -3.4e+38 -3.4e+38 -3.4e+38 -3.4e+38 -3.4e+38 -3.4e+38 -3.4e+38 -3.4e+38 -3.4e+38 -3.4e+38 -3.4e+38 -3.4e+38 -3.4e+38 -3.4e+38 -3.4e+38 -3.4e+38 -3.4e+38 -3.4e+38 -3.4e+38 1355 1390 1405 1389 1467 1473 1512 1461 1395 1328 1288 1240 1374 1484 1261 1182 1034 1111 1374 1750 1819 1583 1352 1567 1566 1541 1232 991 636 565 571 561 534 521 511 499 493 495 501 509 519 526 537 548 562 576
-3.4e+38 -3.4e+38 -3.4e+38 -3.4e+38 -3.4e+38 -3.4e+38 -3.4e+38 -3.4e+38 -3.4e+38 -3.4e+38 -3.4e+38 -3.4e+38 -3.4e+38 -3.4e+38 -3.4e+38 -3.4e+38 -3.4e+38 -3.4e+38 -3.4e+38 -3.4e+38 -3.4e+38 -3.4e+38 -3.4e+38 -3.4e+38 -3.4e+38 -3.4e+38 -3.4e+38 -3.4e+38 -3.4e+38 -3.4e+38 -3.4e+38 -3.4e+38 -3.4e+38 -3.4e+38 -3.4e+38 1201 1253 1306 1318 1362 1418 1511 1487 1383 1335 1352 1333 1242 1339 1413 1438 1298 1160 1127 1527 1717 1469 1378 1489 1343 1376 1356 1062 632 564 567 563 522 506 497 487 480 482 487 498 509 516 524 535 549 557
-3.4e+38 -3.4e+38 -3.4e+38 -3.4e+38 -3.4e+38 -3.4e+38 -3.4e+38 -3.4e+38 -3.4e+38 -3.4e+38 -3.4e+38 -3.4e+38 -3.4e+38 -3.4e+38 -3.4e+38 -3.4e+38 -3.4e+38 -3.4e+38 -3.4e+38 -3.4e+38 -3.4e+38 -3.4e+38 -3.4e+38 -3.4e+38 -3.4e+38 -3.4e+38 -3.4e+38 -3.4e+38 -3.4e+38 -3.4e+38 -3.4e+38 -3.4e+38 -3.4e+38 -3.4e+38 -3.4e+38 1127 1180 1293 1356 1293 1356 1496 1479 1433 1351 1385 1328 1245 1174 1211 1314 1697 1585 1346 1488 1779 1482 1201 1266 1481 1558 1528 1226 716 586 551 557 522 501 482 474 469 470 476 482 490 496 507 520 528 544
-3.4e+38 -3.4e+38 -3.4e+38 -3.4e+38 -3.4e+38 -3.4e+38 -3.4e+38 -3.4e+38 -3.4e+38 -3.4e+38 -3.4e+38 -3.4e+38 -3.4e+38 -3.4e+38 -3.4e+38 -3.4e+38 -3.4e+38 -3.4e+38 -3.4e+38 -3.4e+38 -3.4e+38 -3.4e+38 -3.4e+38 -3.4e+38 -3.4e+38 -3.4e+38 -3.4e+38 -3.4e+38 -3.4e+38 -3.4e+38 -3.4e+38 -3.4e+38 -3.4e+38 -3.4e+38 1112 1171 1183 1210 1252 1308 1296 1290 1342 1435 1358 1292 1319 1261 1171 1184 1140 1310 1652 1401 1090 1243 1258 1110 1310 1495 1632 1204 992 857 606 541 582 545 492 477 472 457 459 461 463 469 475 496 508 518 530
-3.4e+38 -3.4e+38 -3.4e+38 -3.4e+38 -3.4e+38 -3.4e+38 -3.4e+38 -3.4e+38 -3.4e+38 -3.4e+38 -3.4e+38 -3.4e+38 -3.4e+38 -3.4e+38 -3.4e+38 -3.4e+38 -3.4e+38 -3.4e+38 -3.4e+38 -3.4e+38 -3.4e+38 -3.4e+38 -3.4e+38 -3.4e+38 -3.4e+38 -3.4e+38 -3.4e+38 -3.4e+38 -3.4e+38 -3.4e+38 -3.4e+38 -3.4e+38 -3.4e+38 -3.4e+38 1116 1134 1163 1196 1256 1256 1213 1184 1208 1298 1356 1267 1246 1261 1188 1190 1122 1334 1472 1206 1016 938 1058 1065 1426 1640 1559 1583 1008 737 578 543 586 572 500 473 465 448 448 450 455 458 465 482 494 507 515
-3.4e+38 -3.4e+38 -3.4e+38 -3.4e+38 -3.4e+38 -3.4e+38 -3.4e+38 -3.4e+38 -3.4e+38 -3.4e+38 -3.4e+38 -3.4e+38 -3.4e+38 -3.4e+38 -3.4e+38 -3.4e+38 -3.4e+38 -3.4e+38 -3.4e+38 -3.4e+38 -3.4e+38 -3.4e+38 -3.4e+38 -3.4e+38 -3.4e+38 -3.4e+38 -3.4e+38 -3.4e+38 -3.4e+38 -3.4e+38 -3.4e+38 -3.4e+38 -3.4e+38 -3.4e+38 1129 1184 1199 1188 1219 1313 1273 1295 1282 1342 1336 1266 1232 1291 1235 1186 1148 1115 1201 1129 1059 972 967 1145 1608 1860 1710 1223 923 768 555 544 590 595 496 472 470 445 439 445 445 449 452 468 478 489 503
-3.4e+38 -3.4e+38 -3.4e+38 -3.4e+38 -3.4e+38 -3.4e+38 -3.4e+38 -3.4e+38 -3.4e+38 -3.4e+38 -3.4e+38 -3.4e+38 -3.4e+38 -3.4e+38 -3.4e+38 -3.4e+38 -3.4e+38 -3.4e+38 -3.4e+38 -3.4e+38 -3.4e+38 -3.4e+38 -3.4e+38 -3.4e+38 -3.4e+38 -3.4e+38 -3.4e+38 -3.4e+38 -3.4e+38 -3.4e+38 -3.4e+38 -3.4e+38 -3.4e+38 -3.4e+38 1145 1186 1238 1197 1173 1171 1178 1238 1279 1349 1338 1318 1268 1306 1140 1124 1017 1012 1149 1212 1245 1084 979 1016 1277 1603 1646 1104 777 697 621 536 613 579 496 469 462 444 436 439 435 440 444 456 465 474 489
-3.4e+38 -3.4e+38 -3.4e+38 -3.4e+38 -3.4e+38 -3.4e+38 -3.4e+38 -3.4e+38 -3.4e+38 -3.4e+38 -3.4e+38 -3.4e+38 -3.4e+38 -3.4e+38 -3.4e+38 -3.4e+38 -3.4e+38 -3.4e+38 -3.4e+38 -3.4e+38 -3.4e+38 -3.4e+38 -3.4e+38 -3.4e+38 -3.4e+38 -3.4e+38 -3.4e+38 -3.4e+38 -3.4e+38 -3.4e+38 -3.4e+38 -3.4e+38 -3.4e+38 -3.4e+38 1120 1175 1168 1118 1122 1132 1140 1155 1179 1229 1290 1299 1218 1288 1084 1089 1032 935 1007 1187 1340 1282 1121 995 1118 1396 1493 1254 1105 1088 782 564 580 596 527 464 456 441 436 431 426 428 431 444 450 460 478
-3.4e+38 -3.4e+38 -3.4e+38 -3.4e+38 -3.4e+38 -3.4e+38 -3.4e+38 -3.4e+38 -3.4e+38 -3.4e+38 -3.4e+38 -3.4e+38 -3.4e+38 -3.4e+38 -3.4e+38 -3.4e+38 -3.4e+38 -3.4e+38 -3.4e+38 -3.4e+38 -3.4e+38 -3.4e+38 -3.4e+38 -3.4e+38 -3.4e+38 -3.4e+38 -3.4e+38 -3.4e+38 -3.4e+38 -3.4e+38 -3.4e+38 -3.4e+38 -3.4e+38 -3.4e+38 1117 1164 1171 1138 1136 1111 1185 1163 1196 1251 1249 1306 1234 1121 1027 1001 1059 942 924 1098 1061 1128 1225 1201 1087 1279 1653 1399 1072 870 845 636 583 706 564 486 464 439 432 428 417 419 424 429 438 454 469
-3.4e+38 -3.4e+38 -3.4e+38 -3.4e+38 -3.4e+38 -3.4e+38 -3.4e+38 -3.4e+38 -3.4e+38 -3.4e+38 -3.4e+38 -3.4e+38 -3.4e+38 -3.4e+38 -3.4e+38 -3.4e+38 -3.4e+38 -3.4e+38 -3.4e+38 -3.4e+38 -3.4e+38 -3.4e+38 -3.4e+38 -3.4e+38 -3.4e+38 -3.4e+38 -3.4e+38 -3.4e+38 -3.4e+38 -3.4e+38 -3.4e+38 -3.4e+38 -3.4e+38 -3.4e+38 -3.4e+38 1125 1145 1168 1172 1137 1154 1176 1177 1175 1235 1259 1262 1150 1039 991 1032 1026 1011 1063 1142 950 1083 1275 1245 1011 1097 1413 1187 1039 1037 776 644 675 583 512 459 439 434 426 418 414 412 418 429 445 467
-3.4e+38 -3.4e+38 -3.4e+38 -3.4e+38 -3.4e+38 -3.4e+38 -3.4e+38 -3.4e+38 -3.4e+38 -3.4e+38 -3.4e+38 -3.4e+38 -3.4e+38 -3.4e+38 -3.4e+38 -3.4e+38 -3.4e+38 -3.4e+38 -3.4e+38 -3.4e+38 -3.4e+38 -3.4e+38 -3.4e+38 -3.4e+38 -3.4e+38 -3.4e+38 -3.4e+38 -3.4e+38 -3.4e+38 -3.4e+38 -3.4e+38 -3.4e+38 -3.4e+38 -3.4e+38 -3.4e+38 1114 1159 1137 1139 1143 1127 1161 1181 1212 1227 1292 1207 1162 1026 981 1026 1191 1158 1014 905 900 828 1015 1299 1295 976 919 1000 898 985 763 712 638 582 562 466 441 433 426 419 412 408 414 423 436 453
-3.4e+38 -3.4e+38 -3.4e+38 -3.4e+38 -3.4e+38 -3.4e+38 -3.4e+38 -3.4e+38 -3.4e+38 -3.4e+38 -3.4e+38 -3.4e+38 -3.4e+38 -3.4e+38 -3.4e+38 -3.4e+38 -3.4e+38 -3.4e+38 -3.4e+38 -3.4e+38 -3.4e+38 -3.4e+38 -3.4e+38 -3.4e+38 -3.4e+38 -3.4e+38 -3.4e+38 -3.4e+38 -3.4e+38 -3.4e+38 -3.4e+38 -3.4e+38 -3.4e+38 -3.4e+38 -3.4e+38 -3.4e+38 1170 1232 1164 1110 1078 1125 1133 1169 1225 1286 1351 1210 1085 978 1006 1191 1255 1104 941 857 793 885 1142 1354 1076 1169 998 923 709 776 854 615 584 533 484 446 437 429 424 418 409 412 422 433 445
-3.4e+38 -3.4e+38 -3.4e+38 -3.4e+38 -3.4e+38 -3.4e+38 -3.4e+38 -3.4e+38 -3.4e+38 -3.4e+38 -3.4e+38 -3.4e+38 -3.4e+38 -3.4e+38 -3.4e+38 -3.4e+38 -3.4e+38 -3.4e+38 -3.4e+38 -3.4e+38 -3.4e+38 -3.4e+38 -3.4e+38 -3.4e+38 -3.4e+38 -3.4e+38 -3.4e+38 -3.4e+38 -3.4e+38 -3.4e+38 -3.4e+38 -3.4e+38 -3.4e+38 -3.4e+38 -3.4e+38 -3.4e+38 1075 1170 1280 1244 1176 1082 1069 1223 1249 1275 1327 1170 1093 977 987 1163 1148 1065 929 861 794 759 797 1059 946 847 907 864 764 764 1016 653 599 550 527 462 451 439 429 423 418 419 424 435 442
-3.4e+38 -3.4e+38 -3.4e+38 -3.4e+38 -3.4e+38 -3.4e+38 -3.4e+38 -3.4e+38 -3.4e+38 -3.4e+38 -3.4e+38 -3.4e+38 -3.4e+38 -3.4e+38 -3.4e+38 -3.4e+38 -3.4e+38 -3.4e+38 -3.4e+38 -3.4e+38 -3.4e+38 -3.4e+38 -3.4e+38 -3.4e+38 -3.4e+38 -3.4e+38 -3.4e+38 -3.4e+38 -3.4e+38 -3.4e+38 -3.4e+38 -3.4e+38 -3.4e+38 -3.4e+38 -3.4e+38 -3.4e+38 -3.4e+38 1170 1241 1269 1318 1244 1094 1049 1146 1197 1253 1263 1151 1062 961 1157 1252 1133 938 844 793 768 744 850 959 794 757 691 693 747 941 750 647 640 655 496 486 460 438 431 426 422 426 434 443
-3.4e+38 -3.4e+38 -3.4e+38 -3.4e+38 -3.4e+38 -3.4e+38 -3.4e+38 -3.4e+38 -3.4e+38 -3.4e+38 -3.4e+38 -3.4e+38 -3.4e+38 -3.4e+38 -3.4e+38 -3.4e+38 -3.4e+38 -3.4e+38 -3.4e+38 -3.4e+38 -3.4e+38 -3.4e+38 -3.4e+38 -3.4e+38 -3.4e+38 -3.4e+38 -3.4e+38 -3.4e+38 -3.4e+38 -3.4e+38 -3.4e+38 -3.4e+38 -3.4e+38 -3.4e+38 -3.4e+38 -3.4e+38 -3.4e+38 1113 1269 1271 1237 1333 1153 1146 1075 1097 1204 1217 1153 1084 986 977 1160 1170 991 881 808 790 773 753 758 739 758 764 659 717 805 767 715 660 765 534 528 504 467 447 437 429 430 433 442
-3.4e+38 -3.4e+38 -3.4e+38 -3.4e+38 -3.4e+38 -3.4e+38 -3.4e+38 -3.4e+38 -3.4e+38 -3.4e+38 -3.4e+38 -3.4e+38 -3.4e+38 -3.4e+38 -3.4e+38 -3.4e+38 -3.4e+38 -3.4e+38 -3.4e+38 -3.4e+38 -3.4e+38 -3.4e+38 -3.4e+38 -3.4e+38 -3.4e+38 -3.4e+38 -3.4e+38 -3.4e+38 -3.4e+38 -3.4e+38 -3.4e+38 -3.4e+38 -3.4e+38 -3.4e+38 -3.4e+38 -3.4e+38 1040 1055 1209 1279 1263 1242 1306 1171 1153 1088 1172 1288 1146 1086 975 926 931 1029 1090 957 853 830 874 1125 761 725 733 725 718 671 655 729 733 672 795 584 567 561 504 468 453 441 434 435 439
-3.4e+38 -3.4e+38 -3.4e+38 -3.4e+38 -3.4e+38 -3.4e+38 -3.4e+38 -3.4e+38 -3.4e+38 -3.4e+38 -3.4e+38 -3.4e+38 -3.4e+38 -3.4e+38 -3.4e+38 -3.4e+38 -3.4e+38 -3.4e+38 -3.4e+38 -3.4e+38 -3.4e+38 -3.4e+38 -3.4e+38 -3.4e+38 -3.4e+38 -3.4e+38 -3.4e+38 -3.4e+38 -3.4e+38 -3.4e+38 -3.4e+38 -3.4e+38 -3.4e+38 -3.4e+38 -3.4e+38 -3.4e+38 1049 1061 1107 1202 1302 1279 1201 1234 1189 1182 1139 1246 1313 1266 1116 983 941 989 1118 1020 918 895 936 949 886 806 734 721 748 916 920 794 694 658 812 691 623 607 549 500 472 456 446 443 443
-3.4e+38 -3.4e+38 -3.4e+38 -3.4e+38 -3.4e+38 -3.4e+38 -3.4e+38 -3.4e+38 -3.4e+38 -3.4e+38 -3.4e+38 -3.4e+38 -3.4e+38 -3.4e+38 -3.4e+38 -3.4e+38 -3.4e+38 -3.4e+38 -3.4e+38 -3.4e+38 -3.4e+38 -3.4e+38 -3.4e+38 -3.4e+38 -3.4e+38 -3.4e+38 -3.4e+38 -3.4e+38 -3.4e+38 -3.4e+38 -3.4e+38 -3.4e+38 -3.4e+38 -3.4e+38 -3.4e+38 -3.4e+38 -3.4e+38 1068 1133 1130 1302 1217 1144 1180 1203 1182 1182 1104 1115 1095 1085 1027 965 1059 1147 1136 1094 1006 1093 1137 1098 983 853 743 785 877 999 1019 888 823 753 726 572 699 615 529 485 470 452 445 444
-3.4e+38 -3.4e+38 -3.4e+38 -3.4e+38 -3.4e+38 -3.4e+38 -3.4e+38 -3.4e+38 -3.4e+38 -3.4e+38 -3.4e+38 -3.4e+38 -3.4e+38 -3.4e+38 -3.4e+38 -3.4e+38 -3.4e+38 -3.4e+38 -3.4e+38 -3.4e+38 -3.4e+38 -3.4e+38 -3.4e+38 -3.4e+38 -3.4e+38 -3.4e+38 -3.4e+38 -3.4e+38 -3.4e+38 -3.4e+38 -3.4e+38 -3.4e+38 -3.4e+38 -3.4e+38 -3.4e+38 -3.4e+38 -3.4e+38 -3.4e+38 1061 1161 1137 1217 1194 1205 1134 1207 1237 1208 1114 1098 1055 1072 1009 1004 1137 1116 1139 1159 1182 1124 1197 1079 933 865 863 797 868 890 926 835 901 921 589 615 693 558 503 485 468 452 450
-3.4e+38 -3.4e+38 -3.4e+38 -3.4e+38 -3.4e+38 -3.4e+38 -3.4e+38 -3.4e+38 -3.4e+38 -3.4e+38 -3.4e+38 -3.4e+38 -3.4e+38 -3.4e+38 -3.4e+38 -3.4e+38 -3.4e+38 -3.4e+38 -3.4e+38 -3.4e+38 -3.4e+38 -3.4e+38 -3.4e+38 -3.4e+38 -3.4e+38 -3.4e+38 -3.4e+38 -3.4e+38 -3.4e+38 -3.4e+38 -3.4e+38 -3.4e+38 -3.4e+38 -3.4e+38 -3.4e+38 -3.4e+38 -3.4e+38 -3.4e+38 -3.4e+38 1078 1131 1111 1089 1151 1126 1116 1177 1247 1139 1067 1053 1051 1035 964 994 1001 1010 1053 1118 1286 1310 1217 990 898 875 865 810 813 787 813 793 883 718 533 702 609 509 493 485 470 460
-3.4e+38 -3.4e+38 -3.4e+38 -3.4e+38 -3.4e+38 -3.4e+38 -3.4e+38 -3.4e+38 -3.4e+38 -3.4e+38 -3.4e+38 -3.4e+38 -3.4e+38 -3.4e+38 -3.4e+38 -3.4e+38 -3.4e+38 -3.4e+38 -3.4e+38 -3.4e+38 -3.4e+38 -3.4e+38 -3.4e+38 -3.4e+38 -3.4e+38 -3.4e+38 -3.4e+38 -3.4e+38 -3.4e+38 -3.4e+38 -3.4e+38 -3.4e+38 -3.4e+38 -3.4e+38 -3.4e+38 -3.4e+38 -3.4e+38 -3.4e+38 -3.4e+38 -3.4e+38 1020 1042 1060 1101 1081 1111 1099 1194 1188 1146 1088 1024 1026 999 980 1013 1044 1121 1174 1198 1212 1040 1002 991 930 884 843 777 810 908 784 784 841 577 565 665 514 493 493 493 482
