model/data/bioclim/bclim6.asc
NCOLS 300 
NROWS 300 
XLLCORNER -125.250000000003 
YLLCORNER 30.7499999999996 
CELLSIZE 0.041666666666667 
NODATA_value -32768 
[rows 156 to 194 of 300, columns 178 to 266 of 300]
4 4 3 -5 -19 -34 -36 -46 -49 -58 -43 -25 -1 17 19 20 20 15 4 -11 -14 -20 -32 -30 -24 -19 -15 -14 -13 -14 -14 -15 -15 -15 -14 -14 -19 -21 -21 -25 -20 -18 -14 -13 -14 -17 -23 -28 -28 -33 -26 -20 -19 -19 -36 -31 -25 -26 -30 -36 -33 -40 -52 -60 -65 -52 -36 -27 -17 -9 -12 -9 -3 -3 2 4 5 7 4 2 2 4 4 5 5 6 8 5 1
3 4 3 1 -6 -30 -33 -42 -43 -51 -44 -27 -4 15 19 21 22 22 15 7 3 -2 -23 -36 -29 -19 -14 -12 -12 -11 -12 -13 -12 -12 -12 -12 -14 -15 -14 -15 -15 -15 -16 -21 -22 -26 -32 -31 -26 -24 -20 -18 -18 -21 -33 -24 -23 -27 -34 -35 -33 -44 -63 -82 -68 -52 -39 -30 -19 -8 -16 -17 -9 -3 2 6 8 9 9 8 8 7 7 8 10 11 4 -2 -6
-23 -10 -6 -3 -5 -21 -35 -45 -45 -39 -43 -24 -3 9 18 22 23 23 22 18 14 15 5 -13 -23 -20 -14 -12 -13 -10 -10 -10 -11 -11 -11 -12 -13 -14 -15 -19 -19 -13 -10 -11 -19 -32 -33 -31 -27 -21 -18 -18 -19 -22 -25 -21 -21 -23 -35 -34 -39 -52 -74 -82 -68 -56 -42 -26 -15 -12 -18 -16 -7 -1 5 8 10 11 12 12 13 11 10 11 14 9 1 -9 -21
-63 -43 -44 -35 -20 -22 -42 -55 -51 -44 -36 -21 -8 6 19 21 21 22 23 25 26 24 18 8 -6 -17 -17 -14 -13 -9 -9 -9 -10 -10 -10 -11 -11 -11 -12 -15 -17 -13 -10 -9 -14 -18 -18 -19 -21 -20 -18 -18 -19 -20 -21 -20 -20 -23 -29 -32 -42 -64 -76 -68 -60 -55 -45 -27 -14 -10 -15 -11 -1 3 7 10 12 9 11 14 16 15 13 14 15 9 1 -7 -33
-72 -57 -52 -55 -49 -38 -45 -60 -60 -50 -38 -26 -15 1 11 10 -4 -14 6 23 29 29 28 20 6 -12 -25 -24 -18 -8 -8 -8 -9 -9 -9 -10 -10 -10 -10 -10 -11 -11 -12 -17 -22 -20 -19 -18 -18 -18 -19 -20 -20 -20 -20 -20 -20 -23 -25 -30 -45 -72 -68 -52 -50 -50 -47 -34 -12 -6 -8 -3 1 5 9 11 12 8 11 16 18 18 16 17 15 8 8 0 -20
-55 -68 -59 -52 -50 -55 -52 -50 -53 -45 -33 -31 -26 -7 -1 -10 -38 -40 -16 13 30 31 31 23 5 -15 -24 -32 -30 -11 -8 -8 -8 -8 -8 -9 -9 -10 -10 -10 -11 -12 -17 -28 -34 -30 -27 -25 -23 -24 -25 -27 -24 -23 -21 -20 -20 -21 -22 -25 -37 -61 -54 -41 -43 -49 -45 -25 -10 -6 0 3 5 8 11 13 12 7 15 18 20 21 20 19 17 15 10 5 -2
-38 -55 -57 -50 -46 -45 -45 -26 -20 -23 -32 -42 -38 -22 -13 -20 -39 -43 -23 0 25 31 32 26 9 -12 -23 -32 -35 -21 -7 -7 -8 -8 -8 -8 -9 -10 -10 -11 -12 -13 -18 -33 -52 -43 -39 -35 -34 -32 -33 -32 -32 -30 -26 -23 -22 -20 -20 -21 -28 -43 -35 -34 -43 -48 -32 -17 -8 -3 4 6 7 10 12 13 11 10 16 20 21 22 22 22 20 18 12 9 5
-30 -51 -59 -46 -43 -41 -37 -21 -7 -3 -13 -45 -53 -35 -30 -30 -43 -42 -17 5 19 29 32 28 16 4 -12 -25 -25 -27 -11 -8 -7 -8 -7 -8 -10 -12 -12 -12 -14 -16 -19 -26 -44 -60 -61 -51 -58 -44 -42 -41 -40 -43 -34 -28 -24 -20 -19 -19 -20 -23 -26 -31 -34 -37 -25 -15 -6 0 5 7 7 9 11 12 9 7 15 20 22 23 23 23 22 19 15 12 10
-29 -41 -53 -43 -38 -36 -33 -20 -1 1 0 -16 -36 -42 -54 -43 -39 -42 -25 -7 14 30 32 31 12 6 0 -11 -23 -34 -22 -13 -9 -7 -7 -8 -9 -11 -16 -16 -17 -21 -19 -21 -28 -46 -65 -60 -64 -67 -57 -55 -53 -49 -41 -35 -27 -21 -18 -17 -17 -17 -22 -36 -31 -21 -22 -16 -4 2 5 5 6 9 9 7 -4 0 7 13 16 24 25 25 23 16 9 5 3
-31 -33 -36 -38 -39 -37 -30 -16 -4 0 1 -6 -19 -38 -53 -51 -40 -42 -43 -26 1 25 32 31 20 -5 -6 -8 -16 -18 -22 -18 -15 -7 -7 -8 -9 -11 -13 -18 -19 -20 -21 -20 -23 -31 -51 -62 -56 -71 -81 -75 -67 -59 -54 -42 -32 -23 -19 -17 -13 -11 -10 -11 -11 -10 -8 -7 -2 2 4 3 6 7 2 3 6 14 18 13 22 26 26 25 22 7 2 -11 -1
-40 -35 -34 -39 -40 -39 -28 -20 -18 -3 1 -1 -12 -31 -44 -39 -41 -52 -38 -25 -2 18 30 32 28 3 -24 -15 -22 -18 -13 -12 -10 -7 -6 -8 -12 -15 -16 -18 -20 -23 -21 -22 -23 -24 -36 -52 -49 -65 -81 -83 -87 -70 -64 -46 -31 -24 -21 -17 -13 -8 -6 -5 -3 -2 -1 0 2 4 5 5 5 4 -6 -4 12 18 22 23 26 27 27 25 20 7 1 -10 -5
-53 -45 -39 -40 -41 -34 -27 -28 -34 -13 -3 1 -3 -17 -27 -31 -39 -59 -61 -41 -9 16 29 32 31 18 -24 -20 -20 -22 -14 -11 -9 -7 -7 -7 -12 -21 -20 -17 -21 -21 -21 -23 -24 -24 -27 -35 -43 -59 -78 -95 -75 -66 -51 -39 -33 -28 -27 -16 -10 -6 -4 -3 -1 0 0 3 5 7 9 10 11 10 4 3 15 22 24 25 25 24 27 26 18 7 -2 -10 -19
-56 -52 -56 -47 -39 -32 -27 -33 -42 -20 -5 0 -1 -6 -16 -37 -47 -63 -65 -40 -12 11 26 31 31 21 -27 -26 -21 -23 -19 -16 -12 -8 -7 -8 -12 -20 -22 -18 -20 -21 -22 -24 -26 -25 -26 -34 -39 -47 -65 -81 -84 -70 -53 -43 -44 -41 -28 -17 -8 -4 -2 -1 0 0 1 4 6 9 12 15 16 16 18 19 22 21 23 18 22 26 29 26 20 9 -3 -16 -13
-49 -53 -59 -53 -42 -36 -28 -33 -46 -19 -6 0 3 1 -4 -24 -49 -73 -60 -30 -13 10 26 31 31 24 -16 -29 -30 -24 -22 -22 -16 -12 -9 -8 -9 -17 -24 -21 -19 -21 -22 -25 -27 -26 -25 -27 -30 -37 -49 -49 -63 -54 -57 -51 -41 -34 -22 -14 -7 -3 0 1 1 1 3 5 7 12 16 18 19 21 23 24 21 23 24 24 27 29 29 27 20 7 -1 -11 4
-40 -43 -49 -49 -42 -39 -30 -36 -56 -29 -8 1 6 8 8 -13 -49 -69 -66 -36 -17 7 22 30 31 27 4 -20 -38 -31 -24 -26 -22 -16 -14 -12 -6 -13 -22 -23 -21 -20 -22 -24 -25 -25 -24 -24 -24 -28 -30 -38 -45 -50 -45 -44 -25 -20 -15 -11 -6 -2 1 3 4 5 7 9 11 14 19 21 22 24 26 27 28 28 25 30 30 30 30 29 23 1 -1 6 15
-30 -32 -33 -38 -42 -40 -37 -42 -58 -33 -12 -1 6 9 9 -11 -37 -58 -64 -36 -15 3 17 28 30 30 15 -22 -35 -34 -24 -24 -22 -18 -23 -14 -6 -10 -20 -19 -26 -22 -21 -21 -23 -23 -23 -22 -23 -22 -23 -29 -38 -37 -38 -46 -26 -18 -20 -8 -2 1 4 6 7 8 10 12 15 17 19 22 25 26 28 28 23 24 22 30 30 30 30 30 29 24 18 19 24
-25 -21 -21 -31 -37 -41 -43 -41 -51 -39 -13 -3 3 8 9 -3 -30 -52 -65 -36 -20 -4 14 27 30 29 18 -13 -23 -29 -20 -17 -15 -18 -20 -15 -5 -10 -21 -14 -19 -26 -22 -20 -20 -20 -21 -21 -21 -20 -20 -22 -26 -27 -32 -38 -32 -15 -15 -8 -3 2 5 8 10 11 13 15 17 18 19 21 26 27 28 23 15 16 23 29 31 31 30 29 29 29 26 17 23
-21 -16 -17 -24 -31 -35 -41 -40 -39 -32 -16 -4 2 7 9 -8 -35 -48 -54 -41 -25 -10 10 25 29 30 2 -28 -24 -25 -21 -16 -13 -13 -16 -14 -5 -3 -15 -10 -13 -24 -28 -19 -18 -18 -18 -19 -18 -18 -18 -19 -21 -23 -28 -34 -34 -16 -11 -6 -1 2 6 10 12 13 15 15 19 21 20 17 26 28 29 27 14 3 23 29 31 30 29 29 29 29 27 23 25
-22 -12 -10 -15 -22 -27 -39 -42 -36 -30 -17 -7 -1 7 10 -6 -35 -46 -36 -23 -17 -12 1 15 24 29 26 1 -16 -20 -16 -19 -16 -12 -9 -8 -7 -1 -6 -11 -10 -19 -29 -20 -17 -16 -16 -16 -16 -16 -16 -16 -18 -21 -35 -45 -40 -22 -13 -6 -3 3 7 10 13 13 11 10 17 21 22 24 27 27 31 29 21 4 20 29 31 28 27 26 25 25 19 21 21
-17 -8 -6 -8 -10 -14 -31 -39 -37 -30 -22 -9 -7 3 10 1 -29 -31 -18 -15 -8 -5 1 10 20 26 28 24 6 -1 -2 -4 -10 -16 -10 -3 -5 2 2 -5 -7 -14 -24 -19 -17 -16 -14 -13 -14 -14 -13 -13 -15 -18 -26 -41 -41 -23 -15 -7 -5 -1 4 9 12 11 2 11 21 22 26 27 28 28 31 31 29 15 24 29 30 24 23 22 19 18 11 18 14
-9 -8 -7 -7 -8 -10 -23 -33 -36 -25 -14 -7 -4 -6 7 7 -18 -27 -19 -21 -12 -12 -5 3 12 19 21 26 25 17 8 0 -6 -15 -14 -2 1 4 5 2 -2 -8 -16 -13 -15 -17 -15 -13 -12 -11 -10 -9 -13 -18 -22 -33 -25 -17 -22 -12 -7 -1 4 5 6 8 -1 14 24 26 28 28 29 28 30 33 33 24 26 29 28 23 20 15 11 9 11 16 7
-8 -7 -7 -7 -6 -7 -12 -16 -23 -25 -10 -3 -1 -5 -9 7 -2 -12 -17 -16 -11 -12 -2 7 9 6 0 11 21 26 24 6 -5 -12 -16 -3 3 4 5 3 -1 -13 -13 -10 -13 -16 -18 -16 -15 -11 -7 -5 -5 -8 -14 -24 -18 -11 -18 -11 -2 3 3 4 6 3 7 22 26 27 28 29 28 25 32 35 34 31 28 29 27 22 16 8 0 2 5 13 10
-6 -6 -5 -5 -5 -5 -7 -10 -17 -14 -5 0 1 -3 -14 -3 5 -8 -12 -8 -3 -1 4 4 0 -10 -9 -2 8 22 28 23 8 2 -10 -2 -1 -1 5 3 -2 -7 -7 -8 -14 -25 -22 -20 -17 -12 -5 -3 -1 -1 -6 -14 -19 -9 -3 0 4 8 9 9 6 6 19 26 27 28 26 26 26 25 33 33 32 31 27 28 27 22 15 6 -3 -9 -3 8 11
-6 -6 -6 -5 -5 -4 -5 -7 -8 -6 -2 2 2 1 -5 -13 1 -1 -1 0 2 3 1 -4 -4 -10 -6 1 3 13 25 27 20 15 10 5 4 4 6 6 -3 -8 -6 -10 -22 -33 -29 -20 -13 -9 -5 -1 0 1 1 -4 -16 -10 2 6 6 9 11 6 9 18 25 27 28 26 21 19 22 31 34 35 31 29 24 25 27 23 16 7 -2 -9 -3 5 10
-6 -6 -5 -5 -4 -4 -4 -4 -4 -4 1 2 3 3 -1 -17 -4 4 0 0 0 -1 -10 -6 -1 -2 1 6 1 7 21 26 25 23 18 9 14 14 14 11 4 0 -2 -6 -17 -33 -37 -22 -12 -12 -11 -6 1 4 4 0 -15 -7 5 9 8 7 9 6 7 19 23 26 27 25 13 11 20 32 36 37 33 27 20 23 26 24 19 10 3 -5 -1 5 8
-7 -6 -6 -5 -4 -3 -3 -2 -2 -1 2 3 3 4 2 -7 -7 2 -3 -13 -7 -5 -8 -3 -2 0 3 -1 -3 6 20 25 26 26 24 22 22 20 18 15 12 8 4 -1 -5 -15 -14 -11 -9 -11 -14 -14 -6 4 6 5 -4 -9 8 12 10 4 3 -4 -2 12 18 23 25 21 5 5 22 32 37 39 35 31 26 21 25 23 18 8 3 -3 1 7 8
-6 -6 -5 -4 -3 -3 -2 0 0 0 2 3 4 5 -2 -15 -14 -2 2 -4 -12 -14 -18 -11 -6 -5 -3 -1 1 10 17 19 19 22 25 24 23 21 21 19 16 11 10 5 2 -1 -2 -2 -5 -5 -6 -9 -15 -2 1 0 -4 -1 10 13 10 -4 -6 -19 -10 5 8 16 22 21 15 7 19 31 37 40 38 34 27 18 21 23 20 11 3 3 4 1 4
-5 -4 -4 -3 -2 -2 -1 -1 0 0 2 3 3 2 -11 -15 -7 0 2 -1 -5 -10 -14 -12 -12 -5 0 4 3 2 5 7 9 10 14 14 17 18 22 21 18 15 12 8 4 0 -4 -2 -3 -2 -1 -4 -7 -13 -18 -10 3 10 14 12 8 -9 -11 -28 -20 -2 1 7 17 21 19 11 14 33 37 40 40 35 27 10 12 20 21 17 12 7 -4 -9 2
-2 -2 -1 0 0 0 0 0 0 1 2 2 1 1 0 -1 1 3 4 3 1 -2 -7 -8 -6 -2 2 3 3 0 -4 -5 -4 -5 -12 -8 -1 11 19 22 21 17 12 7 3 -1 -6 -3 -5 -3 0 -2 -11 -22 -25 -5 6 13 16 14 10 0 -6 -26 -18 -5 -2 3 11 18 18 15 20 32 37 41 40 35 25 3 6 17 20 18 14 8 -4 -16 0
0 0 1 2 2 2 1 1 1 2 2 1 1 2 2 2 2 1 0 0 0 -6 -16 -13 -12 -11 -9 -3 -4 -9 -13 -13 -14 -17 -24 -26 -25 -3 14 22 23 15 7 2 1 -2 -5 -5 -3 -1 0 -2 -15 -35 -30 -8 6 13 17 18 16 8 2 -15 -12 -4 2 7 10 14 15 17 28 33 39 42 41 37 30 14 10 16 19 17 13 8 -6 -27 -6
1 2 3 1 5 4 3 2 2 2 2 2 2 1 1 -2 1 0 -5 -3 -2 -4 -8 -10 -7 -5 -9 -12 -12 -11 -11 -11 -8 -11 -12 -17 -22 -10 10 21 23 19 14 5 -1 -5 -8 -9 -6 -1 0 -1 -6 -14 -19 -16 -1 10 17 19 19 16 11 1 -6 -7 5 12 15 16 15 21 30 36 40 42 42 39 34 18 12 15 17 17 12 4 -8 -22 -11
-3 3 3 4 5 6 2 -1 3 3 3 2 0 0 -2 -7 -8 -7 -10 -5 -4 -3 -5 -5 -5 -3 -4 -4 -7 -18 -14 -9 -6 -5 -4 -4 -4 1 12 23 24 20 14 8 2 -6 -5 -7 -8 -3 -1 0 -1 -6 -20 -19 -14 3 18 21 20 18 13 4 -5 -5 6 14 18 20 20 20 30 36 40 43 44 42 37 26 13 14 16 15 12 5 -3 -13 -22
1 1 2 4 7 7 5 4 4 1 3 2 0 -3 -11 -7 -5 -9 -15 -9 -7 -4 -3 -6 -6 -5 -4 -2 -3 -5 -4 -3 0 -1 0 3 5 11 18 24 23 22 16 8 2 2 4 0 -5 -4 -1 0 -1 -3 -10 -17 -11 8 18 21 20 18 9 2 -5 0 9 16 20 24 25 26 29 33 39 42 44 43 39 33 24 14 13 11 11 9 5 -2 -22
2 2 4 4 5 4 4 5 4 4 3 0 -4 -3 -9 -8 -2 -2 -3 -4 -7 -5 -1 -4 -12 -12 -5 -1 1 3 4 6 7 7 8 9 9 13 22 25 24 25 23 18 13 12 9 4 0 -6 -2 -2 -2 -4 -9 -16 0 13 18 19 16 12 1 -6 -4 3 8 19 24 27 28 29 28 28 34 39 42 44 41 36 29 16 8 4 7 9 9 4 -7
2 4 3 4 8 7 6 4 4 4 3 0 -4 -4 -5 -9 -1 0 0 -1 -3 -3 -2 -7 -4 -4 -1 0 4 5 1 1 6 9 9 12 13 15 15 20 22 26 26 23 20 18 15 10 3 -4 -2 -2 -5 -11 -12 -9 6 13 15 14 11 4 -1 0 2 1 6 17 27 30 31 31 27 23 25 33 37 44 42 37 30 18 4 9 13 13 12 8 -2
3 4 5 6 6 6 5 5 4 4 4 2 -2 -2 -3 -7 -1 0 0 0 0 -1 -4 -6 -8 -1 0 4 6 4 -3 9 15 16 14 14 13 13 7 7 16 25 27 26 24 22 20 15 10 3 2 1 -5 -13 -11 -1 7 9 4 -6 -18 -9 0 5 8 9 12 15 28 32 33 31 26 17 13 25 34 43 43 38 31 18 3 14 17 16 14 11 4
2 3 4 4 5 5 5 5 4 4 3 1 0 0 0 -1 0 0 0 0 -1 -2 -4 -10 -9 -4 0 5 8 8 10 15 18 19 19 12 11 9 7 16 19 27 29 28 26 25 22 19 13 9 6 1 -1 -2 1 6 7 1 -9 -13 -15 -5 4 9 12 14 16 13 30 34 34 32 26 18 19 29 37 43 44 40 32 22 10 16 19 18 17 15 9
1 2 2 3 3 4 4 4 2 1 4 3 1 1 1 0 -1 0 -2 0 -4 -6 -2 -3 -4 1 0 3 9 10 12 15 17 18 22 22 16 8 11 21 24 28 30 29 28 26 22 19 16 13 9 4 6 11 14 15 12 -1 -11 -6 -2 2 8 13 16 18 19 17 30 36 36 34 30 26 29 34 40 44 46 41 35 27 16 15 19 20 19 17 13
0 0 1 2 2 3 3 3 3 3 4 5 4 3 -3 -1 1 0 -2 -2 -4 -5 1 3 5 9 7 6 7 6 7 11 15 19 23 25 25 22 20 24 23 28 30 31 30 28 21 17 16 14 13 14 17 21 22 20 13 -3 -3 -1 4 8 11 16 18 21 22 22 30 36 37 36 33 30 32 37 44 47 46 42 37 30 20 12 19 21 21 19 16
