model/data/bioclim/bclim19.asc
NCOLS 300 
NROWS 300 
XLLCORNER -125.25 
YLLCORNER 30.75 
CELLSIZE 0.0416666666666667 
NODATA_value -3.4e+38 
[rows 148 to 184 of 300, columns 168 to 251 of 300]
69 81 154 163 148 148 112 93 70 73 55 54 38 36 37 59 43 35 33 33 37 37 38 38 44 55 65 53 46 42 41 40 39 41 41 41 41 41 44 48 52 59 68 68 60 55 53 54 59 56 53 50 48 47 51 54 56 54 54 57 62 65 65 72 71 57 57 52 49 50 41 41 40 47 71 58 44 41 40 48 50 48 46 55
72 79 137 167 160 183 132 100 76 70 64 70 50 42 49 62 59 36 34 34 33 33 37 40 51 72 83 64 53 46 43 42 41 41 45 41 40 42 47 48 50 53 62 64 60 56 53 57 64 60 54 51 49 49 50 52 55 55 59 59 65 65 61 62 66 51 47 56 53 47 40 38 36 40 68 70 45 39 38 41 42 45 60 58
71 78 142 176 186 183 136 81 60 59 64 66 69 53 53 84 76 40 36 36 34 33 33 40 60 77 90 71 57 50 48 46 44 46 49 44 40 42 45 48 53 53 54 57 60 56 63 63 66 56 56 53 50 47 50 51 54 54 61 64 62 56 51 56 63 52 43 46 57 46 38 35 34 40 71 78 47 39 37 39 40 48 64 55
72 67 110 152 182 177 137 72 48 47 50 62 75 44 53 103 74 43 42 47 36 33 32 34 45 67 82 84 71 57 53 50 47 49 45 42 41 43 45 46 50 57 61 60 54 55 68 68 69 58 53 58 53 48 51 54 50 53 60 63 59 52 46 48 64 53 42 40 52 57 43 40 37 41 62 79 49 40 38 38 39 51 55 52
71 65 81 122 158 151 89 54 48 48 45 49 53 41 60 102 98 51 79 82 43 34 32 32 35 45 62 62 71 62 49 45 44 42 40 39 44 48 50 45 46 51 57 51 50 55 59 57 62 58 55 54 51 50 51 51 49 53 65 65 61 53 44 45 62 52 43 41 49 58 55 58 51 45 58 83 52 43 39 38 39 51 53 51
75 66 66 83 131 154 95 53 53 52 48 45 44 42 56 72 81 61 81 85 57 39 33 30 30 33 41 45 48 63 51 44 41 40 39 39 45 56 51 44 44 48 53 50 47 51 53 52 56 60 59 55 52 50 47 45 46 49 56 58 64 60 44 43 65 53 44 40 52 67 67 66 60 52 63 90 58 46 40 38 37 46 50 49
84 67 62 62 97 178 152 77 55 53 51 48 47 54 63 49 55 56 87 98 73 41 34 30 29 29 34 43 51 52 55 48 43 41 39 39 39 44 50 43 44 46 50 50 47 47 48 50 53 56 58 55 54 51 47 42 44 50 51 56 65 60 44 38 62 53 44 40 47 61 60 76 68 63 74 96 61 46 41 38 38 41 43 45
103 74 65 62 74 171 171 105 56 52 50 48 47 46 53 44 49 53 82 89 66 39 35 31 28 27 27 34 37 47 47 47 47 42 40 39 40 40 43 42 43 44 47 47 45 46 49 51 55 63 61 57 54 51 48 48 53 58 58 58 58 51 40 40 49 52 47 44 48 52 53 67 73 76 88 88 60 49 43 38 39 38 39 41
127 87 70 64 65 138 190 154 82 54 48 45 47 46 44 49 47 59 63 80 54 40 35 29 26 27 26 28 31 36 36 39 49 47 44 41 40 40 40 41 41 43 44 45 45 46 52 55 55 58 56 55 54 55 54 54 56 59 58 61 53 43 37 37 60 52 44 45 51 58 55 64 83 98 104 84 62 52 44 40 43 43 41 41
156 105 79 69 66 92 182 185 120 64 53 49 47 46 44 50 45 57 56 70 57 42 36 32 29 27 26 25 30 31 32 33 44 53 49 43 40 40 40 40 40 42 42 43 45 45 48 51 52 55 55 57 58 58 59 60 63 61 58 54 49 42 36 44 58 45 41 46 58 59 57 73 103 134 110 86 70 57 47 40 49 50 46 44
193 133 104 88 67 67 115 201 160 120 61 52 50 47 46 46 52 65 63 54 59 42 36 33 31 28 26 25 26 28 31 28 31 38 46 43 41 40 42 39 39 41 41 42 42 45 48 51 54 58 58 56 56 56 58 64 65 62 57 50 46 42 40 45 48 39 39 41 59 58 66 86 122 137 112 94 74 55 44 45 52 51 44 42
234 165 123 94 71 67 81 154 175 171 141 76 80 66 49 47 65 90 81 64 53 42 38 35 32 30 28 28 27 27 27 28 28 31 38 43 43 42 42 40 39 41 41 42 42 45 45 45 49 55 58 58 55 57 57 58 55 55 56 52 45 40 40 43 41 34 34 41 53 57 73 108 129 114 100 94 79 57 44 43 51 48 42 40
304 218 145 103 79 69 66 77 115 140 172 123 101 106 94 65 76 110 105 80 58 47 41 36 35 34 38 41 34 28 25 25 27 28 32 41 52 52 47 39 39 39 40 41 40 42 44 44 43 46 49 51 57 60 61 59 57 54 52 49 49 47 44 42 38 32 35 41 46 56 80 122 113 88 88 87 85 68 45 42 45 44 41 40
362 298 221 137 89 70 68 64 68 86 130 163 130 105 96 106 95 89 94 73 54 52 48 39 37 39 63 65 43 32 25 23 24 28 34 44 52 59 58 42 39 38 39 39 40 40 41 41 41 43 46 49 59 64 70 65 63 60 57 55 56 57 53 47 42 36 34 37 41 48 68 105 93 76 80 89 82 58 45 43 40 39 39 40
336 290 278 219 116 71 67 66 65 64 83 130 132 103 89 84 83 52 46 49 57 71 67 47 42 46 67 70 49 36 28 26 23 27 34 42 52 61 66 52 39 36 37 39 39 37 40 38 38 40 46 50 59 69 89 78 74 70 67 65 65 63 61 59 53 45 41 34 33 39 54 78 67 66 80 89 67 51 43 42 38 37 39 40
294 299 287 219 131 78 70 66 63 62 71 125 143 100 88 82 69 50 43 40 45 81 98 62 58 56 75 73 46 35 32 28 24 25 31 35 45 55 55 58 44 40 37 38 39 37 41 46 44 44 47 53 58 63 80 101 103 89 100 80 76 75 74 77 65 56 48 37 31 33 41 48 56 65 70 76 60 51 45 41 38 39 41 41
291 287 292 243 158 83 71 68 65 67 75 99 131 97 82 75 66 51 43 41 40 48 68 79 103 78 70 74 55 41 33 28 25 25 31 34 37 43 56 67 55 46 42 40 41 37 37 42 52 50 52 59 55 58 64 84 112 105 110 119 99 97 93 86 75 67 53 41 34 31 36 40 51 73 67 54 58 53 43 40 40 42 43 44
282 276 284 260 188 87 74 69 69 79 82 81 87 90 88 83 64 49 45 42 40 42 49 74 103 98 74 79 81 56 38 29 25 26 30 40 41 43 48 51 54 52 48 40 39 39 41 42 45 52 52 55 54 52 58 67 91 109 97 125 147 136 120 106 98 77 63 49 40 36 35 34 35 40 43 43 44 45 43 41 42 47 45 47
290 276 272 268 164 84 75 72 84 115 118 94 85 96 96 91 64 54 55 43 40 41 45 65 86 76 81 104 76 58 39 32 28 25 27 37 57 48 55 51 46 45 43 40 39 39 43 47 46 49 52 57 51 46 51 57 73 95 89 118 149 154 165 129 116 86 63 52 46 40 36 33 32 33 35 37 39 40 40 40 42 45 48 51
306 283 294 293 179 94 79 83 102 149 165 132 109 106 103 82 68 67 77 49 43 42 42 51 61 67 80 121 126 83 45 32 28 23 23 31 58 54 54 57 48 44 43 40 38 37 43 56 52 46 51 48 43 43 49 53 62 70 81 108 145 194 140 123 94 77 66 62 59 42 35 35 34 35 34 35 36 36 36 38 41 43 45 49
295 273 277 281 181 113 87 92 109 155 180 159 165 131 105 81 68 83 100 56 44 42 42 44 51 79 99 137 137 83 48 35 30 25 22 28 63 61 55 58 54 50 46 42 40 41 44 52 55 45 48 45 44 43 47 52 58 71 78 89 122 166 174 133 100 85 87 83 63 47 38 36 37 36 36 36 36 35 41 40 38 39 43 46
296 274 264 269 248 144 94 89 102 121 164 169 182 157 118 98 76 86 117 57 46 42 42 42 44 60 107 167 129 68 48 35 29 26 24 28 51 67 68 60 57 58 49 45 42 42 42 49 59 52 43 45 45 44 45 47 50 59 64 75 95 93 121 104 109 100 83 71 55 44 39 38 38 37 37 36 37 40 43 38 38 37 40 42
298 287 276 264 249 155 99 95 124 123 138 141 156 151 126 109 85 101 147 77 48 42 39 39 39 54 111 156 148 82 54 37 31 27 25 27 36 57 82 70 60 63 57 49 48 45 39 45 55 55 49 44 43 42 44 41 45 51 55 62 65 78 90 96 89 88 61 52 47 43 40 40 40 39 38 38 38 37 39 38 38 37 38 40
295 292 272 249 270 176 97 94 123 114 111 111 109 124 129 121 109 119 161 90 51 45 42 39 39 51 90 137 149 83 53 39 34 28 25 25 33 60 79 78 61 61 57 52 59 48 39 42 51 49 62 50 44 42 42 42 45 48 51 52 55 65 79 78 78 92 64 52 54 43 40 40 42 41 41 40 38 36 38 39 41 40 38 39
286 272 243 256 270 182 99 82 85 96 101 82 81 108 119 129 131 122 145 107 53 45 43 40 40 45 79 124 151 87 60 43 34 28 27 25 31 50 62 70 56 53 48 53 55 48 39 43 54 44 49 61 50 42 41 42 44 47 48 48 50 54 62 64 71 81 72 50 51 44 42 42 41 42 42 41 41 40 40 43 47 46 39 39
288 261 228 228 242 226 119 84 78 81 91 75 74 91 108 114 129 123 116 95 61 46 44 41 40 50 94 120 132 99 69 49 37 30 27 25 40 72 65 65 60 52 48 47 51 48 39 38 47 41 41 59 66 46 38 40 41 43 46 48 48 51 55 58 67 77 78 54 49 46 43 42 42 42 43 43 43 44 44 45 49 52 43 42
251 226 222 230 230 241 166 89 81 89 102 68 58 69 87 97 127 133 113 96 63 50 46 42 39 50 95 118 93 69 60 53 40 33 30 26 27 40 55 59 53 58 52 47 43 42 41 35 38 43 41 52 69 52 44 40 40 42 44 46 48 50 52 56 79 98 88 64 53 47 47 44 43 42 45 46 50 52 49 49 50 50 49 47
266 233 224 260 256 248 204 125 84 93 90 60 52 52 56 66 110 130 119 98 78 51 49 44 40 45 85 89 62 57 47 46 41 36 31 28 26 27 36 40 39 41 46 52 45 38 40 35 34 40 40 46 61 50 46 45 43 43 45 46 46 48 50 55 66 90 93 65 56 50 52 48 46 45 47 49 58 53 49 47 43 45 47 49
277 230 238 258 256 225 194 124 77 73 67 58 51 48 51 57 91 114 121 89 62 49 47 50 42 41 71 83 66 70 54 56 46 40 34 31 30 28 27 30 35 38 44 54 51 39 36 32 31 34 37 43 49 46 47 49 48 46 46 45 46 46 51 57 61 79 68 59 67 57 53 50 49 50 53 53 62 52 46 42 43 46 47 51
252 223 221 249 237 214 172 118 75 65 60 56 51 46 44 50 67 78 91 94 57 46 45 49 57 42 46 56 66 62 54 54 45 37 36 38 42 34 28 26 27 35 44 50 54 41 35 32 32 33 37 47 46 43 46 52 55 52 52 48 42 42 44 49 55 66 60 55 61 57 51 48 51 53 53 56 56 46 42 42 46 49 51 55
263 199 225 195 192 212 172 139 78 58 54 50 46 42 42 43 52 62 80 72 49 45 43 47 66 50 41 52 59 51 46 43 39 39 42 53 51 42 34 27 23 27 35 38 48 40 40 39 34 35 40 43 43 44 52 70 64 60 55 52 44 40 40 43 48 56 63 54 51 49 48 47 48 51 56 57 49 43 42 46 51 52 54 55
238 165 178 148 164 209 156 115 72 53 49 47 44 41 39 39 42 53 61 54 46 43 42 42 50 64 44 45 45 44 42 39 42 46 46 53 48 39 39 32 24 25 28 31 32 34 35 34 34 34 41 46 43 47 67 85 77 61 54 49 47 42 39 42 44 50 61 57 48 47 48 47 48 54 54 50 45 44 46 50 56 59 57 49
186 135 125 122 139 197 191 113 76 52 48 44 39 38 38 37 40 45 47 48 45 42 41 40 46 75 51 42 45 45 42 45 57 48 44 44 41 36 39 35 27 24 25 25 28 33 31 31 30 31 37 39 40 45 60 85 94 66 54 54 54 50 43 38 39 47 61 56 47 45 47 51 52 57 57 51 49 47 47 53 62 65 60 49
132 128 164 210 163 177 186 128 83 55 48 45 40 38 38 40 39 40 41 43 42 41 38 40 44 55 55 43 49 66 53 50 54 47 45 43 40 44 47 38 28 26 25 23 25 26 25 26 26 27 28 32 36 40 45 59 58 54 52 54 57 58 53 43 42 44 54 60 47 43 50 55 58 65 65 57 56 53 51 56 68 69 59 49
146 160 210 234 213 183 140 141 83 56 50 45 42 40 36 39 38 39 41 44 42 40 39 40 51 76 73 49 42 50 64 67 75 60 53 50 47 44 41 35 31 30 29 27 26 26 25 27 24 26 26 30 32 36 38 43 45 46 50 50 51 56 60 51 50 51 55 54 47 43 50 63 67 81 74 63 64 59 56 57 64 70 63 53
130 172 224 225 192 158 132 95 73 58 51 49 46 42 39 41 46 45 44 44 42 40 40 43 73 78 59 45 42 47 53 60 69 64 63 49 43 37 38 41 39 37 36 35 33 33 30 29 25 26 29 30 33 37 40 46 50 49 51 50 50 53 56 60 66 59 51 46 43 49 55 68 72 95 86 69 69 66 61 60 61 68 66 50
135 150 187 188 148 111 93 80 67 62 58 54 51 54 55 56 56 54 43 39 40 41 43 42 46 48 44 41 40 42 44 48 57 57 54 47 41 36 38 44 50 52 49 51 63 57 48 36 30 27 28 31 34 38 43 48 54 52 55 52 49 53 61 76 81 57 50 46 42 49 55 64 70 94 86 75 73 71 66 63 62 67 63 50
